##TITLE= dor_3
##JCAMP-DX= 5.00 Bruker JCAMP library
##DATA TYPE= Shape Data
##ORIGIN= Bruker Analytik GmbH
##OWNER= <nmrsu>
##DATE= 2023-03-09
##TIME= 07:41:48
##MINX= 0
##MAXX= 1
##MINY= 0
##MAXY= 1
##$SHAPE_EXMODE= Gradient
##$SHAPE_TOTROT= 0
##$SHAPE_BWFAC= 0
##$SHAPE_INTEGFAC= 0
##$SHAPE_MODE= 0
##EFFIFACTOR=0.00083277
##DURATION=0.01
##DIRECTIONVEC= 0 0 1
##NPOINTS=1000
##XYDATA= (X Y Z)
0.000000 0.000000 0.000000
0.015095 0.000000 0.030196
0.030147 0.000000 0.060303
0.045109 0.000000 0.090233
0.059940 0.000000 0.119899
0.074594 0.000001 0.149213
0.089030 0.000003 0.178089
0.103205 0.000007 0.206443
0.117076 0.000015 0.234191
0.130605 0.000030 0.261252
0.143750 0.000055 0.287547
0.156474 0.000095 0.312999
0.168739 0.000157 0.337533
0.180509 0.000247 0.361076
0.191749 0.000376 0.383561
0.202427 0.000554 0.404920
0.212511 0.000794 0.425091
0.221972 0.001110 0.444016
0.230781 0.001518 0.461638
0.238913 0.002036 0.477906
0.246343 0.002682 0.492771
0.253050 0.003475 0.506190
0.259014 0.004435 0.518123
0.264216 0.005582 0.528535
0.268641 0.006936 0.537395
0.272275 0.008514 0.544675
0.275106 0.010334 0.550355
0.277124 0.012412 0.554414
0.278322 0.014760 0.556842
0.278797 0.017389 0.557832
0.278840 0.020314 0.557971
0.278719 0.023553 0.557796
0.278496 0.027120 0.557437
0.278157 0.031029 0.556866
0.277697 0.035293 0.556080
0.277113 0.039924 0.555077
0.276399 0.044934 0.553851
0.275552 0.050334 0.552400
0.274564 0.056132 0.550719
0.273431 0.062337 0.548803
0.272145 0.068958 0.546646
0.270698 0.076000 0.544243
0.269084 0.083469 0.541587
0.267292 0.091369 0.538672
0.265314 0.099702 0.535490
0.263140 0.108470 0.532033
0.260759 0.117672 0.528292
0.258159 0.127308 0.524260
0.255329 0.137374 0.519926
0.252255 0.147865 0.515281
0.248925 0.158775 0.510313
0.245325 0.170096 0.505013
0.241441 0.181819 0.499368
0.237257 0.193932 0.493368
0.232759 0.206421 0.486999
0.227930 0.219272 0.480250
0.222755 0.232467 0.473108
0.217218 0.245988 0.465560
0.211302 0.259814 0.457593
0.204991 0.273923 0.449195
0.198270 0.288289 0.440351
0.191121 0.302887 0.431051
0.183530 0.317688 0.421280
0.175480 0.332662 0.411026
0.166958 0.347776 0.400278
0.157949 0.362997 0.389025
0.148439 0.378289 0.377254
0.138417 0.393615 0.364957
0.127871 0.408936 0.352123
0.116791 0.424210 0.338745
0.105168 0.439396 0.324815
0.092995 0.454451 0.310326
0.080267 0.469330 0.295273
0.066979 0.483986 0.279653
0.053130 0.498373 0.263464
0.038720 0.512443 0.246703
0.023752 0.526148 0.229373
0.008228 0.539438 0.211475
-0.007842 0.552265 0.193014
-0.024452 0.564579 0.173996
-0.041588 0.576330 0.154428
-0.059236 0.587470 0.134320
-0.077379 0.597949 0.113684
-0.095999 0.607720 0.092535
-0.115072 0.616736 0.070887
-0.134574 0.624951 0.048758
-0.154478 0.632319 0.026168
-0.174752 0.638799 0.003140
-0.195365 0.644349 -0.020303
-0.216282 0.648930 -0.044135
-0.237464 0.652505 -0.068329
-0.258872 0.655040 -0.092855
-0.280464 0.656504 -0.117681
-0.302196 0.656868 -0.142775
-0.324021 0.656105 -0.168101
-0.345894 0.654195 -0.193626
-0.367763 0.651118 -0.219309
-0.389579 0.646858 -0.245115
-0.411291 0.641405 -0.271002
-0.432846 0.634750 -0.296930
-0.454191 0.626889 -0.322858
-0.475273 0.617822 -0.348744
-0.496038 0.607554 -0.374546
-0.516434 0.596091 -0.400222
-0.536407 0.583446 -0.425728
-0.555905 0.569635 -0.451022
-0.574877 0.554676 -0.476063
-0.593272 0.538595 -0.500808
-0.611042 0.521418 -0.525215
-0.628140 0.503175 -0.549246
-0.644521 0.483902 -0.572860
-0.660140 0.463635 -0.596019
-0.674958 0.442416 -0.618687
-0.688936 0.420288 -0.640827
-0.702038 0.397297 -0.662406
-0.714230 0.373493 -0.683392
-0.725484 0.348925 -0.703754
-0.735772 0.323649 -0.723464
-0.745070 0.297717 -0.742495
-0.753357 0.271186 -0.760824
-0.760617 0.244115 -0.778429
-0.766834 0.216560 -0.795290
-0.772000 0.188581 -0.811389
-0.776105 0.160237 -0.826712
-0.779147 0.131587 -0.841246
-0.781124 0.102691 -0.854981
-0.782040 0.073607 -0.867910
-0.781898 0.044393 -0.880027
-0.780709 0.015106 -0.891330
-0.778483 -0.014198 -0.901817
-0.775234 -0.043466 -0.911492
-0.770980 -0.072643 -0.920358
-0.765740 -0.101680 -0.928421
-0.759535 -0.130528 -0.935690
-0.752390 -0.159140 -0.942175
-0.744328 -0.187471 -0.947889
-0.735378 -0.215480 -0.952846
-0.725569 -0.243127 -0.957062
-0.714930 -0.270376 -0.960554
-0.703493 -0.297193 -0.963342
-0.691289 -0.323546 -0.965446
-0.678352 -0.349406 -0.966887
-0.664715 -0.374750 -0.967689
-0.650410 -0.399553 -0.967875
-0.635473 -0.423795 -0.967469
-0.619935 -0.447460 -0.966498
-0.603830 -0.470533 -0.964987
-0.587191 -0.493003 -0.962962
-0.570049 -0.514861 -0.960450
-0.552422 -0.536115 -0.957473
-0.534298 -0.556808 -0.954039
-0.515657 -0.576975 -0.950148
-0.496503 -0.596618 -0.945798
-0.476852 -0.615720 -0.940991
-0.456721 -0.634266 -0.935729
-0.436126 -0.652242 -0.930015
-0.415085 -0.669632 -0.923853
-0.393615 -0.686424 -0.917244
-0.371735 -0.702603 -0.910192
-0.349462 -0.718158 -0.902700
-0.326816 -0.733075 -0.894773
-0.303816 -0.747342 -0.886413
-0.280482 -0.760950 -0.877625
-0.256833 -0.773886 -0.868413
-0.232888 -0.786142 -0.858782
-0.208670 -0.797707 -0.848736
-0.184197 -0.808573 -0.838280
-0.159491 -0.818732 -0.827419
-0.134573 -0.828176 -0.816159
-0.109465 -0.836897 -0.804504
-0.084186 -0.844890 -0.792461
-0.058760 -0.852149 -0.780035
-0.033208 -0.858669 -0.767233
-0.007552 -0.864445 -0.754059
0.018187 -0.869473 -0.740522
0.043986 -0.873750 -0.726627
0.069824 -0.877274 -0.712381
0.095678 -0.880043 -0.697791
0.121525 -0.882055 -0.682864
0.147345 -0.883310 -0.667607
0.173114 -0.883807 -0.652027
0.198810 -0.883548 -0.636133
0.224412 -0.882534 -0.619931
0.249897 -0.880767 -0.603430
0.275243 -0.878250 -0.586638
0.300429 -0.874985 -0.569562
0.325432 -0.870976 -0.552211
0.350232 -0.866229 -0.534594
0.374806 -0.860749 -0.516718
0.399134 -0.854540 -0.498593
0.423194 -0.847610 -0.480227
0.446966 -0.839966 -0.461628
0.470428 -0.831615 -0.442807
0.493562 -0.822566 -0.423773
0.516345 -0.812827 -0.404533
0.538760 -0.802408 -0.385098
0.560785 -0.791319 -0.365477
0.582402 -0.779571 -0.345679
0.603593 -0.767174 -0.325715
0.624338 -0.754141 -0.305593
0.644619 -0.740484 -0.285324
0.664419 -0.726214 -0.264917
0.683721 -0.711347 -0.244382
0.702506 -0.695895 -0.223728
0.720760 -0.679873 -0.202967
0.738465 -0.663296 -0.182108
0.755606 -0.646179 -0.161161
0.772169 -0.628537 -0.140136
0.788137 -0.610387 -0.119043
0.803498 -0.591746 -0.097893
0.818237 -0.572630 -0.076695
0.832341 -0.553057 -0.055461
0.845799 -0.533044 -0.034199
0.858596 -0.512611 -0.012921
0.870723 -0.491774 0.008363
0.882167 -0.470554 0.029643
0.892920 -0.448969 0.050909
0.902970 -0.427039 0.072150
0.912309 -0.404784 0.093356
0.920928 -0.382223 0.114517
0.928819 -0.359378 0.135623
0.935974 -0.336267 0.156664
0.942387 -0.312913 0.177628
0.948052 -0.289337 0.198507
0.952963 -0.265558 0.219290
0.957115 -0.241599 0.239967
0.960503 -0.217481 0.260529
0.963125 -0.193226 0.280964
0.964978 -0.168855 0.301264
0.966058 -0.144390 0.321418
0.966365 -0.119853 0.341417
0.965896 -0.095265 0.361251
0.964653 -0.070649 0.380911
0.962635 -0.046027 0.400386
0.959842 -0.021420 0.419668
0.956278 0.003149 0.438748
0.951943 0.027659 0.457616
0.946841 0.052088 0.476262
0.940976 0.076415 0.494679
0.934350 0.100617 0.512857
0.926971 0.124673 0.530786
0.918842 0.148563 0.548460
0.909969 0.172264 0.565869
0.900361 0.195755 0.583004
0.890023 0.219016 0.599858
0.878965 0.242027 0.616422
0.867193 0.264766 0.632688
0.854719 0.287215 0.648649
0.841551 0.309352 0.664297
0.827699 0.331158 0.679623
0.813175 0.352614 0.694622
0.797991 0.373701 0.709285
0.782158 0.394400 0.723605
0.765688 0.414694 0.737576
0.748596 0.434563 0.751190
0.730894 0.453992 0.764442
0.712598 0.472961 0.777325
0.693721 0.491455 0.789832
0.674278 0.509457 0.801957
0.654287 0.526952 0.813696
0.633761 0.543924 0.825041
0.612719 0.560357 0.835988
0.591177 0.576238 0.846531
0.569153 0.591553 0.856665
0.546665 0.606287 0.866385
0.523730 0.620429 0.875687
0.500367 0.633965 0.884566
0.476596 0.646883 0.893018
0.452435 0.659172 0.901039
0.427905 0.670822 0.908624
0.403026 0.681822 0.915770
0.377816 0.692162 0.922475
0.352299 0.701833 0.928733
0.326493 0.710827 0.934543
0.300420 0.719136 0.939902
0.274101 0.726752 0.944806
0.247559 0.733669 0.949255
0.220814 0.739881 0.953245
0.193888 0.745382 0.956774
0.166804 0.750167 0.959842
0.139583 0.754232 0.962445
0.112248 0.757574 0.964584
0.084821 0.760189 0.966257
0.057325 0.762075 0.967464
0.029782 0.763231 0.968203
0.002215 0.763656 0.968474
-0.025355 0.763349 0.968278
-0.052903 0.762310 0.967614
-0.080408 0.760541 0.966483
-0.107848 0.758043 0.964884
-0.135199 0.754818 0.962820
-0.162440 0.750868 0.960291
-0.189547 0.746199 0.957298
-0.216500 0.740813 0.953843
-0.243275 0.734715 0.949927
-0.269852 0.727911 0.945552
-0.296208 0.720407 0.940720
-0.322322 0.712209 0.935434
-0.348172 0.703324 0.929697
-0.373738 0.693761 0.923510
-0.398998 0.683528 0.916877
-0.423932 0.672633 0.909802
-0.448519 0.661087 0.902287
-0.472740 0.648900 0.894336
-0.496575 0.636082 0.885953
-0.520005 0.622644 0.877142
-0.543010 0.608599 0.867908
-0.565571 0.593959 0.858255
-0.587671 0.578737 0.848186
-0.609292 0.562946 0.837709
-0.630415 0.546600 0.826826
-0.651025 0.529714 0.815545
-0.671103 0.512302 0.803869
-0.690635 0.494381 0.791805
-0.709604 0.475964 0.779359
-0.727995 0.457070 0.766537
-0.745793 0.437715 0.753344
-0.762984 0.417915 0.739787
-0.779555 0.397688 0.725873
-0.795491 0.377053 0.711608
-0.810780 0.356027 0.697000
-0.825411 0.334629 0.682055
-0.839371 0.312877 0.666781
-0.852650 0.290792 0.651184
-0.865237 0.268393 0.635273
-0.877121 0.245699 0.619055
-0.888295 0.222730 0.602539
-0.898749 0.199508 0.585731
-0.908475 0.176052 0.568640
-0.917466 0.152383 0.551275
-0.925715 0.128523 0.533643
-0.933216 0.104492 0.515754
-0.939962 0.080312 0.497615
-0.945950 0.056004 0.479236
-0.951175 0.031590 0.460626
-0.955633 0.007091 0.441793
-0.959322 -0.017470 0.422747
-0.962238 -0.042073 0.403497
-0.964381 -0.066694 0.384052
-0.965749 -0.091312 0.364421
-0.966342 -0.115906 0.344615
-0.966159 -0.140452 0.324641
-0.965203 -0.164930 0.304511
-0.963475 -0.189318 0.284234
-0.960976 -0.213593 0.263820
-0.957711 -0.237735 0.243278
-0.953681 -0.261721 0.222619
-0.948892 -0.285530 0.201853
-0.943348 -0.309140 0.180988
-0.937054 -0.332532 0.160037
-0.930018 -0.355682 0.139008
-0.922245 -0.378572 0.117912
-0.913742 -0.401180 0.096759
-0.904518 -0.423486 0.075559
-0.894582 -0.445469 0.054323
-0.883942 -0.467111 0.033060
-0.872608 -0.488391 0.011782
-0.860590 -0.509290 -0.009502
-0.847899 -0.529790 -0.030782
-0.834547 -0.549871 -0.052047
-0.820546 -0.569516 -0.073286
-0.805908 -0.588706 -0.094490
-0.790646 -0.607425 -0.115649
-0.774774 -0.625655 -0.136752
-0.758306 -0.643380 -0.157788
-0.741257 -0.660582 -0.178749
-0.723641 -0.677247 -0.199623
-0.705475 -0.693359 -0.220400
-0.686774 -0.708904 -0.241071
-0.667554 -0.723866 -0.261626
-0.647833 -0.738232 -0.282055
-0.627627 -0.751989 -0.302347
-0.606956 -0.765123 -0.322493
-0.585836 -0.777623 -0.342483
-0.564286 -0.789476 -0.362308
-0.542324 -0.800672 -0.381958
-0.519971 -0.811199 -0.401424
-0.497246 -0.821048 -0.420695
-0.474167 -0.830208 -0.439764
-0.450756 -0.838672 -0.458620
-0.427033 -0.846430 -0.477254
-0.403017 -0.853475 -0.495658
-0.378731 -0.859800 -0.513823
-0.354195 -0.865398 -0.531739
-0.329430 -0.870263 -0.549399
-0.304458 -0.874391 -0.566793
-0.279300 -0.877775 -0.583914
-0.253978 -0.880413 -0.600752
-0.228514 -0.882301 -0.617301
-0.202930 -0.883436 -0.633551
-0.177247 -0.883817 -0.649495
-0.151488 -0.883441 -0.665126
-0.125675 -0.882307 -0.680435
-0.099831 -0.880417 -0.695415
-0.073977 -0.877770 -0.710060
-0.048135 -0.874367 -0.724362
-0.022328 -0.870211 -0.738314
0.003422 -0.865303 -0.751909
0.029093 -0.859647 -0.765141
0.054664 -0.853247 -0.778004
0.080111 -0.846106 -0.790491
0.105415 -0.838231 -0.802596
0.130552 -0.829626 -0.814313
0.155502 -0.820298 -0.825637
0.180243 -0.810253 -0.836563
0.204755 -0.799500 -0.847084
0.229016 -0.788047 -0.857196
0.253005 -0.775901 -0.866894
0.276704 -0.763073 -0.876174
0.300090 -0.749573 -0.885030
0.323145 -0.735411 -0.893459
0.345849 -0.720597 -0.901456
0.368183 -0.705145 -0.909018
0.390127 -0.689065 -0.916141
0.411664 -0.672370 -0.922821
0.432776 -0.655075 -0.929056
0.453444 -0.637192 -0.934842
0.473650 -0.618737 -0.940176
0.493379 -0.599723 -0.945056
0.512614 -0.580166 -0.949480
0.531338 -0.560082 -0.953445
0.549536 -0.539487 -0.956950
0.567193 -0.518398 -0.959993
0.584294 -0.496832 -0.962572
0.600824 -0.474806 -0.964686
0.616771 -0.452338 -0.966334
0.632121 -0.429446 -0.967515
0.646860 -0.406150 -0.968229
0.660978 -0.382468 -0.968475
0.674463 -0.358420 -0.968254
0.687303 -0.334025 -0.967565
0.699488 -0.309303 -0.966409
0.711008 -0.284275 -0.964786
0.721854 -0.258961 -0.962697
0.732018 -0.233381 -0.960143
0.741490 -0.207558 -0.957125
0.750265 -0.181512 -0.953645
0.758334 -0.155265 -0.949704
0.765691 -0.128837 -0.945305
0.772332 -0.102252 -0.940449
0.778250 -0.075532 -0.935139
0.783442 -0.048697 -0.929377
0.787904 -0.021771 -0.923166
0.791632 0.005225 -0.916510
0.794625 0.032268 -0.909410
0.796880 0.059335 -0.901872
0.798396 0.086404 -0.893898
0.799174 0.113454 -0.885492
0.799212 0.140460 -0.876659
0.798511 0.167401 -0.867402
0.797074 0.194255 -0.857726
0.794902 0.220999 -0.847636
0.791998 0.247611 -0.837136
0.788365 0.274068 -0.826232
0.784007 0.300349 -0.814930
0.778929 0.326433 -0.803233
0.773135 0.352296 -0.791149
0.766633 0.377918 -0.778682
0.759428 0.403278 -0.765839
0.751528 0.428354 -0.752627
0.742940 0.453125 -0.739051
0.733672 0.477570 -0.725118
0.723734 0.501670 -0.710835
0.713134 0.525404 -0.696208
0.701884 0.548753 -0.681245
0.689993 0.571696 -0.665953
0.677472 0.594215 -0.650340
0.664334 0.616291 -0.634412
0.650591 0.637905 -0.618178
0.636255 0.659040 -0.601646
0.621340 0.679678 -0.584823
0.605860 0.699801 -0.567717
0.589829 0.719393 -0.550337
0.573261 0.738437 -0.532692
0.556173 0.756918 -0.514789
0.538579 0.774819 -0.496637
0.520495 0.792127 -0.478246
0.501940 0.808826 -0.459623
0.482928 0.824902 -0.440779
0.463479 0.840343 -0.421722
0.443609 0.855134 -0.402461
0.423337 0.869265 -0.383005
0.402680 0.882722 -0.363365
0.381659 0.895496 -0.343549
0.360292 0.907574 -0.323567
0.338598 0.918947 -0.303429
0.316598 0.929605 -0.283145
0.294311 0.939540 -0.262723
0.271757 0.948743 -0.242175
0.248957 0.957207 -0.221510
0.225932 0.964923 -0.200738
0.202702 0.971887 -0.179869
0.179288 0.978092 -0.158913
0.155713 0.983532 -0.137880
0.131996 0.988204 -0.116780
0.108160 0.992103 -0.095625
0.084226 0.995226 -0.074423
0.060216 0.997571 -0.053185
0.036151 0.999135 -0.031921
0.012054 0.999918 -0.010642
-0.012054 0.999918 0.010642
-0.036151 0.999135 0.031921
-0.060216 0.997571 0.053185
-0.084226 0.995226 0.074423
-0.108160 0.992103 0.095625
-0.131996 0.988204 0.116780
-0.155713 0.983532 0.137880
-0.179288 0.978092 0.158913
-0.202702 0.971887 0.179869
-0.225932 0.964923 0.200738
-0.248957 0.957207 0.221510
-0.271757 0.948743 0.242175
-0.294311 0.939540 0.262723
-0.316598 0.929605 0.283145
-0.338598 0.918947 0.303429
-0.360292 0.907574 0.323567
-0.381659 0.895496 0.343549
-0.402680 0.882722 0.363365
-0.423337 0.869265 0.383005
-0.443609 0.855134 0.402461
-0.463479 0.840343 0.421722
-0.482928 0.824902 0.440779
-0.501940 0.808826 0.459623
-0.520495 0.792127 0.478246
-0.538579 0.774819 0.496637
-0.556173 0.756918 0.514789
-0.573261 0.738437 0.532692
-0.589829 0.719393 0.550337
-0.605860 0.699801 0.567717
-0.621340 0.679678 0.584823
-0.636255 0.659040 0.601646
-0.650591 0.637905 0.618178
-0.664334 0.616291 0.634412
-0.677472 0.594215 0.650340
-0.689993 0.571696 0.665953
-0.701884 0.548753 0.681245
-0.713134 0.525404 0.696208
-0.723734 0.501670 0.710835
-0.733672 0.477570 0.725118
-0.742940 0.453125 0.739051
-0.751528 0.428354 0.752627
-0.759428 0.403278 0.765839
-0.766633 0.377918 0.778682
-0.773135 0.352296 0.791149
-0.778929 0.326433 0.803233
-0.784007 0.300349 0.814930
-0.788365 0.274068 0.826232
-0.791998 0.247611 0.837136
-0.794902 0.220999 0.847636
-0.797074 0.194255 0.857726
-0.798511 0.167401 0.867402
-0.799212 0.140460 0.876659
-0.799174 0.113454 0.885492
-0.798396 0.086404 0.893898
-0.796880 0.059335 0.901872
-0.794625 0.032268 0.909410
-0.791632 0.005225 0.916510
-0.787904 -0.021771 0.923166
-0.783442 -0.048697 0.929377
-0.778250 -0.075532 0.935139
-0.772332 -0.102252 0.940449
-0.765691 -0.128837 0.945305
-0.758334 -0.155265 0.949704
-0.750265 -0.181512 0.953645
-0.741490 -0.207558 0.957125
-0.732018 -0.233381 0.960143
-0.721854 -0.258961 0.962697
-0.711008 -0.284275 0.964786
-0.699488 -0.309303 0.966409
-0.687303 -0.334025 0.967565
-0.674463 -0.358420 0.968254
-0.660978 -0.382468 0.968475
-0.646860 -0.406150 0.968229
-0.632121 -0.429446 0.967515
-0.616771 -0.452338 0.966334
-0.600824 -0.474806 0.964686
-0.584294 -0.496832 0.962572
-0.567193 -0.518398 0.959993
-0.549536 -0.539487 0.956950
-0.531338 -0.560082 0.953445
-0.512614 -0.580166 0.949480
-0.493379 -0.599723 0.945056
-0.473650 -0.618737 0.940176
-0.453444 -0.637192 0.934842
-0.432776 -0.655075 0.929056
-0.411664 -0.672370 0.922821
-0.390127 -0.689065 0.916141
-0.368183 -0.705145 0.909018
-0.345849 -0.720597 0.901456
-0.323145 -0.735411 0.893459
-0.300090 -0.749573 0.885030
-0.276704 -0.763073 0.876174
-0.253005 -0.775901 0.866894
-0.229016 -0.788047 0.857196
-0.204755 -0.799500 0.847084
-0.180243 -0.810253 0.836563
-0.155502 -0.820298 0.825637
-0.130552 -0.829626 0.814313
-0.105415 -0.838231 0.802596
-0.080111 -0.846106 0.790491
-0.054664 -0.853247 0.778004
-0.029093 -0.859647 0.765141
-0.003422 -0.865303 0.751909
0.022328 -0.870211 0.738314
0.048135 -0.874367 0.724362
0.073977 -0.877770 0.710060
0.099831 -0.880417 0.695415
0.125675 -0.882307 0.680435
0.151488 -0.883441 0.665126
0.177247 -0.883817 0.649495
0.202930 -0.883436 0.633551
0.228514 -0.882301 0.617301
0.253978 -0.880413 0.600752
0.279300 -0.877775 0.583914
0.304458 -0.874391 0.566793
0.329430 -0.870263 0.549399
0.354195 -0.865398 0.531739
0.378731 -0.859800 0.513823
0.403017 -0.853475 0.495658
0.427033 -0.846430 0.477254
0.450756 -0.838672 0.458620
0.474167 -0.830208 0.439764
0.497246 -0.821048 0.420695
0.519971 -0.811199 0.401424
0.542324 -0.800672 0.381958
0.564286 -0.789476 0.362308
0.585836 -0.777623 0.342483
0.606956 -0.765123 0.322493
0.627627 -0.751989 0.302347
0.647833 -0.738232 0.282055
0.667554 -0.723866 0.261626
0.686774 -0.708904 0.241071
0.705475 -0.693359 0.220400
0.723641 -0.677247 0.199623
0.741257 -0.660582 0.178749
0.758306 -0.643380 0.157788
0.774774 -0.625655 0.136752
0.790646 -0.607425 0.115649
0.805908 -0.588706 0.094490
0.820546 -0.569516 0.073286
0.834547 -0.549871 0.052047
0.847899 -0.529790 0.030782
0.860590 -0.509290 0.009502
0.872608 -0.488391 -0.011782
0.883942 -0.467111 -0.033060
0.894582 -0.445469 -0.054323
0.904518 -0.423486 -0.075559
0.913742 -0.401180 -0.096759
0.922245 -0.378572 -0.117912
0.930018 -0.355682 -0.139008
0.937054 -0.332532 -0.160037
0.943348 -0.309140 -0.180988
0.948892 -0.285530 -0.201853
0.953681 -0.261721 -0.222619
0.957711 -0.237735 -0.243278
0.960976 -0.213593 -0.263820
0.963475 -0.189318 -0.284234
0.965203 -0.164930 -0.304511
0.966159 -0.140452 -0.324641
0.966342 -0.115906 -0.344615
0.965749 -0.091312 -0.364421
0.964381 -0.066694 -0.384052
0.962238 -0.042073 -0.403497
0.959322 -0.017470 -0.422747
0.955633 0.007091 -0.441793
0.951175 0.031590 -0.460626
0.945950 0.056004 -0.479236
0.939962 0.080312 -0.497615
0.933216 0.104492 -0.515754
0.925715 0.128523 -0.533643
0.917466 0.152383 -0.551275
0.908475 0.176052 -0.568640
0.898749 0.199508 -0.585731
0.888295 0.222730 -0.602539
0.877121 0.245699 -0.619055
0.865237 0.268393 -0.635273
0.852650 0.290792 -0.651184
0.839371 0.312877 -0.666781
0.825411 0.334629 -0.682055
0.810780 0.356027 -0.697000
0.795491 0.377053 -0.711608
0.779555 0.397688 -0.725873
0.762984 0.417915 -0.739787
0.745793 0.437715 -0.753344
0.727995 0.457070 -0.766537
0.709604 0.475964 -0.779359
0.690635 0.494381 -0.791805
0.671103 0.512302 -0.803869
0.651025 0.529714 -0.815545
0.630415 0.546600 -0.826826
0.609292 0.562946 -0.837709
0.587671 0.578737 -0.848186
0.565571 0.593959 -0.858255
0.543010 0.608599 -0.867908
0.520005 0.622644 -0.877142
0.496575 0.636082 -0.885953
0.472740 0.648900 -0.894336
0.448519 0.661087 -0.902287
0.423932 0.672633 -0.909802
0.398998 0.683528 -0.916877
0.373738 0.693761 -0.923510
0.348172 0.703324 -0.929697
0.322322 0.712209 -0.935434
0.296208 0.720407 -0.940720
0.269852 0.727911 -0.945552
0.243275 0.734715 -0.949927
0.216500 0.740813 -0.953843
0.189547 0.746199 -0.957298
0.162440 0.750868 -0.960291
0.135199 0.754818 -0.962820
0.107848 0.758043 -0.964884
0.080408 0.760541 -0.966483
0.052903 0.762310 -0.967614
0.025355 0.763349 -0.968278
-0.002215 0.763656 -0.968474
-0.029782 0.763231 -0.968203
-0.057325 0.762075 -0.967464
-0.084821 0.760189 -0.966257
-0.112248 0.757574 -0.964584
-0.139583 0.754232 -0.962445
-0.166804 0.750167 -0.959842
-0.193888 0.745382 -0.956774
-0.220814 0.739881 -0.953245
-0.247559 0.733669 -0.949255
-0.274101 0.726752 -0.944806
-0.300420 0.719136 -0.939902
-0.326493 0.710827 -0.934543
-0.352299 0.701833 -0.928733
-0.377816 0.692162 -0.922475
-0.403026 0.681822 -0.915770
-0.427905 0.670822 -0.908624
-0.452435 0.659172 -0.901039
-0.476596 0.646883 -0.893018
-0.500367 0.633965 -0.884566
-0.523730 0.620429 -0.875687
-0.546665 0.606287 -0.866385
-0.569153 0.591553 -0.856665
-0.591177 0.576238 -0.846531
-0.612719 0.560357 -0.835988
-0.633761 0.543924 -0.825041
-0.654287 0.526952 -0.813696
-0.674278 0.509457 -0.801957
-0.693721 0.491455 -0.789832
-0.712598 0.472961 -0.777325
-0.730894 0.453992 -0.764442
-0.748596 0.434563 -0.751190
-0.765688 0.414694 -0.737576
-0.782158 0.394400 -0.723605
-0.797991 0.373701 -0.709285
-0.813175 0.352614 -0.694622
-0.827699 0.331158 -0.679623
-0.841551 0.309352 -0.664297
-0.854719 0.287215 -0.648649
-0.867193 0.264766 -0.632688
-0.878965 0.242027 -0.616422
-0.890023 0.219016 -0.599858
-0.900361 0.195755 -0.583004
-0.909969 0.172264 -0.565869
-0.918842 0.148563 -0.548460
-0.926971 0.124673 -0.530786
-0.934350 0.100617 -0.512857
-0.940976 0.076415 -0.494679
-0.946841 0.052088 -0.476262
-0.951943 0.027659 -0.457616
-0.956278 0.003149 -0.438748
-0.959842 -0.021420 -0.419668
-0.962635 -0.046027 -0.400386
-0.964653 -0.070649 -0.380911
-0.965896 -0.095265 -0.361251
-0.966365 -0.119853 -0.341417
-0.966058 -0.144390 -0.321418
-0.964978 -0.168855 -0.301264
-0.963125 -0.193226 -0.280964
-0.960503 -0.217481 -0.260529
-0.957115 -0.241599 -0.239967
-0.952963 -0.265558 -0.219290
-0.948052 -0.289337 -0.198507
-0.942387 -0.312913 -0.177628
-0.935974 -0.336267 -0.156664
-0.928819 -0.359378 -0.135623
-0.920928 -0.382223 -0.114517
-0.912309 -0.404784 -0.093356
-0.902970 -0.427039 -0.072150
-0.892920 -0.448969 -0.050909
-0.882167 -0.470554 -0.029643
-0.870723 -0.491774 -0.008363
-0.858596 -0.512611 0.012921
-0.845799 -0.533044 0.034199
-0.832341 -0.553057 0.055461
-0.818237 -0.572630 0.076695
-0.803498 -0.591746 0.097893
-0.788137 -0.610387 0.119043
-0.772169 -0.628537 0.140136
-0.755606 -0.646179 0.161161
-0.738465 -0.663296 0.182108
-0.720760 -0.679873 0.202967
-0.702506 -0.695895 0.223728
-0.683721 -0.711347 0.244382
-0.664419 -0.726214 0.264917
-0.644619 -0.740484 0.285324
-0.624338 -0.754141 0.305593
-0.603593 -0.767174 0.325715
-0.582402 -0.779571 0.345679
-0.560785 -0.791319 0.365477
-0.538760 -0.802408 0.385098
-0.516345 -0.812827 0.404533
-0.493562 -0.822566 0.423773
-0.470428 -0.831615 0.442807
-0.446966 -0.839966 0.461628
-0.423194 -0.847610 0.480227
-0.399134 -0.854540 0.498593
-0.374806 -0.860749 0.516718
-0.350232 -0.866229 0.534594
-0.325432 -0.870976 0.552211
-0.300429 -0.874985 0.569562
-0.275243 -0.878250 0.586638
-0.249897 -0.880767 0.603430
-0.224412 -0.882534 0.619931
-0.198810 -0.883548 0.636133
-0.173114 -0.883807 0.652027
-0.147345 -0.883310 0.667607
-0.121525 -0.882055 0.682864
-0.095678 -0.880043 0.697791
-0.069824 -0.877274 0.712381
-0.043986 -0.873750 0.726627
-0.018187 -0.869473 0.740522
0.007552 -0.864445 0.754059
0.033208 -0.858669 0.767233
0.058760 -0.852149 0.780035
0.084186 -0.844890 0.792461
0.109465 -0.836897 0.804504
0.134573 -0.828176 0.816159
0.159491 -0.818732 0.827419
0.184197 -0.808573 0.838280
0.208670 -0.797707 0.848736
0.232888 -0.786142 0.858782
0.256833 -0.773886 0.868413
0.280482 -0.760950 0.877625
0.303816 -0.747342 0.886413
0.326816 -0.733075 0.894773
0.349462 -0.718158 0.902700
0.371735 -0.702603 0.910192
0.393615 -0.686424 0.917244
0.415085 -0.669632 0.923853
0.436126 -0.652242 0.930015
0.456721 -0.634266 0.935729
0.476852 -0.615720 0.940991
0.496503 -0.596618 0.945798
0.515657 -0.576975 0.950148
0.534298 -0.556808 0.954039
0.552422 -0.536115 0.957473
0.570049 -0.514861 0.960450
0.587191 -0.493003 0.962962
0.603830 -0.470533 0.964987
0.619935 -0.447460 0.966498
0.635473 -0.423795 0.967469
0.650410 -0.399553 0.967875
0.664715 -0.374750 0.967689
0.678352 -0.349406 0.966887
0.691289 -0.323546 0.965446
0.703493 -0.297193 0.963342
0.714930 -0.270376 0.960554
0.725569 -0.243127 0.957062
0.735378 -0.215480 0.952846
0.744328 -0.187471 0.947889
0.752390 -0.159140 0.942175
0.759535 -0.130528 0.935690
0.765740 -0.101680 0.928421
0.770980 -0.072643 0.920358
0.775234 -0.043466 0.911492
0.778483 -0.014198 0.901817
0.780709 0.015106 0.891330
0.781898 0.044393 0.880027
0.782040 0.073607 0.867910
0.781124 0.102691 0.854981
0.779147 0.131587 0.841246
0.776105 0.160237 0.826712
0.772000 0.188581 0.811389
0.766834 0.216560 0.795290
0.760617 0.244115 0.778429
0.753357 0.271186 0.760824
0.745070 0.297717 0.742495
0.735772 0.323649 0.723464
0.725484 0.348925 0.703754
0.714230 0.373493 0.683392
0.702038 0.397297 0.662406
0.688936 0.420288 0.640827
0.674958 0.442416 0.618687
0.660140 0.463635 0.596019
0.644521 0.483902 0.572860
0.628140 0.503175 0.549246
0.611042 0.521418 0.525215
0.593272 0.538595 0.500808
0.574877 0.554676 0.476063
0.555905 0.569635 0.451022
0.536407 0.583446 0.425728
0.516434 0.596091 0.400222
0.496038 0.607554 0.374546
0.475273 0.617822 0.348744
0.454191 0.626889 0.322858
0.432846 0.634750 0.296930
0.411291 0.641405 0.271002
0.389579 0.646858 0.245115
0.367763 0.651118 0.219309
0.345894 0.654195 0.193626
0.324021 0.656105 0.168101
0.302196 0.656868 0.142775
0.280464 0.656504 0.117681
0.258872 0.655040 0.092855
0.237464 0.652505 0.068329
0.216282 0.648930 0.044135
0.195365 0.644349 0.020303
0.174752 0.638799 -0.003140
0.154478 0.632319 -0.026168
0.134574 0.624951 -0.048758
0.115072 0.616736 -0.070887
0.095999 0.607720 -0.092535
0.077379 0.597949 -0.113684
0.059236 0.587470 -0.134320
0.041588 0.576330 -0.154428
0.024452 0.564579 -0.173996
0.007842 0.552265 -0.193014
-0.008228 0.539438 -0.211475
-0.023752 0.526148 -0.229373
-0.038720 0.512443 -0.246703
-0.053130 0.498373 -0.263464
-0.066979 0.483986 -0.279653
-0.080267 0.469330 -0.295273
-0.092995 0.454451 -0.310326
-0.105168 0.439396 -0.324815
-0.116791 0.424210 -0.338745
-0.127871 0.408936 -0.352123
-0.138417 0.393615 -0.364957
-0.148439 0.378289 -0.377254
-0.157949 0.362997 -0.389025
-0.166958 0.347776 -0.400278
-0.175480 0.332662 -0.411026
-0.183530 0.317688 -0.421280
-0.191121 0.302887 -0.431051
-0.198270 0.288289 -0.440351
-0.204991 0.273923 -0.449195
-0.211302 0.259814 -0.457593
-0.217218 0.245988 -0.465560
-0.222755 0.232467 -0.473108
-0.227930 0.219272 -0.480250
-0.232759 0.206421 -0.486999
-0.237257 0.193932 -0.493368
-0.241441 0.181819 -0.499368
-0.245325 0.170096 -0.505013
-0.248925 0.158775 -0.510313
-0.252255 0.147865 -0.515281
-0.255329 0.137374 -0.519926
-0.258159 0.127308 -0.524260
-0.260759 0.117672 -0.528292
-0.263140 0.108470 -0.532033
-0.265314 0.099702 -0.535490
-0.267292 0.091369 -0.538672
-0.269084 0.083469 -0.541587
-0.270698 0.076000 -0.544243
-0.272145 0.068958 -0.546646
-0.273431 0.062337 -0.548803
-0.274564 0.056132 -0.550719
-0.275552 0.050334 -0.552400
-0.276399 0.044934 -0.553851
-0.277113 0.039924 -0.555077
-0.277697 0.035293 -0.556080
-0.278157 0.031029 -0.556866
-0.278496 0.027120 -0.557437
-0.278719 0.023553 -0.557796
-0.278840 0.020314 -0.557971
-0.278797 0.017389 -0.557832
-0.278322 0.014760 -0.556842
-0.277124 0.012412 -0.554414
-0.275106 0.010334 -0.550355
-0.272275 0.008514 -0.544675
-0.268641 0.006936 -0.537395
-0.264216 0.005582 -0.528535
-0.259014 0.004435 -0.518123
-0.253050 0.003475 -0.506190
-0.246343 0.002682 -0.492771
-0.238913 0.002036 -0.477906
-0.230781 0.001518 -0.461638
-0.221972 0.001110 -0.444016
-0.212511 0.000794 -0.425091
-0.202427 0.000554 -0.404920
-0.191749 0.000376 -0.383561
-0.180509 0.000247 -0.361076
-0.168739 0.000157 -0.337533
-0.156474 0.000095 -0.312999
-0.143750 0.000055 -0.287547
-0.130605 0.000030 -0.261252
-0.117076 0.000015 -0.234191
-0.103205 0.000007 -0.206443
-0.089030 0.000003 -0.178089
-0.074594 0.000001 -0.149213
-0.059940 0.000000 -0.119899
-0.045109 0.000000 -0.090233
-0.030147 0.000000 -0.060303
-0.015095 0.000000 -0.030196
0.000000 0.000000 0.000000
##END
