##TITLE= dor_1
##JCAMP-DX= 5.00 Bruker JCAMP library
##DATA TYPE= Shape Data
##ORIGIN= Bruker Analytik GmbH
##OWNER= <nmrsu>
##DATE= 2023-03-09
##TIME= 07:41:44
##MINX= 0
##MAXX= 1
##MINY= 0
##MAXY= 1
##$SHAPE_EXMODE= Gradient
##$SHAPE_TOTROT= 0
##$SHAPE_BWFAC= 0
##$SHAPE_INTEGFAC= 0
##$SHAPE_MODE= 0
##EFFIFACTOR=0.0026738
##DURATION=0.01
##DIRECTIONVEC= 0 0 1
##NPOINTS=1000
##XYDATA= (X Y Z)
0.000000 0.000000 0.000000
0.027047 0.000000 0.054103
0.054015 0.000000 0.108048
0.080825 0.000000 0.161676
0.107397 0.000000 0.214829
0.133654 0.000001 0.267352
0.159520 0.000002 0.319091
0.184917 0.000006 0.369895
0.209772 0.000012 0.419613
0.234012 0.000024 0.468100
0.257565 0.000044 0.515215
0.280363 0.000075 0.560818
0.302339 0.000124 0.604776
0.323427 0.000195 0.646960
0.343568 0.000297 0.687247
0.362700 0.000437 0.725518
0.380768 0.000627 0.761660
0.397720 0.000877 0.795569
0.413504 0.001199 0.827144
0.428076 0.001608 0.856293
0.441392 0.002119 0.882930
0.453412 0.002745 0.906977
0.464103 0.003504 0.928364
0.473431 0.004410 0.947027
0.481369 0.005479 0.962912
0.487894 0.006726 0.975972
0.492985 0.008164 0.986168
0.496628 0.009806 0.993471
0.498811 0.011661 0.997859
0.499709 0.013738 0.999685
0.499848 0.016049 1.000000
0.499710 0.018608 0.999772
0.499412 0.021427 0.999236
0.498931 0.024516 0.998348
0.498264 0.027885 0.997109
0.497411 0.031546 0.995519
0.496370 0.035506 0.993578
0.495138 0.039774 0.991285
0.493714 0.044359 0.988643
0.492095 0.049266 0.985651
0.490279 0.054503 0.982310
0.488262 0.060075 0.978621
0.486043 0.065987 0.974585
0.483618 0.072242 0.970203
0.480983 0.078843 0.965476
0.478134 0.085792 0.960406
0.475069 0.093091 0.954993
0.471782 0.100739 0.949240
0.468269 0.108734 0.943148
0.464526 0.117075 0.936718
0.460547 0.125759 0.929952
0.456329 0.134782 0.922853
0.451864 0.144137 0.915421
0.447149 0.153819 0.907660
0.442177 0.163820 0.899570
0.436942 0.174132 0.891156
0.431439 0.184745 0.882417
0.425661 0.195648 0.873358
0.419604 0.206829 0.863981
0.413259 0.218275 0.854289
0.406623 0.229973 0.844284
0.399688 0.241908 0.833969
0.392448 0.254063 0.823348
0.384899 0.266421 0.812425
0.377035 0.278966 0.801202
0.368850 0.291677 0.789683
0.360339 0.304536 0.777873
0.351498 0.317522 0.765776
0.342322 0.330614 0.753396
0.332809 0.343789 0.740738
0.322954 0.357026 0.727807
0.312754 0.370300 0.714608
0.302209 0.383589 0.701148
0.291315 0.396867 0.687431
0.280072 0.410111 0.673464
0.268481 0.423295 0.659254
0.256542 0.436393 0.644807
0.244256 0.449381 0.630131
0.231626 0.462232 0.615233
0.218655 0.474921 0.600121
0.205346 0.487422 0.584804
0.191706 0.499710 0.569290
0.177741 0.511759 0.553588
0.163456 0.523544 0.537707
0.148860 0.535040 0.521658
0.133963 0.546223 0.505450
0.118773 0.557068 0.489094
0.103302 0.567554 0.472601
0.087563 0.577657 0.455982
0.071566 0.587356 0.439248
0.055327 0.596629 0.422411
0.038860 0.605457 0.405484
0.022181 0.613821 0.388478
0.005305 0.621703 0.371407
-0.011750 0.629086 0.354283
-0.028965 0.635954 0.337120
-0.046324 0.642293 0.319930
-0.063805 0.648090 0.302729
-0.081391 0.653334 0.285528
-0.099059 0.658013 0.268343
-0.116791 0.662120 0.251187
-0.134564 0.665647 0.234074
-0.152357 0.668587 0.217019
-0.170149 0.670937 0.200036
-0.187918 0.672693 0.183138
-0.205643 0.673854 0.166340
-0.223301 0.674421 0.149656
-0.240871 0.674394 0.133099
-0.258332 0.673778 0.116685
-0.275663 0.672576 0.100426
-0.292843 0.670795 0.084336
-0.309852 0.668442 0.068428
-0.326670 0.665526 0.052714
-0.343278 0.662059 0.037209
-0.359657 0.658050 0.021924
-0.375790 0.653514 0.006871
-0.391659 0.648463 -0.007938
-0.407249 0.642914 -0.022492
-0.422544 0.636883 -0.036781
-0.437531 0.630387 -0.050792
-0.452196 0.623445 -0.064518
-0.466527 0.616074 -0.077948
-0.480513 0.608296 -0.091073
-0.494144 0.600130 -0.103886
-0.507411 0.591599 -0.116378
-0.520308 0.582723 -0.128541
-0.532828 0.573526 -0.140370
-0.544966 0.564029 -0.151859
-0.556718 0.554255 -0.163001
-0.568082 0.544227 -0.173792
-0.579056 0.533969 -0.184228
-0.589641 0.523504 -0.194305
-0.599838 0.512855 -0.204019
-0.609649 0.502045 -0.213370
-0.619077 0.491096 -0.222355
-0.628129 0.480032 -0.230973
-0.636809 0.468874 -0.239223
-0.645125 0.457645 -0.247106
-0.653085 0.446365 -0.254623
-0.660698 0.435056 -0.261774
-0.667975 0.423737 -0.268563
-0.674926 0.412428 -0.274992
-0.681564 0.401148 -0.281064
-0.687902 0.389914 -0.286783
-0.693954 0.378744 -0.292154
-0.699734 0.367655 -0.297182
-0.705258 0.356660 -0.301872
-0.710542 0.345776 -0.306230
-0.715602 0.335014 -0.310265
-0.720460 0.324361 -0.314018
-0.725139 0.313744 -0.317605
-0.729658 0.303087 -0.321138
-0.734020 0.292364 -0.324654
-0.738225 0.281578 -0.328153
-0.742271 0.270732 -0.331634
-0.746158 0.259828 -0.335097
-0.749885 0.248868 -0.338542
-0.753450 0.237855 -0.341970
-0.756854 0.226790 -0.345378
-0.760096 0.215677 -0.348768
-0.763174 0.204518 -0.352140
-0.766089 0.193315 -0.355492
-0.768839 0.182070 -0.358826
-0.771424 0.170786 -0.362140
-0.773843 0.159466 -0.365435
-0.776096 0.148111 -0.368710
-0.778183 0.136724 -0.371966
-0.780103 0.125308 -0.375201
-0.781855 0.113866 -0.378416
-0.783439 0.102398 -0.381611
-0.784855 0.090909 -0.384786
-0.786103 0.079400 -0.387940
-0.787182 0.067875 -0.391073
-0.788092 0.056334 -0.394185
-0.788833 0.044782 -0.397276
-0.789404 0.033220 -0.400345
-0.789806 0.021650 -0.403393
-0.790038 0.010077 -0.406420
-0.790101 -0.001499 -0.409424
-0.789994 -0.013075 -0.412407
-0.789718 -0.024648 -0.415368
-0.789272 -0.036215 -0.418306
-0.788657 -0.047775 -0.421222
-0.787872 -0.059325 -0.424115
-0.786919 -0.070862 -0.426985
-0.785796 -0.082383 -0.429833
-0.784505 -0.093887 -0.432657
-0.783045 -0.105371 -0.435458
-0.781417 -0.116832 -0.438236
-0.779621 -0.128268 -0.440991
-0.777658 -0.139677 -0.443721
-0.775529 -0.151055 -0.446428
-0.773232 -0.162401 -0.449111
-0.770770 -0.173713 -0.451770
-0.768142 -0.184987 -0.454404
-0.765349 -0.196221 -0.457015
-0.762392 -0.207413 -0.459600
-0.759272 -0.218561 -0.462161
-0.755988 -0.229661 -0.464697
-0.752542 -0.240713 -0.467209
-0.748935 -0.251712 -0.469695
-0.745166 -0.262658 -0.472156
-0.741238 -0.273547 -0.474591
-0.737151 -0.284378 -0.477001
-0.732905 -0.295147 -0.479386
-0.728502 -0.305854 -0.481745
-0.723943 -0.316494 -0.484078
-0.719228 -0.327067 -0.486385
-0.714359 -0.337569 -0.488666
-0.709337 -0.347999 -0.490920
-0.704162 -0.358354 -0.493149
-0.698836 -0.368632 -0.495350
-0.693361 -0.378832 -0.497526
-0.687736 -0.388949 -0.499674
-0.681963 -0.398984 -0.501796
-0.676045 -0.408932 -0.503891
-0.669981 -0.418793 -0.505958
-0.663773 -0.428564 -0.507999
-0.657423 -0.438243 -0.510012
-0.650932 -0.447828 -0.511998
-0.644301 -0.457317 -0.513957
-0.637531 -0.466708 -0.515888
-0.630625 -0.475998 -0.517791
-0.623584 -0.485186 -0.519666
-0.616408 -0.494270 -0.521514
-0.609100 -0.503248 -0.523334
-0.601662 -0.512118 -0.525125
-0.594094 -0.520878 -0.526888
-0.586399 -0.529527 -0.528623
-0.578578 -0.538061 -0.530330
-0.570633 -0.546480 -0.532008
-0.562565 -0.554782 -0.533658
-0.554376 -0.562965 -0.535279
-0.546069 -0.571026 -0.536871
-0.537644 -0.578966 -0.538435
-0.529104 -0.586780 -0.539969
-0.520450 -0.594469 -0.541475
-0.511685 -0.602031 -0.542951
-0.502809 -0.609463 -0.544399
-0.493826 -0.616764 -0.545817
-0.484737 -0.623933 -0.547206
-0.475543 -0.630968 -0.548565
-0.466248 -0.637868 -0.549895
-0.456852 -0.644630 -0.551196
-0.447359 -0.651254 -0.552467
-0.437769 -0.657739 -0.553708
-0.428086 -0.664082 -0.554920
-0.418310 -0.670283 -0.556102
-0.408445 -0.676339 -0.557254
-0.398492 -0.682251 -0.558376
-0.388454 -0.688016 -0.559468
-0.378332 -0.693633 -0.560530
-0.368129 -0.699102 -0.561562
-0.357847 -0.704420 -0.562564
-0.347488 -0.709588 -0.563535
-0.337054 -0.714602 -0.564477
-0.326548 -0.719464 -0.565388
-0.315972 -0.724171 -0.566269
-0.305328 -0.728723 -0.567119
-0.294619 -0.733118 -0.567939
-0.283846 -0.737356 -0.568729
-0.273013 -0.741435 -0.569488
-0.262121 -0.745356 -0.570216
-0.251172 -0.749116 -0.570914
-0.240170 -0.752715 -0.571581
-0.229116 -0.756153 -0.572217
-0.218013 -0.759429 -0.572823
-0.206863 -0.762542 -0.573398
-0.195669 -0.765491 -0.573943
-0.184433 -0.768275 -0.574456
-0.173157 -0.770895 -0.574939
-0.161844 -0.773349 -0.575390
-0.150496 -0.775637 -0.575811
-0.139116 -0.777759 -0.576201
-0.127706 -0.779714 -0.576560
-0.116269 -0.781501 -0.576889
-0.104806 -0.783121 -0.577186
-0.093322 -0.784572 -0.577452
-0.081817 -0.785855 -0.577687
-0.070294 -0.786969 -0.577891
-0.058757 -0.787915 -0.578064
-0.047207 -0.788691 -0.578207
-0.035647 -0.789298 -0.578318
-0.024079 -0.789736 -0.578398
-0.012506 -0.790004 -0.578447
-0.000930 -0.790102 -0.578465
0.010646 -0.790031 -0.578452
0.022220 -0.789790 -0.578408
0.033789 -0.789380 -0.578333
0.045350 -0.788800 -0.578227
0.056902 -0.788051 -0.578089
0.068442 -0.787133 -0.577921
0.079967 -0.786045 -0.577722
0.091475 -0.784789 -0.577492
0.102963 -0.783365 -0.577231
0.114429 -0.781772 -0.576938
0.125871 -0.780012 -0.576615
0.137285 -0.778084 -0.576261
0.148670 -0.775989 -0.575876
0.160023 -0.773728 -0.575460
0.171342 -0.771300 -0.575013
0.182624 -0.768707 -0.574536
0.193867 -0.765949 -0.574027
0.205068 -0.763026 -0.573488
0.216225 -0.759940 -0.572918
0.227336 -0.756691 -0.572317
0.238398 -0.753279 -0.571685
0.249409 -0.749705 -0.571023
0.260366 -0.745970 -0.570330
0.271267 -0.742076 -0.569607
0.282110 -0.738022 -0.568853
0.292893 -0.733809 -0.568068
0.303612 -0.729439 -0.567253
0.314267 -0.724913 -0.566407
0.324854 -0.720231 -0.565531
0.335371 -0.715394 -0.564625
0.345817 -0.710403 -0.563689
0.356188 -0.705261 -0.562722
0.366482 -0.699966 -0.561725
0.376698 -0.694522 -0.560698
0.386833 -0.688928 -0.559640
0.396885 -0.683187 -0.558553
0.406852 -0.677299 -0.557436
0.416732 -0.671265 -0.556289
0.426522 -0.665088 -0.555112
0.436220 -0.658767 -0.553905
0.445825 -0.652305 -0.552668
0.455334 -0.645704 -0.551402
0.464745 -0.638963 -0.550106
0.474057 -0.632086 -0.548781
0.483267 -0.625072 -0.547426
0.492373 -0.617925 -0.546042
0.501373 -0.610645 -0.544628
0.510266 -0.603233 -0.543186
0.519049 -0.595693 -0.541714
0.527721 -0.588024 -0.540213
0.536280 -0.580229 -0.538683
0.544723 -0.572310 -0.537124
0.553050 -0.564268 -0.535537
0.561257 -0.556104 -0.533920
0.569345 -0.547822 -0.532275
0.577310 -0.539421 -0.530602
0.585151 -0.530905 -0.528899
0.592867 -0.522275 -0.527169
0.600455 -0.513533 -0.525410
0.607914 -0.504681 -0.523623
0.615243 -0.495720 -0.521808
0.622440 -0.486653 -0.519965
0.629503 -0.477481 -0.518094
0.636431 -0.468207 -0.516195
0.643222 -0.458832 -0.514269
0.649876 -0.449359 -0.512315
0.656390 -0.439789 -0.510333
0.662763 -0.430125 -0.508324
0.668993 -0.420369 -0.506288
0.675080 -0.410522 -0.504225
0.681022 -0.400588 -0.502134
0.686818 -0.390567 -0.500017
0.692467 -0.380463 -0.497873
0.697967 -0.370276 -0.495702
0.703317 -0.360011 -0.493504
0.708516 -0.349668 -0.491280
0.713563 -0.339250 -0.489030
0.718457 -0.328759 -0.486753
0.723196 -0.318197 -0.484450
0.727781 -0.307567 -0.482121
0.732209 -0.296872 -0.479767
0.736479 -0.286112 -0.477386
0.740592 -0.275291 -0.474980
0.744546 -0.264411 -0.472549
0.748340 -0.253474 -0.470092
0.751973 -0.242483 -0.467610
0.755445 -0.231440 -0.465102
0.758755 -0.220347 -0.462570
0.761902 -0.209207 -0.460013
0.764885 -0.198022 -0.457432
0.767704 -0.186794 -0.454825
0.770359 -0.175526 -0.452195
0.772848 -0.164221 -0.449540
0.775171 -0.152880 -0.446861
0.777328 -0.141507 -0.444158
0.779317 -0.130103 -0.441431
0.781140 -0.118671 -0.438680
0.782795 -0.107214 -0.435906
0.784281 -0.095733 -0.433109
0.785600 -0.084233 -0.430288
0.786750 -0.072714 -0.427444
0.787730 -0.061179 -0.424578
0.788542 -0.049631 -0.421688
0.789185 -0.038073 -0.418776
0.789658 -0.026507 -0.415841
0.789961 -0.014934 -0.412884
0.790095 -0.003359 -0.409905
0.790060 0.008217 -0.406904
0.789855 0.019791 -0.403881
0.789480 0.031362 -0.400836
0.788936 0.042925 -0.397770
0.788222 0.054479 -0.394683
0.787339 0.066022 -0.391574
0.786288 0.077550 -0.388444
0.785067 0.089062 -0.385294
0.783678 0.100554 -0.382123
0.782121 0.112025 -0.378931
0.780395 0.123472 -0.375719
0.778503 0.134892 -0.372487
0.776443 0.146284 -0.369234
0.774216 0.157644 -0.365962
0.771823 0.168970 -0.362671
0.769265 0.180260 -0.359360
0.766541 0.191511 -0.356029
0.763653 0.202721 -0.352680
0.760601 0.213888 -0.349311
0.757386 0.225008 -0.345924
0.754008 0.236081 -0.342518
0.750468 0.247102 -0.339094
0.746767 0.258071 -0.335652
0.742906 0.268984 -0.332192
0.738886 0.279840 -0.328713
0.734706 0.290635 -0.325218
0.730369 0.301368 -0.321704
0.725876 0.312037 -0.318174
0.721226 0.322638 -0.314626
0.716422 0.333170 -0.311062
0.711463 0.343631 -0.307480
0.706352 0.354018 -0.303883
0.701090 0.364328 -0.300269
0.695677 0.374561 -0.296639
0.690114 0.384713 -0.292993
0.684404 0.394783 -0.289331
0.678546 0.404768 -0.285653
0.672543 0.414666 -0.281961
0.666396 0.424475 -0.278253
0.660105 0.434193 -0.274530
0.653673 0.443817 -0.270793
0.647100 0.453347 -0.267041
0.640389 0.462779 -0.263275
0.633540 0.472111 -0.259494
0.626555 0.481343 -0.255700
0.619436 0.490471 -0.251892
0.612183 0.499494 -0.248070
0.604799 0.508409 -0.244236
0.597286 0.517216 -0.240388
0.589644 0.525911 -0.236527
0.581875 0.534493 -0.232653
0.573982 0.542961 -0.228767
0.565966 0.551312 -0.224869
0.557827 0.559545 -0.220958
0.549570 0.567658 -0.217036
0.541194 0.575649 -0.213102
0.532702 0.583516 -0.209157
0.524096 0.591258 -0.205200
0.515377 0.598873 -0.201232
0.506547 0.606360 -0.197254
0.497609 0.613716 -0.193265
0.488564 0.620941 -0.189266
0.479414 0.628032 -0.185256
0.470161 0.634989 -0.181237
0.460808 0.641809 -0.177207
0.451355 0.648491 -0.173169
0.441805 0.655034 -0.169121
0.432161 0.661437 -0.165064
0.422424 0.667698 -0.160998
0.412596 0.673815 -0.156923
0.402680 0.679788 -0.152840
0.392677 0.685614 -0.148749
0.382590 0.691294 -0.144650
0.372420 0.696825 -0.140543
0.362171 0.702207 -0.136428
0.351844 0.707437 -0.132307
0.341442 0.712516 -0.128178
0.330966 0.717442 -0.124042
0.320419 0.722214 -0.119900
0.309804 0.726831 -0.115751
0.299121 0.731292 -0.111596
0.288375 0.735596 -0.107434
0.277567 0.739742 -0.103268
0.266699 0.743730 -0.099095
0.255774 0.747557 -0.094918
0.244794 0.751224 -0.090735
0.233761 0.754730 -0.086547
0.222679 0.758074 -0.082355
0.211548 0.761255 -0.078158
0.200372 0.764273 -0.073957
0.189153 0.767127 -0.069752
0.177894 0.769816 -0.065544
0.166596 0.772339 -0.061331
0.155263 0.774697 -0.057116
0.143896 0.776889 -0.052898
0.132498 0.778914 -0.048676
0.121072 0.780771 -0.044452
0.109620 0.782461 -0.040226
0.098144 0.783983 -0.035997
0.086647 0.785337 -0.031767
0.075132 0.786522 -0.027535
0.063601 0.787539 -0.023301
0.052055 0.788386 -0.019066
0.040499 0.789064 -0.014830
0.028934 0.789573 -0.010594
0.017363 0.789912 -0.006356
0.005788 0.790081 -0.002119
-0.005788 0.790081 0.002119
-0.017363 0.789912 0.006356
-0.028934 0.789573 0.010594
-0.040499 0.789064 0.014830
-0.052055 0.788386 0.019066
-0.063601 0.787539 0.023301
-0.075132 0.786522 0.027535
-0.086647 0.785337 0.031767
-0.098144 0.783983 0.035997
-0.109620 0.782461 0.040226
-0.121072 0.780771 0.044452
-0.132498 0.778914 0.048676
-0.143896 0.776889 0.052898
-0.155263 0.774697 0.057116
-0.166596 0.772339 0.061331
-0.177894 0.769816 0.065544
-0.189153 0.767127 0.069752
-0.200372 0.764273 0.073957
-0.211548 0.761255 0.078158
-0.222679 0.758074 0.082355
-0.233761 0.754730 0.086547
-0.244794 0.751224 0.090735
-0.255774 0.747557 0.094918
-0.266699 0.743730 0.099095
-0.277567 0.739742 0.103268
-0.288375 0.735596 0.107434
-0.299121 0.731292 0.111596
-0.309804 0.726831 0.115751
-0.320419 0.722214 0.119900
-0.330966 0.717442 0.124042
-0.341442 0.712516 0.128178
-0.351844 0.707437 0.132307
-0.362171 0.702207 0.136428
-0.372420 0.696825 0.140543
-0.382590 0.691294 0.144650
-0.392677 0.685614 0.148749
-0.402680 0.679788 0.152840
-0.412596 0.673815 0.156923
-0.422424 0.667698 0.160998
-0.432161 0.661437 0.165064
-0.441805 0.655034 0.169121
-0.451355 0.648491 0.173169
-0.460808 0.641809 0.177207
-0.470161 0.634989 0.181237
-0.479414 0.628032 0.185256
-0.488564 0.620941 0.189266
-0.497609 0.613716 0.193265
-0.506547 0.606360 0.197254
-0.515377 0.598873 0.201232
-0.524096 0.591258 0.205200
-0.532702 0.583516 0.209157
-0.541194 0.575649 0.213102
-0.549570 0.567658 0.217036
-0.557827 0.559545 0.220958
-0.565966 0.551312 0.224869
-0.573982 0.542961 0.228767
-0.581875 0.534493 0.232653
-0.589644 0.525911 0.236527
-0.597286 0.517216 0.240388
-0.604799 0.508409 0.244236
-0.612183 0.499494 0.248070
-0.619436 0.490471 0.251892
-0.626555 0.481343 0.255700
-0.633540 0.472111 0.259494
-0.640389 0.462779 0.263275
-0.647100 0.453347 0.267041
-0.653673 0.443817 0.270793
-0.660105 0.434193 0.274530
-0.666396 0.424475 0.278253
-0.672543 0.414666 0.281961
-0.678546 0.404768 0.285653
-0.684404 0.394783 0.289331
-0.690114 0.384713 0.292993
-0.695677 0.374561 0.296639
-0.701090 0.364328 0.300269
-0.706352 0.354018 0.303883
-0.711463 0.343631 0.307480
-0.716422 0.333170 0.311062
-0.721226 0.322638 0.314626
-0.725876 0.312037 0.318174
-0.730369 0.301368 0.321704
-0.734706 0.290635 0.325218
-0.738886 0.279840 0.328713
-0.742906 0.268984 0.332192
-0.746767 0.258071 0.335652
-0.750468 0.247102 0.339094
-0.754008 0.236081 0.342518
-0.757386 0.225008 0.345924
-0.760601 0.213888 0.349311
-0.763653 0.202721 0.352680
-0.766541 0.191511 0.356029
-0.769265 0.180260 0.359360
-0.771823 0.168970 0.362671
-0.774216 0.157644 0.365962
-0.776443 0.146284 0.369234
-0.778503 0.134892 0.372487
-0.780395 0.123472 0.375719
-0.782121 0.112025 0.378931
-0.783678 0.100554 0.382123
-0.785067 0.089062 0.385294
-0.786288 0.077550 0.388444
-0.787339 0.066022 0.391574
-0.788222 0.054479 0.394683
-0.788936 0.042925 0.397770
-0.789480 0.031362 0.400836
-0.789855 0.019791 0.403881
-0.790060 0.008217 0.406904
-0.790095 -0.003359 0.409905
-0.789961 -0.014934 0.412884
-0.789658 -0.026507 0.415841
-0.789185 -0.038073 0.418776
-0.788542 -0.049631 0.421688
-0.787730 -0.061179 0.424578
-0.786750 -0.072714 0.427444
-0.785600 -0.084233 0.430288
-0.784281 -0.095733 0.433109
-0.782795 -0.107214 0.435906
-0.781140 -0.118671 0.438680
-0.779317 -0.130103 0.441431
-0.777328 -0.141507 0.444158
-0.775171 -0.152880 0.446861
-0.772848 -0.164221 0.449540
-0.770359 -0.175526 0.452195
-0.767704 -0.186794 0.454825
-0.764885 -0.198022 0.457432
-0.761902 -0.209207 0.460013
-0.758755 -0.220347 0.462570
-0.755445 -0.231440 0.465102
-0.751973 -0.242483 0.467610
-0.748340 -0.253474 0.470092
-0.744546 -0.264411 0.472549
-0.740592 -0.275291 0.474980
-0.736479 -0.286112 0.477386
-0.732209 -0.296872 0.479767
-0.727781 -0.307567 0.482121
-0.723196 -0.318197 0.484450
-0.718457 -0.328759 0.486753
-0.713563 -0.339250 0.489030
-0.708516 -0.349668 0.491280
-0.703317 -0.360011 0.493504
-0.697967 -0.370276 0.495702
-0.692467 -0.380463 0.497873
-0.686818 -0.390567 0.500017
-0.681022 -0.400588 0.502134
-0.675080 -0.410522 0.504225
-0.668993 -0.420369 0.506288
-0.662763 -0.430125 0.508324
-0.656390 -0.439789 0.510333
-0.649876 -0.449359 0.512315
-0.643222 -0.458832 0.514269
-0.636431 -0.468207 0.516195
-0.629503 -0.477481 0.518094
-0.622440 -0.486653 0.519965
-0.615243 -0.495720 0.521808
-0.607914 -0.504681 0.523623
-0.600455 -0.513533 0.525410
-0.592867 -0.522275 0.527169
-0.585151 -0.530905 0.528899
-0.577310 -0.539421 0.530602
-0.569345 -0.547822 0.532275
-0.561257 -0.556104 0.533920
-0.553050 -0.564268 0.535537
-0.544723 -0.572310 0.537124
-0.536280 -0.580229 0.538683
-0.527721 -0.588024 0.540213
-0.519049 -0.595693 0.541714
-0.510266 -0.603233 0.543186
-0.501373 -0.610645 0.544628
-0.492373 -0.617925 0.546042
-0.483267 -0.625072 0.547426
-0.474057 -0.632086 0.548781
-0.464745 -0.638963 0.550106
-0.455334 -0.645704 0.551402
-0.445825 -0.652305 0.552668
-0.436220 -0.658767 0.553905
-0.426522 -0.665088 0.555112
-0.416732 -0.671265 0.556289
-0.406852 -0.677299 0.557436
-0.396885 -0.683187 0.558553
-0.386833 -0.688928 0.559640
-0.376698 -0.694522 0.560698
-0.366482 -0.699966 0.561725
-0.356188 -0.705261 0.562722
-0.345817 -0.710403 0.563689
-0.335371 -0.715394 0.564625
-0.324854 -0.720231 0.565531
-0.314267 -0.724913 0.566407
-0.303612 -0.729439 0.567253
-0.292893 -0.733809 0.568068
-0.282110 -0.738022 0.568853
-0.271267 -0.742076 0.569607
-0.260366 -0.745970 0.570330
-0.249409 -0.749705 0.571023
-0.238398 -0.753279 0.571685
-0.227336 -0.756691 0.572317
-0.216225 -0.759940 0.572918
-0.205068 -0.763026 0.573488
-0.193867 -0.765949 0.574027
-0.182624 -0.768707 0.574536
-0.171342 -0.771300 0.575013
-0.160023 -0.773728 0.575460
-0.148670 -0.775989 0.575876
-0.137285 -0.778084 0.576261
-0.125871 -0.780012 0.576615
-0.114429 -0.781772 0.576938
-0.102963 -0.783365 0.577231
-0.091475 -0.784789 0.577492
-0.079967 -0.786045 0.577722
-0.068442 -0.787133 0.577921
-0.056902 -0.788051 0.578089
-0.045350 -0.788800 0.578227
-0.033789 -0.789380 0.578333
-0.022220 -0.789790 0.578408
-0.010646 -0.790031 0.578452
0.000930 -0.790102 0.578465
0.012506 -0.790004 0.578447
0.024079 -0.789736 0.578398
0.035647 -0.789298 0.578318
0.047207 -0.788691 0.578207
0.058757 -0.787915 0.578064
0.070294 -0.786969 0.577891
0.081817 -0.785855 0.577687
0.093322 -0.784572 0.577452
0.104806 -0.783121 0.577186
0.116269 -0.781501 0.576889
0.127706 -0.779714 0.576560
0.139116 -0.777759 0.576201
0.150496 -0.775637 0.575811
0.161844 -0.773349 0.575390
0.173157 -0.770895 0.574939
0.184433 -0.768275 0.574456
0.195669 -0.765491 0.573943
0.206863 -0.762542 0.573398
0.218013 -0.759429 0.572823
0.229116 -0.756153 0.572217
0.240170 -0.752715 0.571581
0.251172 -0.749116 0.570914
0.262121 -0.745356 0.570216
0.273013 -0.741435 0.569488
0.283846 -0.737356 0.568729
0.294619 -0.733118 0.567939
0.305328 -0.728723 0.567119
0.315972 -0.724171 0.566269
0.326548 -0.719464 0.565388
0.337054 -0.714602 0.564477
0.347488 -0.709588 0.563535
0.357847 -0.704420 0.562564
0.368129 -0.699102 0.561562
0.378332 -0.693633 0.560530
0.388454 -0.688016 0.559468
0.398492 -0.682251 0.558376
0.408445 -0.676339 0.557254
0.418310 -0.670283 0.556102
0.428086 -0.664082 0.554920
0.437769 -0.657739 0.553708
0.447359 -0.651254 0.552467
0.456852 -0.644630 0.551196
0.466248 -0.637868 0.549895
0.475543 -0.630968 0.548565
0.484737 -0.623933 0.547206
0.493826 -0.616764 0.545817
0.502809 -0.609463 0.544399
0.511685 -0.602031 0.542951
0.520450 -0.594469 0.541475
0.529104 -0.586780 0.539969
0.537644 -0.578966 0.538435
0.546069 -0.571026 0.536871
0.554376 -0.562965 0.535279
0.562565 -0.554782 0.533658
0.570633 -0.546480 0.532008
0.578578 -0.538061 0.530330
0.586399 -0.529527 0.528623
0.594094 -0.520878 0.526888
0.601662 -0.512118 0.525125
0.609100 -0.503248 0.523334
0.616408 -0.494270 0.521514
0.623584 -0.485186 0.519666
0.630625 -0.475998 0.517791
0.637531 -0.466708 0.515888
0.644301 -0.457317 0.513957
0.650932 -0.447828 0.511998
0.657423 -0.438243 0.510012
0.663773 -0.428564 0.507999
0.669981 -0.418793 0.505958
0.676045 -0.408932 0.503891
0.681963 -0.398984 0.501796
0.687736 -0.388949 0.499674
0.693361 -0.378832 0.497526
0.698836 -0.368632 0.495350
0.704162 -0.358354 0.493149
0.709337 -0.347999 0.490920
0.714359 -0.337569 0.488666
0.719228 -0.327067 0.486385
0.723943 -0.316494 0.484078
0.728502 -0.305854 0.481745
0.732905 -0.295147 0.479386
0.737151 -0.284378 0.477001
0.741238 -0.273547 0.474591
0.745166 -0.262658 0.472156
0.748935 -0.251712 0.469695
0.752542 -0.240713 0.467209
0.755988 -0.229661 0.464697
0.759272 -0.218561 0.462161
0.762392 -0.207413 0.459600
0.765349 -0.196221 0.457015
0.768142 -0.184987 0.454404
0.770770 -0.173713 0.451770
0.773232 -0.162401 0.449111
0.775529 -0.151055 0.446428
0.777658 -0.139677 0.443721
0.779621 -0.128268 0.440991
0.781417 -0.116832 0.438236
0.783045 -0.105371 0.435458
0.784505 -0.093887 0.432657
0.785796 -0.082383 0.429833
0.786919 -0.070862 0.426985
0.787872 -0.059325 0.424115
0.788657 -0.047775 0.421222
0.789272 -0.036215 0.418306
0.789718 -0.024648 0.415368
0.789994 -0.013075 0.412407
0.790101 -0.001499 0.409424
0.790038 0.010077 0.406420
0.789806 0.021650 0.403393
0.789404 0.033220 0.400345
0.788833 0.044782 0.397276
0.788092 0.056334 0.394185
0.787182 0.067875 0.391073
0.786103 0.079400 0.387940
0.784855 0.090909 0.384786
0.783439 0.102398 0.381611
0.781855 0.113866 0.378416
0.780103 0.125308 0.375201
0.778183 0.136724 0.371966
0.776096 0.148111 0.368710
0.773843 0.159466 0.365435
0.771424 0.170786 0.362140
0.768839 0.182070 0.358826
0.766089 0.193315 0.355492
0.763174 0.204518 0.352140
0.760096 0.215677 0.348768
0.756854 0.226790 0.345378
0.753450 0.237855 0.341970
0.749885 0.248868 0.338542
0.746158 0.259828 0.335097
0.742271 0.270732 0.331634
0.738225 0.281578 0.328153
0.734020 0.292364 0.324654
0.729658 0.303087 0.321138
0.725139 0.313744 0.317605
0.720460 0.324361 0.314018
0.715602 0.335014 0.310265
0.710542 0.345776 0.306230
0.705258 0.356660 0.301872
0.699734 0.367655 0.297182
0.693954 0.378744 0.292154
0.687902 0.389914 0.286783
0.681564 0.401148 0.281064
0.674926 0.412428 0.274992
0.667975 0.423737 0.268563
0.660698 0.435056 0.261774
0.653085 0.446365 0.254623
0.645125 0.457645 0.247106
0.636809 0.468874 0.239223
0.628129 0.480032 0.230973
0.619077 0.491096 0.222355
0.609649 0.502045 0.213370
0.599838 0.512855 0.204019
0.589641 0.523504 0.194305
0.579056 0.533969 0.184228
0.568082 0.544227 0.173792
0.556718 0.554255 0.163001
0.544966 0.564029 0.151859
0.532828 0.573526 0.140370
0.520308 0.582723 0.128541
0.507411 0.591599 0.116378
0.494144 0.600130 0.103886
0.480513 0.608296 0.091073
0.466527 0.616074 0.077948
0.452196 0.623445 0.064518
0.437531 0.630387 0.050792
0.422544 0.636883 0.036781
0.407249 0.642914 0.022492
0.391659 0.648463 0.007938
0.375790 0.653514 -0.006871
0.359657 0.658050 -0.021924
0.343278 0.662059 -0.037209
0.326670 0.665526 -0.052714
0.309852 0.668442 -0.068428
0.292843 0.670795 -0.084336
0.275663 0.672576 -0.100426
0.258332 0.673778 -0.116685
0.240871 0.674394 -0.133099
0.223301 0.674421 -0.149656
0.205643 0.673854 -0.166340
0.187918 0.672693 -0.183138
0.170149 0.670937 -0.200036
0.152357 0.668587 -0.217019
0.134564 0.665647 -0.234074
0.116791 0.662120 -0.251187
0.099059 0.658013 -0.268343
0.081391 0.653334 -0.285528
0.063805 0.648090 -0.302729
0.046324 0.642293 -0.319930
0.028965 0.635954 -0.337120
0.011750 0.629086 -0.354283
-0.005305 0.621703 -0.371407
-0.022181 0.613821 -0.388478
-0.038860 0.605457 -0.405484
-0.055327 0.596629 -0.422411
-0.071566 0.587356 -0.439248
-0.087563 0.577657 -0.455982
-0.103302 0.567554 -0.472601
-0.118773 0.557068 -0.489094
-0.133963 0.546223 -0.505450
-0.148860 0.535040 -0.521658
-0.163456 0.523544 -0.537707
-0.177741 0.511759 -0.553588
-0.191706 0.499710 -0.569290
-0.205346 0.487422 -0.584804
-0.218655 0.474921 -0.600121
-0.231626 0.462232 -0.615233
-0.244256 0.449381 -0.630131
-0.256542 0.436393 -0.644807
-0.268481 0.423295 -0.659254
-0.280072 0.410111 -0.673464
-0.291315 0.396867 -0.687431
-0.302209 0.383589 -0.701148
-0.312754 0.370300 -0.714608
-0.322954 0.357026 -0.727807
-0.332809 0.343789 -0.740738
-0.342322 0.330614 -0.753396
-0.351498 0.317522 -0.765776
-0.360339 0.304536 -0.777873
-0.368850 0.291677 -0.789683
-0.377035 0.278966 -0.801202
-0.384899 0.266421 -0.812425
-0.392448 0.254063 -0.823348
-0.399688 0.241908 -0.833969
-0.406623 0.229973 -0.844284
-0.413259 0.218275 -0.854289
-0.419604 0.206829 -0.863981
-0.425661 0.195648 -0.873358
-0.431439 0.184745 -0.882417
-0.436942 0.174132 -0.891156
-0.442177 0.163820 -0.899570
-0.447149 0.153819 -0.907660
-0.451864 0.144137 -0.915421
-0.456329 0.134782 -0.922853
-0.460547 0.125759 -0.929952
-0.464526 0.117075 -0.936718
-0.468269 0.108734 -0.943148
-0.471782 0.100739 -0.949240
-0.475069 0.093091 -0.954993
-0.478134 0.085792 -0.960406
-0.480983 0.078843 -0.965476
-0.483618 0.072242 -0.970203
-0.486043 0.065987 -0.974585
-0.488262 0.060075 -0.978621
-0.490279 0.054503 -0.982310
-0.492095 0.049266 -0.985651
-0.493714 0.044359 -0.988643
-0.495138 0.039774 -0.991285
-0.496370 0.035506 -0.993578
-0.497411 0.031546 -0.995519
-0.498264 0.027885 -0.997109
-0.498931 0.024516 -0.998348
-0.499412 0.021427 -0.999236
-0.499710 0.018608 -0.999772
-0.499848 0.016049 -1.000000
-0.499709 0.013738 -0.999685
-0.498811 0.011661 -0.997859
-0.496628 0.009806 -0.993471
-0.492985 0.008164 -0.986168
-0.487894 0.006726 -0.975972
-0.481369 0.005479 -0.962912
-0.473431 0.004410 -0.947027
-0.464103 0.003504 -0.928364
-0.453412 0.002745 -0.906977
-0.441392 0.002119 -0.882930
-0.428076 0.001608 -0.856293
-0.413504 0.001199 -0.827144
-0.397720 0.000877 -0.795569
-0.380768 0.000627 -0.761660
-0.362700 0.000437 -0.725518
-0.343568 0.000297 -0.687247
-0.323427 0.000195 -0.646960
-0.302339 0.000124 -0.604776
-0.280363 0.000075 -0.560818
-0.257565 0.000044 -0.515215
-0.234012 0.000024 -0.468100
-0.209772 0.000012 -0.419613
-0.184917 0.000006 -0.369895
-0.159520 0.000002 -0.319091
-0.133654 0.000001 -0.267352
-0.107397 0.000000 -0.214829
-0.080825 0.000000 -0.161676
-0.054015 0.000000 -0.108048
-0.027047 0.000000 -0.054103
0.000000 0.000000 0.000000
##END
