##TITLE= dor_2
##JCAMP-DX= 5.00 Bruker JCAMP library
##DATA TYPE= Shape Data
##ORIGIN= Bruker Analytik GmbH
##OWNER= <nmrsu>
##DATE= 2023-03-09
##TIME= 07:41:46
##MINX= 0
##MAXX= 1
##MINY= 0
##MAXY= 1
##$SHAPE_EXMODE= Gradient
##$SHAPE_TOTROT= 0
##$SHAPE_BWFAC= 0
##$SHAPE_INTEGFAC= 0
##$SHAPE_MODE= 0
##EFFIFACTOR=0.0016042
##DURATION=0.01
##DIRECTIONVEC= 0 0 1
##NPOINTS=1000
##XYDATA= (X Y Z)
0.000000 0.000000 0.000000
0.020951 0.000000 0.041909
0.041841 0.000000 0.083695
0.062607 0.000000 0.125235
0.083190 0.000000 0.166408
0.103530 0.000001 0.207093
0.123565 0.000003 0.247170
0.143238 0.000007 0.286523
0.162491 0.000015 0.325035
0.181267 0.000030 0.362594
0.199512 0.000055 0.399089
0.217171 0.000095 0.434413
0.234194 0.000157 0.468464
0.250529 0.000247 0.501140
0.266130 0.000376 0.532346
0.280950 0.000554 0.561991
0.294946 0.000793 0.589987
0.308076 0.001110 0.616253
0.320303 0.001518 0.640711
0.331590 0.002036 0.663290
0.341903 0.002682 0.683922
0.351214 0.003475 0.702548
0.359493 0.004435 0.719113
0.366716 0.005582 0.733568
0.372862 0.006935 0.745869
0.377911 0.008513 0.755981
0.381848 0.010334 0.763873
0.384661 0.012411 0.769522
0.386340 0.014759 0.772910
0.387020 0.017388 0.774309
0.387107 0.020313 0.774534
0.386974 0.023552 0.774332
0.386709 0.027119 0.773886
0.386293 0.031028 0.773159
0.385724 0.035293 0.772150
0.384999 0.039925 0.770858
0.384113 0.044936 0.769280
0.383062 0.050337 0.767415
0.381843 0.056138 0.765261
0.380451 0.062347 0.762815
0.378880 0.068972 0.760075
0.377126 0.076020 0.757038
0.375180 0.083497 0.753702
0.373038 0.091406 0.750063
0.370692 0.099752 0.746119
0.368134 0.108536 0.741864
0.365356 0.117759 0.737297
0.362350 0.127421 0.732413
0.359106 0.137518 0.727208
0.355614 0.148048 0.721677
0.351865 0.159006 0.715815
0.347847 0.170385 0.709619
0.343551 0.182177 0.703082
0.338963 0.194373 0.696201
0.334073 0.206962 0.688968
0.328869 0.219930 0.681380
0.323338 0.233265 0.673430
0.317468 0.246950 0.665113
0.311246 0.260968 0.656423
0.304660 0.275299 0.647355
0.297696 0.289924 0.637903
0.290342 0.304820 0.628062
0.282586 0.319964 0.617826
0.274416 0.335331 0.607191
0.265820 0.350894 0.596152
0.256786 0.366625 0.584703
0.247304 0.382495 0.572842
0.237362 0.398473 0.560565
0.226953 0.414528 0.547867
0.216067 0.430625 0.534747
0.204696 0.446732 0.521203
0.192834 0.462812 0.507232
0.180474 0.478829 0.492835
0.167613 0.494746 0.478010
0.154248 0.510525 0.462760
0.140376 0.526129 0.447085
0.125997 0.541516 0.430989
0.111113 0.556649 0.414474
0.095727 0.571488 0.397545
0.079842 0.585992 0.380208
0.063466 0.600121 0.362469
0.046606 0.613837 0.344335
0.029272 0.627098 0.325816
0.011477 0.639867 0.306921
-0.006768 0.652105 0.287661
-0.025445 0.663774 0.268048
-0.044538 0.674838 0.248095
-0.064027 0.685259 0.227817
-0.083892 0.695005 0.207228
-0.104109 0.704040 0.186346
-0.124655 0.712335 0.165188
-0.145502 0.719858 0.143772
-0.166623 0.726581 0.122118
-0.187988 0.732477 0.100246
-0.209567 0.737522 0.078178
-0.231327 0.741694 0.055935
-0.253235 0.744972 0.033542
-0.275256 0.747340 0.011021
-0.297355 0.748780 -0.011604
-0.319495 0.749281 -0.034307
-0.341639 0.748832 -0.057063
-0.363750 0.747426 -0.079846
-0.385789 0.745057 -0.102631
-0.407718 0.741723 -0.125391
-0.429499 0.737426 -0.148100
-0.451093 0.732167 -0.170731
-0.472463 0.725954 -0.193258
-0.493570 0.718793 -0.215655
-0.514378 0.710697 -0.237896
-0.534851 0.701680 -0.259956
-0.554953 0.691756 -0.281808
-0.574649 0.680946 -0.303429
-0.593907 0.669271 -0.324795
-0.612695 0.656753 -0.345882
-0.630982 0.643418 -0.366667
-0.648740 0.629293 -0.387129
-0.665940 0.614408 -0.407248
-0.682560 0.598794 -0.427003
-0.698573 0.582484 -0.446376
-0.713960 0.565511 -0.465349
-0.728701 0.547911 -0.483907
-0.742779 0.529720 -0.502034
-0.756178 0.510977 -0.519716
-0.768885 0.491718 -0.536940
-0.780891 0.471983 -0.553697
-0.792185 0.451811 -0.569976
-0.802763 0.431241 -0.585769
-0.812620 0.410314 -0.601069
-0.821754 0.389068 -0.615872
-0.830165 0.367543 -0.630172
-0.837856 0.345777 -0.643968
-0.844831 0.323810 -0.657260
-0.851096 0.301678 -0.670046
-0.856660 0.279419 -0.682330
-0.861534 0.257068 -0.694114
-0.865728 0.234661 -0.705403
-0.869257 0.212229 -0.716204
-0.872135 0.189807 -0.726524
-0.874380 0.167423 -0.736372
-0.876008 0.145108 -0.745756
-0.877040 0.122890 -0.754689
-0.877495 0.100793 -0.763183
-0.877394 0.078843 -0.771251
-0.876759 0.057062 -0.778908
-0.875613 0.035469 -0.786168
-0.873980 0.014084 -0.793049
-0.871882 -0.007076 -0.799567
-0.869345 -0.027997 -0.805741
-0.866392 -0.048667 -0.811589
-0.863038 -0.069099 -0.817143
-0.859275 -0.089364 -0.822460
-0.855086 -0.109531 -0.827585
-0.850464 -0.129615 -0.832533
-0.845411 -0.149607 -0.837302
-0.839930 -0.169498 -0.841891
-0.834024 -0.189278 -0.846300
-0.827694 -0.208939 -0.850526
-0.820943 -0.228469 -0.854571
-0.813776 -0.247861 -0.858432
-0.806194 -0.267105 -0.862108
-0.798202 -0.286192 -0.865600
-0.789802 -0.305113 -0.868905
-0.781000 -0.323859 -0.872024
-0.771799 -0.342420 -0.874956
-0.762202 -0.360789 -0.877700
-0.752216 -0.378956 -0.880256
-0.741843 -0.396913 -0.882623
-0.731090 -0.414652 -0.884800
-0.719961 -0.432163 -0.886787
-0.708461 -0.449439 -0.888584
-0.696596 -0.466471 -0.890191
-0.684370 -0.483252 -0.891606
-0.671791 -0.499774 -0.892829
-0.658863 -0.516028 -0.893862
-0.645593 -0.532007 -0.894702
-0.631987 -0.547703 -0.895350
-0.618052 -0.563109 -0.895806
-0.603793 -0.578219 -0.896069
-0.589218 -0.593024 -0.896141
-0.574334 -0.607517 -0.896020
-0.559147 -0.621693 -0.895706
-0.543665 -0.635544 -0.895200
-0.527894 -0.649063 -0.894502
-0.511843 -0.662245 -0.893613
-0.495519 -0.675083 -0.892531
-0.478930 -0.687571 -0.891257
-0.462083 -0.699704 -0.889793
-0.444987 -0.711475 -0.888137
-0.427649 -0.722880 -0.886291
-0.410078 -0.733912 -0.884254
-0.392283 -0.744567 -0.882028
-0.374270 -0.754840 -0.879612
-0.356050 -0.764726 -0.877008
-0.337630 -0.774220 -0.874215
-0.319020 -0.783319 -0.871234
-0.300228 -0.792017 -0.868067
-0.281264 -0.800311 -0.864713
-0.262135 -0.808197 -0.861173
-0.242852 -0.815672 -0.857449
-0.223423 -0.822732 -0.853541
-0.203858 -0.829374 -0.849449
-0.184166 -0.835594 -0.845175
-0.164356 -0.841391 -0.840720
-0.144438 -0.846761 -0.836084
-0.124421 -0.851702 -0.831268
-0.104314 -0.856212 -0.826275
-0.084128 -0.860290 -0.821103
-0.063872 -0.863932 -0.815756
-0.043556 -0.867138 -0.810233
-0.023189 -0.869906 -0.804537
-0.002780 -0.872236 -0.798668
0.017660 -0.874126 -0.792627
0.038121 -0.875575 -0.786416
0.058594 -0.876584 -0.780037
0.079069 -0.877152 -0.773490
0.099537 -0.877278 -0.766777
0.119987 -0.876963 -0.759899
0.140411 -0.876208 -0.752858
0.160797 -0.875013 -0.745656
0.181136 -0.873378 -0.738293
0.201420 -0.871306 -0.730772
0.221637 -0.868796 -0.723094
0.241779 -0.865851 -0.715261
0.261835 -0.862472 -0.707275
0.281797 -0.858660 -0.699136
0.301654 -0.854419 -0.690848
0.321397 -0.849750 -0.682411
0.341017 -0.844656 -0.673827
0.360505 -0.839140 -0.665100
0.379850 -0.833204 -0.656229
0.399045 -0.826851 -0.647217
0.418079 -0.820085 -0.638067
0.436943 -0.812910 -0.628779
0.455629 -0.805329 -0.619357
0.474128 -0.797345 -0.609801
0.492430 -0.788964 -0.600115
0.510528 -0.780188 -0.590300
0.528412 -0.771024 -0.580358
0.546073 -0.761475 -0.570291
0.563504 -0.751547 -0.560102
0.580697 -0.741243 -0.549793
0.597642 -0.730571 -0.539366
0.614331 -0.719534 -0.528823
0.630758 -0.708139 -0.518167
0.646913 -0.696391 -0.507399
0.662790 -0.684296 -0.496522
0.678380 -0.671861 -0.485539
0.693676 -0.659091 -0.474452
0.708671 -0.645993 -0.463262
0.723358 -0.632574 -0.451974
0.737729 -0.618840 -0.440588
0.751778 -0.604798 -0.429108
0.765498 -0.590456 -0.417535
0.778883 -0.575819 -0.405873
0.791926 -0.560897 -0.394124
0.804620 -0.545695 -0.382290
0.816960 -0.530223 -0.370374
0.828940 -0.514486 -0.358379
0.840554 -0.498495 -0.346307
0.851797 -0.482255 -0.334160
0.862663 -0.465776 -0.321941
0.873146 -0.449065 -0.309654
0.883243 -0.432131 -0.297300
0.892948 -0.414983 -0.284882
0.902256 -0.397629 -0.272403
0.911163 -0.380077 -0.259866
0.919665 -0.362336 -0.247273
0.927758 -0.344416 -0.234626
0.935438 -0.326324 -0.221930
0.942700 -0.308070 -0.209186
0.949543 -0.289664 -0.196396
0.955961 -0.271114 -0.183565
0.961953 -0.252429 -0.170694
0.967516 -0.233619 -0.157787
0.972646 -0.214693 -0.144846
0.977341 -0.195660 -0.131873
0.981600 -0.176530 -0.118873
0.985420 -0.157313 -0.105846
0.988798 -0.138018 -0.092797
0.991735 -0.118654 -0.079729
0.994227 -0.099231 -0.066643
0.996275 -0.079759 -0.053542
0.997877 -0.060247 -0.040431
0.999031 -0.040706 -0.027310
0.999739 -0.021144 -0.014184
0.999999 -0.001572 -0.001055
0.999811 0.018001 0.012075
0.999175 0.037565 0.025202
0.998092 0.057110 0.038323
0.996562 0.076627 0.051437
0.994586 0.096106 0.064539
0.992165 0.115537 0.077628
0.989300 0.134911 0.090699
0.985992 0.154218 0.103752
0.982243 0.173449 0.116782
0.978055 0.192593 0.129787
0.973430 0.211642 0.142764
0.968369 0.230586 0.155710
0.962876 0.249415 0.168623
0.956953 0.268121 0.181500
0.950602 0.286693 0.194338
0.943828 0.305124 0.207134
0.936633 0.323402 0.219886
0.929020 0.341521 0.232590
0.920993 0.359469 0.245245
0.912557 0.377239 0.257847
0.903714 0.394822 0.270393
0.894470 0.412209 0.282882
0.884829 0.429391 0.295309
0.874794 0.446360 0.307674
0.864373 0.463107 0.319972
0.853568 0.479624 0.332202
0.842385 0.495902 0.344360
0.830831 0.511935 0.356445
0.818909 0.527712 0.368453
0.806626 0.543228 0.380381
0.793988 0.558473 0.392229
0.781001 0.573441 0.403991
0.767671 0.588124 0.415668
0.754005 0.602514 0.427255
0.740008 0.616605 0.438750
0.725688 0.630389 0.450151
0.711051 0.643859 0.461456
0.696105 0.657009 0.472661
0.680857 0.669832 0.483765
0.665314 0.682322 0.494765
0.649483 0.694471 0.505659
0.633371 0.706275 0.516444
0.616988 0.717727 0.527119
0.600340 0.728822 0.537680
0.583436 0.739554 0.548126
0.566283 0.749917 0.558454
0.548889 0.759906 0.568663
0.531264 0.769516 0.578749
0.513415 0.778742 0.588711
0.495352 0.787580 0.598547
0.477081 0.796025 0.608254
0.458614 0.804073 0.617830
0.439957 0.811719 0.627274
0.421121 0.818960 0.636584
0.402113 0.825792 0.645757
0.382944 0.832211 0.654791
0.363622 0.838214 0.663684
0.344157 0.843799 0.672435
0.324558 0.848961 0.681042
0.304833 0.853698 0.689502
0.284994 0.858008 0.697815
0.265048 0.861888 0.705977
0.245007 0.865337 0.713989
0.224878 0.868352 0.721846
0.204672 0.870932 0.729549
0.184399 0.873075 0.737096
0.164068 0.874780 0.744484
0.143688 0.876046 0.751712
0.123270 0.876872 0.758779
0.102824 0.877257 0.765683
0.082358 0.877202 0.772422
0.061883 0.876705 0.778996
0.041409 0.875767 0.785403
0.020945 0.874388 0.791641
0.000501 0.872569 0.797709
-0.019913 0.870310 0.803606
-0.040287 0.867612 0.809330
-0.060612 0.864476 0.814881
-0.080879 0.860904 0.820256
-0.101077 0.856897 0.825456
-0.121196 0.852456 0.830478
-0.141228 0.847584 0.835322
-0.161163 0.842282 0.839987
-0.180991 0.836554 0.844472
-0.200703 0.830401 0.848775
-0.220289 0.823827 0.852896
-0.239740 0.816834 0.856834
-0.259048 0.809426 0.860588
-0.278202 0.801606 0.864157
-0.297193 0.793377 0.867541
-0.316014 0.784743 0.870738
-0.334653 0.775709 0.873749
-0.353104 0.766278 0.876572
-0.371357 0.756454 0.879206
-0.389403 0.746243 0.881653
-0.407235 0.735649 0.883909
-0.424842 0.724677 0.885977
-0.442218 0.713332 0.887853
-0.459354 0.701619 0.889540
-0.476241 0.689544 0.891035
-0.492872 0.677113 0.892339
-0.509239 0.664331 0.893452
-0.525335 0.651204 0.894372
-0.541150 0.637738 0.895101
-0.556679 0.623940 0.895638
-0.571914 0.609816 0.895982
-0.586848 0.595373 0.896134
-0.601473 0.580618 0.896094
-0.615783 0.565557 0.895861
-0.629771 0.550198 0.895436
-0.643430 0.534547 0.894819
-0.656754 0.518613 0.894009
-0.669737 0.502403 0.893008
-0.682373 0.485924 0.891815
-0.694656 0.469184 0.890431
-0.706579 0.452192 0.888855
-0.718138 0.434954 0.887089
-0.729328 0.417480 0.885132
-0.740142 0.399778 0.882985
-0.750575 0.381855 0.880649
-0.760624 0.363721 0.878124
-0.770284 0.345384 0.875410
-0.779549 0.326853 0.872508
-0.788415 0.308137 0.869419
-0.796880 0.289243 0.866143
-0.804938 0.270182 0.862681
-0.812586 0.250963 0.859035
-0.819820 0.231594 0.855203
-0.826637 0.212085 0.851189
-0.833035 0.192445 0.846991
-0.839010 0.172683 0.842612
-0.844559 0.152809 0.838051
-0.849681 0.132833 0.833311
-0.854372 0.112763 0.828392
-0.858631 0.092609 0.823295
-0.862456 0.072381 0.818022
-0.865846 0.052089 0.812572
-0.868798 0.031742 0.806949
-0.871312 0.011350 0.801152
-0.873386 -0.009078 0.795183
-0.875021 -0.029532 0.789044
-0.876215 -0.050001 0.782735
-0.876967 -0.070477 0.776258
-0.877279 -0.090949 0.769614
-0.877149 -0.111408 0.762805
-0.876579 -0.131843 0.755833
-0.875568 -0.152246 0.748698
-0.874118 -0.172607 0.741402
-0.872229 -0.192915 0.733948
-0.869902 -0.213161 0.726336
-0.867140 -0.233335 0.718567
-0.863942 -0.253429 0.710645
-0.860312 -0.273431 0.702570
-0.856251 -0.293333 0.694344
-0.851762 -0.313126 0.685970
-0.846846 -0.332799 0.677447
-0.841506 -0.352343 0.668780
-0.835746 -0.371749 0.659969
-0.829568 -0.391008 0.651016
-0.822975 -0.410110 0.641924
-0.815971 -0.429047 0.632693
-0.808560 -0.447809 0.623327
-0.800744 -0.466388 0.613827
-0.792529 -0.484774 0.604196
-0.783919 -0.502958 0.594434
-0.774917 -0.520933 0.584545
-0.765529 -0.538689 0.574531
-0.755759 -0.556218 0.564393
-0.745613 -0.573511 0.554134
-0.735094 -0.590561 0.543756
-0.724210 -0.607359 0.533262
-0.712964 -0.623896 0.522653
-0.701364 -0.640167 0.511931
-0.689414 -0.656161 0.501100
-0.677121 -0.671872 0.490161
-0.664491 -0.687293 0.479117
-0.651530 -0.702415 0.467971
-0.638245 -0.717232 0.456723
-0.624642 -0.731737 0.445378
-0.610728 -0.745922 0.433937
-0.596511 -0.759781 0.422403
-0.581997 -0.773307 0.410778
-0.567194 -0.786494 0.399065
-0.552109 -0.799335 0.387267
-0.536749 -0.811825 0.375385
-0.521122 -0.823957 0.363423
-0.505237 -0.835725 0.351382
-0.489100 -0.847124 0.339266
-0.472720 -0.858149 0.327078
-0.456106 -0.868793 0.314819
-0.439265 -0.879053 0.302493
-0.422205 -0.888923 0.290101
-0.404936 -0.898398 0.277648
-0.387466 -0.907474 0.265135
-0.369804 -0.916147 0.252564
-0.351958 -0.924412 0.239940
-0.333937 -0.932265 0.227264
-0.315750 -0.939703 0.214540
-0.297407 -0.946722 0.201769
-0.278916 -0.953319 0.188955
-0.260286 -0.959491 0.176100
-0.241528 -0.965234 0.163208
-0.222649 -0.970546 0.150281
-0.203660 -0.975424 0.137321
-0.184570 -0.979866 0.124332
-0.165388 -0.983870 0.111316
-0.146124 -0.987434 0.098276
-0.126788 -0.990556 0.085216
-0.107389 -0.993235 0.072136
-0.087936 -0.995470 0.059042
-0.068440 -0.997259 0.045935
-0.048910 -0.998601 0.032817
-0.029356 -0.999496 0.019693
-0.009787 -0.999944 0.006565
0.009787 -0.999944 -0.006565
0.029356 -0.999496 -0.019693
0.048910 -0.998601 -0.032817
0.068440 -0.997259 -0.045935
0.087936 -0.995470 -0.059042
0.107389 -0.993235 -0.072136
0.126788 -0.990556 -0.085216
0.146124 -0.987434 -0.098276
0.165388 -0.983870 -0.111316
0.184570 -0.979866 -0.124332
0.203660 -0.975424 -0.137321
0.222649 -0.970546 -0.150281
0.241528 -0.965234 -0.163208
0.260286 -0.959491 -0.176100
0.278916 -0.953319 -0.188955
0.297407 -0.946722 -0.201769
0.315750 -0.939703 -0.214540
0.333937 -0.932265 -0.227264
0.351958 -0.924412 -0.239940
0.369804 -0.916147 -0.252564
0.387466 -0.907474 -0.265135
0.404936 -0.898398 -0.277648
0.422205 -0.888923 -0.290101
0.439265 -0.879053 -0.302493
0.456106 -0.868793 -0.314819
0.472720 -0.858149 -0.327078
0.489100 -0.847124 -0.339266
0.505237 -0.835725 -0.351382
0.521122 -0.823957 -0.363423
0.536749 -0.811825 -0.375385
0.552109 -0.799335 -0.387267
0.567194 -0.786494 -0.399065
0.581997 -0.773307 -0.410778
0.596511 -0.759781 -0.422403
0.610728 -0.745922 -0.433937
0.624642 -0.731737 -0.445378
0.638245 -0.717232 -0.456723
0.651530 -0.702415 -0.467971
0.664491 -0.687293 -0.479117
0.677121 -0.671872 -0.490161
0.689414 -0.656161 -0.501100
0.701364 -0.640167 -0.511931
0.712964 -0.623896 -0.522653
0.724210 -0.607359 -0.533262
0.735094 -0.590561 -0.543756
0.745613 -0.573511 -0.554134
0.755759 -0.556218 -0.564393
0.765529 -0.538689 -0.574531
0.774917 -0.520933 -0.584545
0.783919 -0.502958 -0.594434
0.792529 -0.484774 -0.604196
0.800744 -0.466388 -0.613827
0.808560 -0.447809 -0.623327
0.815971 -0.429047 -0.632693
0.822975 -0.410110 -0.641924
0.829568 -0.391008 -0.651016
0.835746 -0.371749 -0.659969
0.841506 -0.352343 -0.668780
0.846846 -0.332799 -0.677447
0.851762 -0.313126 -0.685970
0.856251 -0.293333 -0.694344
0.860312 -0.273431 -0.702570
0.863942 -0.253429 -0.710645
0.867140 -0.233335 -0.718567
0.869902 -0.213161 -0.726336
0.872229 -0.192915 -0.733948
0.874118 -0.172607 -0.741402
0.875568 -0.152246 -0.748698
0.876579 -0.131843 -0.755833
0.877149 -0.111408 -0.762805
0.877279 -0.090949 -0.769614
0.876967 -0.070477 -0.776258
0.876215 -0.050001 -0.782735
0.875021 -0.029532 -0.789044
0.873386 -0.009078 -0.795183
0.871312 0.011350 -0.801152
0.868798 0.031742 -0.806949
0.865846 0.052089 -0.812572
0.862456 0.072381 -0.818022
0.858631 0.092609 -0.823295
0.854372 0.112763 -0.828392
0.849681 0.132833 -0.833311
0.844559 0.152809 -0.838051
0.839010 0.172683 -0.842612
0.833035 0.192445 -0.846991
0.826637 0.212085 -0.851189
0.819820 0.231594 -0.855203
0.812586 0.250963 -0.859035
0.804938 0.270182 -0.862681
0.796880 0.289243 -0.866143
0.788415 0.308137 -0.869419
0.779549 0.326853 -0.872508
0.770284 0.345384 -0.875410
0.760624 0.363721 -0.878124
0.750575 0.381855 -0.880649
0.740142 0.399778 -0.882985
0.729328 0.417480 -0.885132
0.718138 0.434954 -0.887089
0.706579 0.452192 -0.888855
0.694656 0.469184 -0.890431
0.682373 0.485924 -0.891815
0.669737 0.502403 -0.893008
0.656754 0.518613 -0.894009
0.643430 0.534547 -0.894819
0.629771 0.550198 -0.895436
0.615783 0.565557 -0.895861
0.601473 0.580618 -0.896094
0.586848 0.595373 -0.896134
0.571914 0.609816 -0.895982
0.556679 0.623940 -0.895638
0.541150 0.637738 -0.895101
0.525335 0.651204 -0.894372
0.509239 0.664331 -0.893452
0.492872 0.677113 -0.892339
0.476241 0.689544 -0.891035
0.459354 0.701619 -0.889540
0.442218 0.713332 -0.887853
0.424842 0.724677 -0.885977
0.407235 0.735649 -0.883909
0.389403 0.746243 -0.881653
0.371357 0.756454 -0.879206
0.353104 0.766278 -0.876572
0.334653 0.775709 -0.873749
0.316014 0.784743 -0.870738
0.297193 0.793377 -0.867541
0.278202 0.801606 -0.864157
0.259048 0.809426 -0.860588
0.239740 0.816834 -0.856834
0.220289 0.823827 -0.852896
0.200703 0.830401 -0.848775
0.180991 0.836554 -0.844472
0.161163 0.842282 -0.839987
0.141228 0.847584 -0.835322
0.121196 0.852456 -0.830478
0.101077 0.856897 -0.825456
0.080879 0.860904 -0.820256
0.060612 0.864476 -0.814881
0.040287 0.867612 -0.809330
0.019913 0.870310 -0.803606
-0.000501 0.872569 -0.797709
-0.020945 0.874388 -0.791641
-0.041409 0.875767 -0.785403
-0.061883 0.876705 -0.778996
-0.082358 0.877202 -0.772422
-0.102824 0.877257 -0.765683
-0.123270 0.876872 -0.758779
-0.143688 0.876046 -0.751712
-0.164068 0.874780 -0.744484
-0.184399 0.873075 -0.737096
-0.204672 0.870932 -0.729549
-0.224878 0.868352 -0.721846
-0.245007 0.865337 -0.713989
-0.265048 0.861888 -0.705977
-0.284994 0.858008 -0.697815
-0.304833 0.853698 -0.689502
-0.324558 0.848961 -0.681042
-0.344157 0.843799 -0.672435
-0.363622 0.838214 -0.663684
-0.382944 0.832211 -0.654791
-0.402113 0.825792 -0.645757
-0.421121 0.818960 -0.636584
-0.439957 0.811719 -0.627274
-0.458614 0.804073 -0.617830
-0.477081 0.796025 -0.608254
-0.495352 0.787580 -0.598547
-0.513415 0.778742 -0.588711
-0.531264 0.769516 -0.578749
-0.548889 0.759906 -0.568663
-0.566283 0.749917 -0.558454
-0.583436 0.739554 -0.548126
-0.600340 0.728822 -0.537680
-0.616988 0.717727 -0.527119
-0.633371 0.706275 -0.516444
-0.649483 0.694471 -0.505659
-0.665314 0.682322 -0.494765
-0.680857 0.669832 -0.483765
-0.696105 0.657009 -0.472661
-0.711051 0.643859 -0.461456
-0.725688 0.630389 -0.450151
-0.740008 0.616605 -0.438750
-0.754005 0.602514 -0.427255
-0.767671 0.588124 -0.415668
-0.781001 0.573441 -0.403991
-0.793988 0.558473 -0.392229
-0.806626 0.543228 -0.380381
-0.818909 0.527712 -0.368453
-0.830831 0.511935 -0.356445
-0.842385 0.495902 -0.344360
-0.853568 0.479624 -0.332202
-0.864373 0.463107 -0.319972
-0.874794 0.446360 -0.307674
-0.884829 0.429391 -0.295309
-0.894470 0.412209 -0.282882
-0.903714 0.394822 -0.270393
-0.912557 0.377239 -0.257847
-0.920993 0.359469 -0.245245
-0.929020 0.341521 -0.232590
-0.936633 0.323402 -0.219886
-0.943828 0.305124 -0.207134
-0.950602 0.286693 -0.194338
-0.956953 0.268121 -0.181500
-0.962876 0.249415 -0.168623
-0.968369 0.230586 -0.155710
-0.973430 0.211642 -0.142764
-0.978055 0.192593 -0.129787
-0.982243 0.173449 -0.116782
-0.985992 0.154218 -0.103752
-0.989300 0.134911 -0.090699
-0.992165 0.115537 -0.077628
-0.994586 0.096106 -0.064539
-0.996562 0.076627 -0.051437
-0.998092 0.057110 -0.038323
-0.999175 0.037565 -0.025202
-0.999811 0.018001 -0.012075
-0.999999 -0.001572 0.001055
-0.999739 -0.021144 0.014184
-0.999031 -0.040706 0.027310
-0.997877 -0.060247 0.040431
-0.996275 -0.079759 0.053542
-0.994227 -0.099231 0.066643
-0.991735 -0.118654 0.079729
-0.988798 -0.138018 0.092797
-0.985420 -0.157313 0.105846
-0.981600 -0.176530 0.118873
-0.977341 -0.195660 0.131873
-0.972646 -0.214693 0.144846
-0.967516 -0.233619 0.157787
-0.961953 -0.252429 0.170694
-0.955961 -0.271114 0.183565
-0.949543 -0.289664 0.196396
-0.942700 -0.308070 0.209186
-0.935438 -0.326324 0.221930
-0.927758 -0.344416 0.234626
-0.919665 -0.362336 0.247273
-0.911163 -0.380077 0.259866
-0.902256 -0.397629 0.272403
-0.892948 -0.414983 0.284882
-0.883243 -0.432131 0.297300
-0.873146 -0.449065 0.309654
-0.862663 -0.465776 0.321941
-0.851797 -0.482255 0.334160
-0.840554 -0.498495 0.346307
-0.828940 -0.514486 0.358379
-0.816960 -0.530223 0.370374
-0.804620 -0.545695 0.382290
-0.791926 -0.560897 0.394124
-0.778883 -0.575819 0.405873
-0.765498 -0.590456 0.417535
-0.751778 -0.604798 0.429108
-0.737729 -0.618840 0.440588
-0.723358 -0.632574 0.451974
-0.708671 -0.645993 0.463262
-0.693676 -0.659091 0.474452
-0.678380 -0.671861 0.485539
-0.662790 -0.684296 0.496522
-0.646913 -0.696391 0.507399
-0.630758 -0.708139 0.518167
-0.614331 -0.719534 0.528823
-0.597642 -0.730571 0.539366
-0.580697 -0.741243 0.549793
-0.563504 -0.751547 0.560102
-0.546073 -0.761475 0.570291
-0.528412 -0.771024 0.580358
-0.510528 -0.780188 0.590300
-0.492430 -0.788964 0.600115
-0.474128 -0.797345 0.609801
-0.455629 -0.805329 0.619357
-0.436943 -0.812910 0.628779
-0.418079 -0.820085 0.638067
-0.399045 -0.826851 0.647217
-0.379850 -0.833204 0.656229
-0.360505 -0.839140 0.665100
-0.341017 -0.844656 0.673827
-0.321397 -0.849750 0.682411
-0.301654 -0.854419 0.690848
-0.281797 -0.858660 0.699136
-0.261835 -0.862472 0.707275
-0.241779 -0.865851 0.715261
-0.221637 -0.868796 0.723094
-0.201420 -0.871306 0.730772
-0.181136 -0.873378 0.738293
-0.160797 -0.875013 0.745656
-0.140411 -0.876208 0.752858
-0.119987 -0.876963 0.759899
-0.099537 -0.877278 0.766777
-0.079069 -0.877152 0.773490
-0.058594 -0.876584 0.780037
-0.038121 -0.875575 0.786416
-0.017660 -0.874126 0.792627
0.002780 -0.872236 0.798668
0.023189 -0.869906 0.804537
0.043556 -0.867138 0.810233
0.063872 -0.863932 0.815756
0.084128 -0.860290 0.821103
0.104314 -0.856212 0.826275
0.124421 -0.851702 0.831268
0.144438 -0.846761 0.836084
0.164356 -0.841391 0.840720
0.184166 -0.835594 0.845175
0.203858 -0.829374 0.849449
0.223423 -0.822732 0.853541
0.242852 -0.815672 0.857449
0.262135 -0.808197 0.861173
0.281264 -0.800311 0.864713
0.300228 -0.792017 0.868067
0.319020 -0.783319 0.871234
0.337630 -0.774220 0.874215
0.356050 -0.764726 0.877008
0.374270 -0.754840 0.879612
0.392283 -0.744567 0.882028
0.410078 -0.733912 0.884254
0.427649 -0.722880 0.886291
0.444987 -0.711475 0.888137
0.462083 -0.699704 0.889793
0.478930 -0.687571 0.891257
0.495519 -0.675083 0.892531
0.511843 -0.662245 0.893613
0.527894 -0.649063 0.894502
0.543665 -0.635544 0.895200
0.559147 -0.621693 0.895706
0.574334 -0.607517 0.896020
0.589218 -0.593024 0.896141
0.603793 -0.578219 0.896069
0.618052 -0.563109 0.895806
0.631987 -0.547703 0.895350
0.645593 -0.532007 0.894702
0.658863 -0.516028 0.893862
0.671791 -0.499774 0.892829
0.684370 -0.483252 0.891606
0.696596 -0.466471 0.890191
0.708461 -0.449439 0.888584
0.719961 -0.432163 0.886787
0.731090 -0.414652 0.884800
0.741843 -0.396913 0.882623
0.752216 -0.378956 0.880256
0.762202 -0.360789 0.877700
0.771799 -0.342420 0.874956
0.781000 -0.323859 0.872024
0.789802 -0.305113 0.868905
0.798202 -0.286192 0.865600
0.806194 -0.267105 0.862108
0.813776 -0.247861 0.858432
0.820943 -0.228469 0.854571
0.827694 -0.208939 0.850526
0.834024 -0.189278 0.846300
0.839930 -0.169498 0.841891
0.845411 -0.149607 0.837302
0.850464 -0.129615 0.832533
0.855086 -0.109531 0.827585
0.859275 -0.089364 0.822460
0.863038 -0.069099 0.817143
0.866392 -0.048667 0.811589
0.869345 -0.027997 0.805741
0.871882 -0.007076 0.799567
0.873980 0.014084 0.793049
0.875613 0.035469 0.786168
0.876759 0.057062 0.778908
0.877394 0.078843 0.771251
0.877495 0.100793 0.763183
0.877040 0.122890 0.754689
0.876008 0.145108 0.745756
0.874380 0.167423 0.736372
0.872135 0.189807 0.726524
0.869257 0.212229 0.716204
0.865728 0.234661 0.705403
0.861534 0.257068 0.694114
0.856660 0.279419 0.682330
0.851096 0.301678 0.670046
0.844831 0.323810 0.657260
0.837856 0.345777 0.643968
0.830165 0.367543 0.630172
0.821754 0.389068 0.615872
0.812620 0.410314 0.601069
0.802763 0.431241 0.585769
0.792185 0.451811 0.569976
0.780891 0.471983 0.553697
0.768885 0.491718 0.536940
0.756178 0.510977 0.519716
0.742779 0.529720 0.502034
0.728701 0.547911 0.483907
0.713960 0.565511 0.465349
0.698573 0.582484 0.446376
0.682560 0.598794 0.427003
0.665940 0.614408 0.407248
0.648740 0.629293 0.387129
0.630982 0.643418 0.366667
0.612695 0.656753 0.345882
0.593907 0.669271 0.324795
0.574649 0.680946 0.303429
0.554953 0.691756 0.281808
0.534851 0.701680 0.259956
0.514378 0.710697 0.237896
0.493570 0.718793 0.215655
0.472463 0.725954 0.193258
0.451093 0.732167 0.170731
0.429499 0.737426 0.148100
0.407718 0.741723 0.125391
0.385789 0.745057 0.102631
0.363750 0.747426 0.079846
0.341639 0.748832 0.057063
0.319495 0.749281 0.034307
0.297355 0.748780 0.011604
0.275256 0.747340 -0.011021
0.253235 0.744972 -0.033542
0.231327 0.741694 -0.055935
0.209567 0.737522 -0.078178
0.187988 0.732477 -0.100246
0.166623 0.726581 -0.122118
0.145502 0.719858 -0.143772
0.124655 0.712335 -0.165188
0.104109 0.704040 -0.186346
0.083892 0.695005 -0.207228
0.064027 0.685259 -0.227817
0.044538 0.674838 -0.248095
0.025445 0.663774 -0.268048
0.006768 0.652105 -0.287661
-0.011477 0.639867 -0.306921
-0.029272 0.627098 -0.325816
-0.046606 0.613837 -0.344335
-0.063466 0.600121 -0.362469
-0.079842 0.585992 -0.380208
-0.095727 0.571488 -0.397545
-0.111113 0.556649 -0.414474
-0.125997 0.541516 -0.430989
-0.140376 0.526129 -0.447085
-0.154248 0.510525 -0.462760
-0.167613 0.494746 -0.478010
-0.180474 0.478829 -0.492835
-0.192834 0.462812 -0.507232
-0.204696 0.446732 -0.521203
-0.216067 0.430625 -0.534747
-0.226953 0.414528 -0.547867
-0.237362 0.398473 -0.560565
-0.247304 0.382495 -0.572842
-0.256786 0.366625 -0.584703
-0.265820 0.350894 -0.596152
-0.274416 0.335331 -0.607191
-0.282586 0.319964 -0.617826
-0.290342 0.304820 -0.628062
-0.297696 0.289924 -0.637903
-0.304660 0.275299 -0.647355
-0.311246 0.260968 -0.656423
-0.317468 0.246950 -0.665113
-0.323338 0.233265 -0.673430
-0.328869 0.219930 -0.681380
-0.334073 0.206962 -0.688968
-0.338963 0.194373 -0.696201
-0.343551 0.182177 -0.703082
-0.347847 0.170385 -0.709619
-0.351865 0.159006 -0.715815
-0.355614 0.148048 -0.721677
-0.359106 0.137518 -0.727208
-0.362350 0.127421 -0.732413
-0.365356 0.117759 -0.737297
-0.368134 0.108536 -0.741864
-0.370692 0.099752 -0.746119
-0.373038 0.091406 -0.750063
-0.375180 0.083497 -0.753702
-0.377126 0.076020 -0.757038
-0.378880 0.068972 -0.760075
-0.380451 0.062347 -0.762815
-0.381843 0.056138 -0.765261
-0.383062 0.050337 -0.767415
-0.384113 0.044936 -0.769280
-0.384999 0.039925 -0.770858
-0.385724 0.035293 -0.772150
-0.386293 0.031028 -0.773159
-0.386709 0.027119 -0.773886
-0.386974 0.023552 -0.774332
-0.387107 0.020313 -0.774534
-0.387020 0.017388 -0.774309
-0.386340 0.014759 -0.772910
-0.384661 0.012411 -0.769522
-0.381848 0.010334 -0.763873
-0.377911 0.008513 -0.755981
-0.372862 0.006935 -0.745869
-0.366716 0.005582 -0.733568
-0.359493 0.004435 -0.719113
-0.351214 0.003475 -0.702548
-0.341903 0.002682 -0.683922
-0.331590 0.002036 -0.663290
-0.320303 0.001518 -0.640711
-0.308076 0.001110 -0.616253
-0.294946 0.000793 -0.589987
-0.280950 0.000554 -0.561991
-0.266130 0.000376 -0.532346
-0.250529 0.000247 -0.501140
-0.234194 0.000157 -0.468464
-0.217171 0.000095 -0.434413
-0.199512 0.000055 -0.399089
-0.181267 0.000030 -0.362594
-0.162491 0.000015 -0.325035
-0.143238 0.000007 -0.286523
-0.123565 0.000003 -0.247170
-0.103530 0.000001 -0.207093
-0.083190 0.000000 -0.166408
-0.062607 0.000000 -0.125235
-0.041841 0.000000 -0.083695
-0.020951 0.000000 -0.041909
0.000000 0.000000 0.000000
##END
