##TITLE= dor_5
##JCAMP-DX= 5.00 Bruker JCAMP library
##DATA TYPE= Shape Data
##ORIGIN= Bruker Analytik GmbH
##OWNER= <nmrsu>
##DATE= 2023-03-09
##TIME= 07:41:51
##MINX= 0
##MAXX= 1
##MINY= 0
##MAXY= 1
##$SHAPE_EXMODE= Gradient
##$SHAPE_TOTROT= 0
##$SHAPE_BWFAC= 0
##$SHAPE_INTEGFAC= 0
##$SHAPE_MODE= 0
##EFFIFACTOR=0.00031966
##DURATION=0.01
##DIRECTIONVEC= 0 0 1
##NPOINTS=1000
##XYDATA= (X Y Z)
0.000000 0.000000 0.000000
0.009353 0.000000 0.018710
0.018679 0.000000 0.037365
0.027951 0.000000 0.055910
0.037140 0.000000 0.074292
0.046220 0.000001 0.092455
0.055165 0.000003 0.110348
0.063948 0.000007 0.127916
0.072543 0.000015 0.145110
0.080926 0.000029 0.161878
0.089071 0.000053 0.178171
0.096955 0.000092 0.193941
0.104554 0.000152 0.209143
0.111847 0.000239 0.223731
0.118812 0.000363 0.237662
0.125428 0.000535 0.250897
0.131676 0.000767 0.263396
0.137538 0.001072 0.275121
0.142996 0.001467 0.286040
0.148034 0.001967 0.296118
0.152637 0.002591 0.305328
0.156791 0.003357 0.313640
0.160484 0.004285 0.321031
0.163704 0.005393 0.327477
0.166440 0.006700 0.332960
0.168684 0.008225 0.337460
0.170428 0.009983 0.340965
0.171664 0.011990 0.343460
0.172387 0.014258 0.344938
0.172656 0.016797 0.345516
0.172650 0.019623 0.345556
0.172533 0.022751 0.345389
0.172341 0.026195 0.345092
0.172064 0.029970 0.344644
0.171695 0.034087 0.344041
0.171230 0.038558 0.343275
0.170663 0.043394 0.342340
0.169985 0.048604 0.341229
0.169190 0.054197 0.339931
0.168270 0.060181 0.338439
0.167214 0.066563 0.336740
0.166012 0.073348 0.334825
0.164655 0.080539 0.332680
0.163129 0.088141 0.330293
0.161422 0.096152 0.327648
0.159520 0.104574 0.324730
0.157408 0.113404 0.321523
0.155072 0.122638 0.318009
0.152494 0.132270 0.314170
0.149658 0.142292 0.309986
0.146546 0.152695 0.305438
0.143138 0.163466 0.300503
0.139417 0.174590 0.295161
0.135362 0.186052 0.289388
0.130953 0.197833 0.283161
0.126169 0.209910 0.276457
0.120989 0.222259 0.269251
0.115394 0.234854 0.261519
0.109361 0.247666 0.253237
0.102871 0.260662 0.244381
0.095904 0.273806 0.234925
0.088439 0.287062 0.224848
0.080459 0.300389 0.214125
0.071944 0.313743 0.202735
0.062880 0.327077 0.190657
0.053251 0.340344 0.177870
0.043044 0.353491 0.164356
0.032247 0.366463 0.150100
0.020851 0.379205 0.135085
0.008849 0.391657 0.119299
-0.003763 0.403758 0.102733
-0.016987 0.415444 0.085379
-0.030819 0.426651 0.067233
-0.045256 0.437312 0.048294
-0.060288 0.447358 0.028563
-0.075904 0.456722 0.008046
-0.092085 0.465334 -0.013247
-0.108813 0.473124 -0.035303
-0.126061 0.480022 -0.058104
-0.143801 0.485960 -0.081630
-0.162000 0.490868 -0.105854
-0.180618 0.494680 -0.130745
-0.199614 0.497332 -0.156270
-0.218940 0.498760 -0.182387
-0.238545 0.498904 -0.209054
-0.258372 0.497707 -0.236222
-0.278361 0.495117 -0.263839
-0.298448 0.491084 -0.291846
-0.318564 0.485564 -0.320183
-0.338638 0.478519 -0.348784
-0.358595 0.469914 -0.377580
-0.378355 0.459722 -0.406499
-0.397840 0.447922 -0.435464
-0.416964 0.434500 -0.464396
-0.435645 0.419447 -0.493214
-0.453795 0.402765 -0.521832
-0.471328 0.384460 -0.550166
-0.488156 0.364548 -0.578128
-0.504193 0.343052 -0.605629
-0.519352 0.320002 -0.632580
-0.533550 0.295439 -0.658891
-0.546702 0.269409 -0.684475
-0.558729 0.241966 -0.709241
-0.569554 0.213173 -0.733104
-0.579102 0.183100 -0.755979
-0.587306 0.151823 -0.777782
-0.594099 0.119428 -0.798434
-0.599423 0.086004 -0.817857
-0.603223 0.051646 -0.835978
-0.605452 0.016458 -0.852729
-0.606068 -0.019455 -0.868043
-0.605035 -0.055982 -0.881862
-0.602327 -0.093007 -0.894130
-0.597923 -0.130413 -0.904797
-0.591808 -0.168079 -0.913821
-0.583978 -0.205884 -0.921162
-0.574434 -0.243705 -0.926790
-0.563184 -0.281417 -0.930678
-0.550246 -0.318898 -0.932807
-0.535644 -0.356026 -0.933164
-0.519409 -0.392680 -0.931743
-0.501578 -0.428741 -0.928543
-0.482196 -0.464096 -0.923569
-0.461316 -0.498632 -0.916835
-0.438993 -0.532241 -0.908357
-0.415290 -0.564822 -0.898159
-0.390276 -0.596276 -0.886271
-0.364023 -0.626510 -0.872728
-0.336608 -0.655440 -0.857567
-0.308112 -0.682985 -0.840834
-0.278618 -0.709070 -0.822577
-0.248214 -0.733631 -0.802847
-0.216987 -0.756606 -0.781702
-0.185028 -0.777943 -0.759199
-0.152429 -0.797595 -0.735400
-0.119282 -0.815525 -0.710370
-0.085679 -0.831701 -0.684175
-0.051711 -0.846097 -0.656882
-0.017470 -0.858696 -0.628561
0.016955 -0.869485 -0.599279
0.051475 -0.878461 -0.569108
0.086005 -0.885623 -0.538118
0.120461 -0.890979 -0.506377
0.154762 -0.894541 -0.473954
0.188830 -0.896325 -0.440917
0.222591 -0.896355 -0.407333
0.255973 -0.894656 -0.373266
0.288909 -0.891260 -0.338779
0.321333 -0.886199 -0.303932
0.353194 -0.879509 -0.268769
0.384456 -0.871221 -0.233301
0.415082 -0.861357 -0.197534
0.445016 -0.849941 -0.161502
0.474200 -0.836996 -0.125254
0.502571 -0.822552 -0.088837
0.530074 -0.806639 -0.052301
0.556649 -0.789292 -0.015695
0.582244 -0.770545 0.020932
0.606804 -0.750439 0.057530
0.630278 -0.729014 0.094052
0.652617 -0.706315 0.130448
0.673775 -0.682387 0.166668
0.693705 -0.657280 0.202665
0.712365 -0.631043 0.238390
0.729716 -0.603730 0.273796
0.745720 -0.575395 0.308834
0.760340 -0.546095 0.343457
0.773546 -0.515887 0.377620
0.785306 -0.484832 0.411277
0.795595 -0.452991 0.444381
0.804387 -0.420427 0.476890
0.811660 -0.387204 0.508758
0.817398 -0.353387 0.539944
0.821583 -0.319042 0.570406
0.824204 -0.284236 0.600103
0.825250 -0.249037 0.628994
0.824716 -0.213514 0.657042
0.822596 -0.177735 0.684208
0.818892 -0.141770 0.710456
0.813606 -0.105688 0.735752
0.806742 -0.069560 0.760060
0.798310 -0.033453 0.783349
0.788322 0.002561 0.805586
0.776792 0.038415 0.826743
0.763738 0.074039 0.846791
0.749181 0.109365 0.865703
0.733144 0.144327 0.883453
0.715653 0.178857 0.900019
0.696739 0.212889 0.915377
0.676432 0.246361 0.929506
0.654769 0.279207 0.942389
0.631786 0.311367 0.954008
0.607524 0.342780 0.964347
0.582024 0.373387 0.973392
0.555334 0.403130 0.981131
0.527499 0.431955 0.987554
0.498569 0.459808 0.992653
0.468597 0.486637 0.996419
0.437635 0.512393 0.998849
0.405742 0.537028 0.999939
0.372973 0.560498 0.999687
0.339388 0.582760 0.998094
0.305050 0.603774 0.995163
0.270020 0.623503 0.990896
0.234363 0.641910 0.985300
0.198145 0.658964 0.978382
0.161431 0.674635 0.970152
0.124291 0.688897 0.960620
0.086792 0.701724 0.949799
0.049003 0.713096 0.937704
0.010996 0.722994 0.924351
-0.027159 0.731403 0.909759
-0.065392 0.738311 0.893945
-0.103631 0.743707 0.876933
-0.141804 0.747586 0.858744
-0.179840 0.749944 0.839403
-0.217668 0.750780 0.818936
-0.255216 0.750097 0.797370
-0.292415 0.747900 0.774734
-0.329194 0.744198 0.751060
-0.365484 0.739002 0.726377
-0.401217 0.732327 0.700721
-0.436324 0.724190 0.674124
-0.470739 0.714611 0.646622
-0.504397 0.703613 0.618254
-0.537234 0.691221 0.589056
-0.569188 0.677465 0.559067
-0.600198 0.662374 0.528329
-0.630204 0.645984 0.496882
-0.659148 0.628330 0.464768
-0.686977 0.609451 0.432031
-0.713635 0.589388 0.398714
-0.739072 0.568183 0.364863
-0.763238 0.545884 0.330521
-0.786087 0.522538 0.295737
-0.807574 0.498193 0.260556
-0.827657 0.472903 0.225025
-0.846297 0.446719 0.189192
-0.863458 0.419698 0.153106
-0.879105 0.391896 0.116814
-0.893207 0.363372 0.080365
-0.905736 0.334184 0.043809
-0.916666 0.304394 0.007193
-0.925976 0.274064 -0.029431
-0.933645 0.243257 -0.066017
-0.939657 0.212036 -0.102514
-0.943999 0.180466 -0.138873
-0.946660 0.148612 -0.175046
-0.947634 0.116541 -0.210984
-0.946916 0.084317 -0.246639
-0.944506 0.052007 -0.281963
-0.940407 0.019679 -0.316909
-0.934622 -0.012603 -0.351430
-0.927162 -0.044771 -0.385480
-0.918038 -0.076760 -0.419012
-0.907264 -0.108505 -0.451982
-0.894859 -0.139940 -0.484346
-0.880844 -0.171001 -0.516060
-0.865243 -0.201625 -0.547081
-0.848082 -0.231749 -0.577369
-0.829391 -0.261312 -0.606882
-0.809204 -0.290254 -0.635581
-0.787556 -0.318516 -0.663428
-0.764484 -0.346040 -0.690384
-0.740031 -0.372769 -0.716414
-0.714239 -0.398651 -0.741484
-0.687154 -0.423632 -0.765558
-0.658826 -0.447661 -0.788605
-0.629304 -0.470690 -0.810595
-0.598642 -0.492672 -0.831497
-0.566895 -0.513562 -0.851283
-0.534120 -0.533319 -0.869928
-0.500377 -0.551900 -0.887405
-0.465725 -0.569270 -0.903692
-0.430228 -0.585393 -0.918767
-0.393951 -0.600237 -0.932609
-0.356958 -0.613770 -0.945200
-0.319317 -0.625966 -0.956523
-0.281096 -0.636801 -0.966562
-0.242364 -0.646251 -0.975305
-0.203192 -0.654298 -0.982740
-0.163651 -0.660926 -0.988856
-0.123812 -0.666121 -0.993646
-0.083749 -0.669873 -0.997102
-0.043533 -0.672175 -0.999221
-0.003238 -0.673020 -1.000000
0.037063 -0.672409 -0.999437
0.077297 -0.670341 -0.997533
0.117389 -0.666822 -0.994291
0.157269 -0.661858 -0.989715
0.196863 -0.655459 -0.983812
0.236099 -0.647639 -0.976588
0.274906 -0.638412 -0.968055
0.313214 -0.627799 -0.958222
0.350953 -0.615820 -0.947105
0.388055 -0.602500 -0.934716
0.424452 -0.587865 -0.921074
0.460078 -0.571945 -0.906196
0.494870 -0.554773 -0.890102
0.528763 -0.536384 -0.872815
0.561698 -0.516814 -0.854356
0.593614 -0.496103 -0.834751
0.624454 -0.474293 -0.814027
0.654163 -0.451429 -0.792210
0.682686 -0.427558 -0.769330
0.709974 -0.402726 -0.745419
0.735977 -0.376986 -0.720507
0.760648 -0.350388 -0.694629
0.783944 -0.322989 -0.667819
0.805824 -0.294842 -0.640113
0.826248 -0.266005 -0.611549
0.845182 -0.236538 -0.582164
0.862590 -0.206500 -0.551997
0.878444 -0.175952 -0.521091
0.892716 -0.144956 -0.489485
0.905381 -0.113577 -0.457223
0.916418 -0.081878 -0.424347
0.925808 -0.049924 -0.390902
0.933537 -0.017780 -0.356933
0.939591 0.014488 -0.322485
0.943962 0.046814 -0.287604
0.946643 0.079131 -0.252337
0.947633 0.111373 -0.216732
0.946930 0.143473 -0.180836
0.944540 0.175366 -0.144698
0.940467 0.206986 -0.108365
0.934723 0.238268 -0.071887
0.927319 0.269146 -0.035313
0.918272 0.299557 0.001309
0.907600 0.329438 0.037929
0.895327 0.358726 0.074499
0.881475 0.387361 0.110968
0.866075 0.415283 0.147288
0.849155 0.442434 0.183411
0.830750 0.468755 0.219288
0.810896 0.494193 0.254870
0.789631 0.518693 0.290111
0.766998 0.542203 0.324962
0.743041 0.564674 0.359378
0.717805 0.586057 0.393311
0.691339 0.606307 0.426717
0.663696 0.625379 0.459550
0.634926 0.643232 0.491767
0.605087 0.659828 0.523324
0.574235 0.675130 0.554179
0.542429 0.689102 0.584291
0.509729 0.701715 0.613618
0.476199 0.712939 0.642123
0.441900 0.722748 0.669766
0.406900 0.731118 0.696510
0.371264 0.738029 0.722321
0.335059 0.743464 0.747162
0.298354 0.747406 0.771001
0.261217 0.749845 0.793805
0.223720 0.750772 0.815545
0.185932 0.750180 0.836190
0.147925 0.748067 0.855714
0.109769 0.744433 0.874090
0.071536 0.739280 0.891293
0.033298 0.732614 0.907300
-0.004875 0.724446 0.922090
-0.042911 0.714786 0.935644
-0.080739 0.703649 0.947942
-0.118289 0.691054 0.958968
-0.155492 0.677022 0.968708
-0.192279 0.661576 0.977148
-0.228581 0.644742 0.984278
-0.264333 0.626550 0.990086
-0.299468 0.607031 0.994567
-0.333921 0.586221 0.997714
-0.367631 0.564157 0.999522
-0.400535 0.540878 0.999989
-0.432573 0.516427 0.999114
-0.463688 0.490848 0.996900
-0.493823 0.464188 0.993348
-0.522924 0.436496 0.988463
-0.550938 0.407824 0.982252
-0.577816 0.378224 0.974724
-0.603510 0.347752 0.965887
-0.627974 0.316465 0.955756
-0.651165 0.284421 0.944341
-0.673043 0.251681 0.931661
-0.693569 0.218306 0.917730
-0.712710 0.184359 0.902568
-0.730431 0.149904 0.886195
-0.746704 0.115008 0.868633
-0.761500 0.079736 0.849906
-0.774797 0.044155 0.830039
-0.786574 0.008334 0.809059
-0.796810 -0.027660 0.786992
-0.805493 -0.063756 0.763871
-0.812609 -0.099886 0.739724
-0.818150 -0.135980 0.714585
-0.822108 -0.171968 0.688488
-0.824482 -0.207782 0.661466
-0.825271 -0.243351 0.633558
-0.824478 -0.278606 0.604799
-0.822110 -0.313480 0.575229
-0.818175 -0.347903 0.544888
-0.812686 -0.381810 0.513815
-0.805658 -0.415133 0.482053
-0.797109 -0.447807 0.449645
-0.787059 -0.479769 0.416633
-0.775533 -0.510954 0.383062
-0.762558 -0.541302 0.348978
-0.748162 -0.570752 0.314425
-0.732379 -0.599246 0.279450
-0.715242 -0.626727 0.244101
-0.696789 -0.653140 0.208424
-0.677060 -0.678432 0.172467
-0.656097 -0.702553 0.136279
-0.633945 -0.725452 0.099909
-0.610649 -0.747085 0.063404
-0.586260 -0.767406 0.026814
-0.560829 -0.786373 -0.009812
-0.534407 -0.803948 -0.046424
-0.507050 -0.820094 -0.082975
-0.478814 -0.834776 -0.119414
-0.449757 -0.847963 -0.155693
-0.419939 -0.859627 -0.191763
-0.389420 -0.869742 -0.227575
-0.358263 -0.878285 -0.263083
-0.326532 -0.885236 -0.298237
-0.294289 -0.890578 -0.332992
-0.261602 -0.894297 -0.367299
-0.228534 -0.896383 -0.401114
-0.195154 -0.896828 -0.434391
-0.161529 -0.895627 -0.467085
-0.127724 -0.892778 -0.499153
-0.093810 -0.888284 -0.530550
-0.059852 -0.882148 -0.561237
-0.025919 -0.874379 -0.591170
0.007922 -0.864987 -0.620310
0.041603 -0.853986 -0.648618
0.075058 -0.841394 -0.676055
0.108220 -0.827230 -0.702586
0.141023 -0.811518 -0.728175
0.173404 -0.794282 -0.752786
0.205298 -0.775553 -0.776387
0.236642 -0.755362 -0.798947
0.267376 -0.733743 -0.820436
0.297438 -0.710734 -0.840823
0.326770 -0.686374 -0.860083
0.355314 -0.660707 -0.878188
0.383016 -0.633776 -0.895116
0.409821 -0.605630 -0.910843
0.435677 -0.576318 -0.925347
0.460534 -0.545892 -0.938611
0.484345 -0.514407 -0.950615
0.507063 -0.481918 -0.961344
0.528646 -0.448484 -0.970783
0.549051 -0.414165 -0.978920
0.568240 -0.379023 -0.985744
0.586177 -0.343120 -0.991245
0.602827 -0.306522 -0.995417
0.618161 -0.269295 -0.998253
0.632149 -0.231506 -0.999750
0.644765 -0.193225 -0.999905
0.655987 -0.154519 -0.998720
0.665794 -0.115461 -0.996194
0.674170 -0.076121 -0.992332
0.681099 -0.036570 -0.987139
0.686571 0.003118 -0.980622
0.690576 0.042872 -0.972789
0.693110 0.082618 -0.963651
0.694169 0.122285 -0.953220
0.693754 0.161798 -0.941510
0.691869 0.201086 -0.928538
0.688519 0.240077 -0.914319
0.683713 0.278700 -0.898874
0.677464 0.316882 -0.882224
0.669787 0.354554 -0.864389
0.660700 0.391646 -0.845395
0.650223 0.428091 -0.825267
0.638380 0.463821 -0.804032
0.625197 0.498770 -0.781718
0.610703 0.532875 -0.758356
0.594929 0.566071 -0.733976
0.577910 0.598298 -0.708611
0.559682 0.629496 -0.682296
0.540284 0.659607 -0.655066
0.519757 0.688577 -0.626956
0.498145 0.716351 -0.598006
0.475494 0.742879 -0.568253
0.451851 0.768110 -0.537739
0.427267 0.791999 -0.506502
0.401792 0.814501 -0.474586
0.375481 0.835575 -0.442034
0.348387 0.855181 -0.408888
0.320570 0.873284 -0.375194
0.292085 0.889849 -0.340997
0.262993 0.904847 -0.306342
0.233354 0.918249 -0.271276
0.203230 0.930031 -0.235847
0.172683 0.940170 -0.200100
0.141778 0.948648 -0.164086
0.110578 0.955450 -0.127851
0.079149 0.960562 -0.091445
0.047555 0.963976 -0.054916
0.015863 0.965684 -0.018314
-0.015863 0.965684 0.018314
-0.047555 0.963976 0.054916
-0.079149 0.960562 0.091445
-0.110578 0.955450 0.127851
-0.141778 0.948648 0.164086
-0.172683 0.940170 0.200100
-0.203230 0.930031 0.235847
-0.233354 0.918249 0.271276
-0.262993 0.904847 0.306342
-0.292085 0.889849 0.340997
-0.320570 0.873284 0.375194
-0.348387 0.855181 0.408888
-0.375481 0.835575 0.442034
-0.401792 0.814501 0.474586
-0.427267 0.791999 0.506502
-0.451851 0.768110 0.537739
-0.475494 0.742879 0.568253
-0.498145 0.716351 0.598006
-0.519757 0.688577 0.626956
-0.540284 0.659607 0.655066
-0.559682 0.629496 0.682296
-0.577910 0.598298 0.708611
-0.594929 0.566071 0.733976
-0.610703 0.532875 0.758356
-0.625197 0.498770 0.781718
-0.638380 0.463821 0.804032
-0.650223 0.428091 0.825267
-0.660700 0.391646 0.845395
-0.669787 0.354554 0.864389
-0.677464 0.316882 0.882224
-0.683713 0.278700 0.898874
-0.688519 0.240077 0.914319
-0.691869 0.201086 0.928538
-0.693754 0.161798 0.941510
-0.694169 0.122285 0.953220
-0.693110 0.082618 0.963651
-0.690576 0.042872 0.972789
-0.686571 0.003118 0.980622
-0.681099 -0.036570 0.987139
-0.674170 -0.076121 0.992332
-0.665794 -0.115461 0.996194
-0.655987 -0.154519 0.998720
-0.644765 -0.193225 0.999905
-0.632149 -0.231506 0.999750
-0.618161 -0.269295 0.998253
-0.602827 -0.306522 0.995417
-0.586177 -0.343120 0.991245
-0.568240 -0.379023 0.985744
-0.549051 -0.414165 0.978920
-0.528646 -0.448484 0.970783
-0.507063 -0.481918 0.961344
-0.484345 -0.514407 0.950615
-0.460534 -0.545892 0.938611
-0.435677 -0.576318 0.925347
-0.409821 -0.605630 0.910843
-0.383016 -0.633776 0.895116
-0.355314 -0.660707 0.878188
-0.326770 -0.686374 0.860083
-0.297438 -0.710734 0.840823
-0.267376 -0.733743 0.820436
-0.236642 -0.755362 0.798947
-0.205298 -0.775553 0.776387
-0.173404 -0.794282 0.752786
-0.141023 -0.811518 0.728175
-0.108220 -0.827230 0.702586
-0.075058 -0.841394 0.676055
-0.041603 -0.853986 0.648618
-0.007922 -0.864987 0.620310
0.025919 -0.874379 0.591170
0.059852 -0.882148 0.561237
0.093810 -0.888284 0.530550
0.127724 -0.892778 0.499153
0.161529 -0.895627 0.467085
0.195154 -0.896828 0.434391
0.228534 -0.896383 0.401114
0.261602 -0.894297 0.367299
0.294289 -0.890578 0.332992
0.326532 -0.885236 0.298237
0.358263 -0.878285 0.263083
0.389420 -0.869742 0.227575
0.419939 -0.859627 0.191763
0.449757 -0.847963 0.155693
0.478814 -0.834776 0.119414
0.507050 -0.820094 0.082975
0.534407 -0.803948 0.046424
0.560829 -0.786373 0.009812
0.586260 -0.767406 -0.026814
0.610649 -0.747085 -0.063404
0.633945 -0.725452 -0.099909
0.656097 -0.702553 -0.136279
0.677060 -0.678432 -0.172467
0.696789 -0.653140 -0.208424
0.715242 -0.626727 -0.244101
0.732379 -0.599246 -0.279450
0.748162 -0.570752 -0.314425
0.762558 -0.541302 -0.348978
0.775533 -0.510954 -0.383062
0.787059 -0.479769 -0.416633
0.797109 -0.447807 -0.449645
0.805658 -0.415133 -0.482053
0.812686 -0.381810 -0.513815
0.818175 -0.347903 -0.544888
0.822110 -0.313480 -0.575229
0.824478 -0.278606 -0.604799
0.825271 -0.243351 -0.633558
0.824482 -0.207782 -0.661466
0.822108 -0.171968 -0.688488
0.818150 -0.135980 -0.714585
0.812609 -0.099886 -0.739724
0.805493 -0.063756 -0.763871
0.796810 -0.027660 -0.786992
0.786574 0.008334 -0.809059
0.774797 0.044155 -0.830039
0.761500 0.079736 -0.849906
0.746704 0.115008 -0.868633
0.730431 0.149904 -0.886195
0.712710 0.184359 -0.902568
0.693569 0.218306 -0.917730
0.673043 0.251681 -0.931661
0.651165 0.284421 -0.944341
0.627974 0.316465 -0.955756
0.603510 0.347752 -0.965887
0.577816 0.378224 -0.974724
0.550938 0.407824 -0.982252
0.522924 0.436496 -0.988463
0.493823 0.464188 -0.993348
0.463688 0.490848 -0.996900
0.432573 0.516427 -0.999114
0.400535 0.540878 -0.999989
0.367631 0.564157 -0.999522
0.333921 0.586221 -0.997714
0.299468 0.607031 -0.994567
0.264333 0.626550 -0.990086
0.228581 0.644742 -0.984278
0.192279 0.661576 -0.977148
0.155492 0.677022 -0.968708
0.118289 0.691054 -0.958968
0.080739 0.703649 -0.947942
0.042911 0.714786 -0.935644
0.004875 0.724446 -0.922090
-0.033298 0.732614 -0.907300
-0.071536 0.739280 -0.891293
-0.109769 0.744433 -0.874090
-0.147925 0.748067 -0.855714
-0.185932 0.750180 -0.836190
-0.223720 0.750772 -0.815545
-0.261217 0.749845 -0.793805
-0.298354 0.747406 -0.771001
-0.335059 0.743464 -0.747162
-0.371264 0.738029 -0.722321
-0.406900 0.731118 -0.696510
-0.441900 0.722748 -0.669766
-0.476199 0.712939 -0.642123
-0.509729 0.701715 -0.613618
-0.542429 0.689102 -0.584291
-0.574235 0.675130 -0.554179
-0.605087 0.659828 -0.523324
-0.634926 0.643232 -0.491767
-0.663696 0.625379 -0.459550
-0.691339 0.606307 -0.426717
-0.717805 0.586057 -0.393311
-0.743041 0.564674 -0.359378
-0.766998 0.542203 -0.324962
-0.789631 0.518693 -0.290111
-0.810896 0.494193 -0.254870
-0.830750 0.468755 -0.219288
-0.849155 0.442434 -0.183411
-0.866075 0.415283 -0.147288
-0.881475 0.387361 -0.110968
-0.895327 0.358726 -0.074499
-0.907600 0.329438 -0.037929
-0.918272 0.299557 -0.001309
-0.927319 0.269146 0.035313
-0.934723 0.238268 0.071887
-0.940467 0.206986 0.108365
-0.944540 0.175366 0.144698
-0.946930 0.143473 0.180836
-0.947633 0.111373 0.216732
-0.946643 0.079131 0.252337
-0.943962 0.046814 0.287604
-0.939591 0.014488 0.322485
-0.933537 -0.017780 0.356933
-0.925808 -0.049924 0.390902
-0.916418 -0.081878 0.424347
-0.905381 -0.113577 0.457223
-0.892716 -0.144956 0.489485
-0.878444 -0.175952 0.521091
-0.862590 -0.206500 0.551997
-0.845182 -0.236538 0.582164
-0.826248 -0.266005 0.611549
-0.805824 -0.294842 0.640113
-0.783944 -0.322989 0.667819
-0.760648 -0.350388 0.694629
-0.735977 -0.376986 0.720507
-0.709974 -0.402726 0.745419
-0.682686 -0.427558 0.769330
-0.654163 -0.451429 0.792210
-0.624454 -0.474293 0.814027
-0.593614 -0.496103 0.834751
-0.561698 -0.516814 0.854356
-0.528763 -0.536384 0.872815
-0.494870 -0.554773 0.890102
-0.460078 -0.571945 0.906196
-0.424452 -0.587865 0.921074
-0.388055 -0.602500 0.934716
-0.350953 -0.615820 0.947105
-0.313214 -0.627799 0.958222
-0.274906 -0.638412 0.968055
-0.236099 -0.647639 0.976588
-0.196863 -0.655459 0.983812
-0.157269 -0.661858 0.989715
-0.117389 -0.666822 0.994291
-0.077297 -0.670341 0.997533
-0.037063 -0.672409 0.999437
0.003238 -0.673020 1.000000
0.043533 -0.672175 0.999221
0.083749 -0.669873 0.997102
0.123812 -0.666121 0.993646
0.163651 -0.660926 0.988856
0.203192 -0.654298 0.982740
0.242364 -0.646251 0.975305
0.281096 -0.636801 0.966562
0.319317 -0.625966 0.956523
0.356958 -0.613770 0.945200
0.393951 -0.600237 0.932609
0.430228 -0.585393 0.918767
0.465725 -0.569270 0.903692
0.500377 -0.551900 0.887405
0.534120 -0.533319 0.869928
0.566895 -0.513562 0.851283
0.598642 -0.492672 0.831497
0.629304 -0.470690 0.810595
0.658826 -0.447661 0.788605
0.687154 -0.423632 0.765558
0.714239 -0.398651 0.741484
0.740031 -0.372769 0.716414
0.764484 -0.346040 0.690384
0.787556 -0.318516 0.663428
0.809204 -0.290254 0.635581
0.829391 -0.261312 0.606882
0.848082 -0.231749 0.577369
0.865243 -0.201625 0.547081
0.880844 -0.171001 0.516060
0.894859 -0.139940 0.484346
0.907264 -0.108505 0.451982
0.918038 -0.076760 0.419012
0.927162 -0.044771 0.385480
0.934622 -0.012603 0.351430
0.940407 0.019679 0.316909
0.944506 0.052007 0.281963
0.946916 0.084317 0.246639
0.947634 0.116541 0.210984
0.946660 0.148612 0.175046
0.943999 0.180466 0.138873
0.939657 0.212036 0.102514
0.933645 0.243257 0.066017
0.925976 0.274064 0.029431
0.916666 0.304394 -0.007193
0.905736 0.334184 -0.043809
0.893207 0.363372 -0.080365
0.879105 0.391896 -0.116814
0.863458 0.419698 -0.153106
0.846297 0.446719 -0.189192
0.827657 0.472903 -0.225025
0.807574 0.498193 -0.260556
0.786087 0.522538 -0.295737
0.763238 0.545884 -0.330521
0.739072 0.568183 -0.364863
0.713635 0.589388 -0.398714
0.686977 0.609451 -0.432031
0.659148 0.628330 -0.464768
0.630204 0.645984 -0.496882
0.600198 0.662374 -0.528329
0.569188 0.677465 -0.559067
0.537234 0.691221 -0.589056
0.504397 0.703613 -0.618254
0.470739 0.714611 -0.646622
0.436324 0.724190 -0.674124
0.401217 0.732327 -0.700721
0.365484 0.739002 -0.726377
0.329194 0.744198 -0.751060
0.292415 0.747900 -0.774734
0.255216 0.750097 -0.797370
0.217668 0.750780 -0.818936
0.179840 0.749944 -0.839403
0.141804 0.747586 -0.858744
0.103631 0.743707 -0.876933
0.065392 0.738311 -0.893945
0.027159 0.731403 -0.909759
-0.010996 0.722994 -0.924351
-0.049003 0.713096 -0.937704
-0.086792 0.701724 -0.949799
-0.124291 0.688897 -0.960620
-0.161431 0.674635 -0.970152
-0.198145 0.658964 -0.978382
-0.234363 0.641910 -0.985300
-0.270020 0.623503 -0.990896
-0.305050 0.603774 -0.995163
-0.339388 0.582760 -0.998094
-0.372973 0.560498 -0.999687
-0.405742 0.537028 -0.999939
-0.437635 0.512393 -0.998849
-0.468597 0.486637 -0.996419
-0.498569 0.459808 -0.992653
-0.527499 0.431955 -0.987554
-0.555334 0.403130 -0.981131
-0.582024 0.373387 -0.973392
-0.607524 0.342780 -0.964347
-0.631786 0.311367 -0.954008
-0.654769 0.279207 -0.942389
-0.676432 0.246361 -0.929506
-0.696739 0.212889 -0.915377
-0.715653 0.178857 -0.900019
-0.733144 0.144327 -0.883453
-0.749181 0.109365 -0.865703
-0.763738 0.074039 -0.846791
-0.776792 0.038415 -0.826743
-0.788322 0.002561 -0.805586
-0.798310 -0.033453 -0.783349
-0.806742 -0.069560 -0.760060
-0.813606 -0.105688 -0.735752
-0.818892 -0.141770 -0.710456
-0.822596 -0.177735 -0.684208
-0.824716 -0.213514 -0.657042
-0.825250 -0.249037 -0.628994
-0.824204 -0.284236 -0.600103
-0.821583 -0.319042 -0.570406
-0.817398 -0.353387 -0.539944
-0.811660 -0.387204 -0.508758
-0.804387 -0.420427 -0.476890
-0.795595 -0.452991 -0.444381
-0.785306 -0.484832 -0.411277
-0.773546 -0.515887 -0.377620
-0.760340 -0.546095 -0.343457
-0.745720 -0.575395 -0.308834
-0.729716 -0.603730 -0.273796
-0.712365 -0.631043 -0.238390
-0.693705 -0.657280 -0.202665
-0.673775 -0.682387 -0.166668
-0.652617 -0.706315 -0.130448
-0.630278 -0.729014 -0.094052
-0.606804 -0.750439 -0.057530
-0.582244 -0.770545 -0.020932
-0.556649 -0.789292 0.015695
-0.530074 -0.806639 0.052301
-0.502571 -0.822552 0.088837
-0.474200 -0.836996 0.125254
-0.445016 -0.849941 0.161502
-0.415082 -0.861357 0.197534
-0.384456 -0.871221 0.233301
-0.353194 -0.879509 0.268769
-0.321333 -0.886199 0.303932
-0.288909 -0.891260 0.338779
-0.255973 -0.894656 0.373266
-0.222591 -0.896355 0.407333
-0.188830 -0.896325 0.440917
-0.154762 -0.894541 0.473954
-0.120461 -0.890979 0.506377
-0.086005 -0.885623 0.538118
-0.051475 -0.878461 0.569108
-0.016955 -0.869485 0.599279
0.017470 -0.858696 0.628561
0.051711 -0.846097 0.656882
0.085679 -0.831701 0.684175
0.119282 -0.815525 0.710370
0.152429 -0.797595 0.735400
0.185028 -0.777943 0.759199
0.216987 -0.756606 0.781702
0.248214 -0.733631 0.802847
0.278618 -0.709070 0.822577
0.308112 -0.682985 0.840834
0.336608 -0.655440 0.857567
0.364023 -0.626510 0.872728
0.390276 -0.596276 0.886271
0.415290 -0.564822 0.898159
0.438993 -0.532241 0.908357
0.461316 -0.498632 0.916835
0.482196 -0.464096 0.923569
0.501578 -0.428741 0.928543
0.519409 -0.392680 0.931743
0.535644 -0.356026 0.933164
0.550246 -0.318898 0.932807
0.563184 -0.281417 0.930678
0.574434 -0.243705 0.926790
0.583978 -0.205884 0.921162
0.591808 -0.168079 0.913821
0.597923 -0.130413 0.904797
0.602327 -0.093007 0.894130
0.605035 -0.055982 0.881862
0.606068 -0.019455 0.868043
0.605452 0.016458 0.852729
0.603223 0.051646 0.835978
0.599423 0.086004 0.817857
0.594099 0.119428 0.798434
0.587306 0.151823 0.777782
0.579102 0.183100 0.755979
0.569554 0.213173 0.733104
0.558729 0.241966 0.709241
0.546702 0.269409 0.684475
0.533550 0.295439 0.658891
0.519352 0.320002 0.632580
0.504193 0.343052 0.605629
0.488156 0.364548 0.578128
0.471328 0.384460 0.550166
0.453795 0.402765 0.521832
0.435645 0.419447 0.493214
0.416964 0.434500 0.464396
0.397840 0.447922 0.435464
0.378355 0.459722 0.406499
0.358595 0.469914 0.377580
0.338638 0.478519 0.348784
0.318564 0.485564 0.320183
0.298448 0.491084 0.291846
0.278361 0.495117 0.263839
0.258372 0.497707 0.236222
0.238545 0.498904 0.209054
0.218940 0.498760 0.182387
0.199614 0.497332 0.156270
0.180618 0.494680 0.130745
0.162000 0.490868 0.105854
0.143801 0.485960 0.081630
0.126061 0.480022 0.058104
0.108813 0.473124 0.035303
0.092085 0.465334 0.013247
0.075904 0.456722 -0.008046
0.060288 0.447358 -0.028563
0.045256 0.437312 -0.048294
0.030819 0.426651 -0.067233
0.016987 0.415444 -0.085379
0.003763 0.403758 -0.102733
-0.008849 0.391657 -0.119299
-0.020851 0.379205 -0.135085
-0.032247 0.366463 -0.150100
-0.043044 0.353491 -0.164356
-0.053251 0.340344 -0.177870
-0.062880 0.327077 -0.190657
-0.071944 0.313743 -0.202735
-0.080459 0.300389 -0.214125
-0.088439 0.287062 -0.224848
-0.095904 0.273806 -0.234925
-0.102871 0.260662 -0.244381
-0.109361 0.247666 -0.253237
-0.115394 0.234854 -0.261519
-0.120989 0.222259 -0.269251
-0.126169 0.209910 -0.276457
-0.130953 0.197833 -0.283161
-0.135362 0.186052 -0.289388
-0.139417 0.174590 -0.295161
-0.143138 0.163466 -0.300503
-0.146546 0.152695 -0.305438
-0.149658 0.142292 -0.309986
-0.152494 0.132270 -0.314170
-0.155072 0.122638 -0.318009
-0.157408 0.113404 -0.321523
-0.159520 0.104574 -0.324730
-0.161422 0.096152 -0.327648
-0.163129 0.088141 -0.330293
-0.164655 0.080539 -0.332680
-0.166012 0.073348 -0.334825
-0.167214 0.066563 -0.336740
-0.168270 0.060181 -0.338439
-0.169190 0.054197 -0.339931
-0.169985 0.048604 -0.341229
-0.170663 0.043394 -0.342340
-0.171230 0.038558 -0.343275
-0.171695 0.034087 -0.344041
-0.172064 0.029970 -0.344644
-0.172341 0.026195 -0.345092
-0.172533 0.022751 -0.345389
-0.172650 0.019623 -0.345556
-0.172656 0.016797 -0.345516
-0.172387 0.014258 -0.344938
-0.171664 0.011990 -0.343460
-0.170428 0.009983 -0.340965
-0.168684 0.008225 -0.337460
-0.166440 0.006700 -0.332960
-0.163704 0.005393 -0.327477
-0.160484 0.004285 -0.321031
-0.156791 0.003357 -0.313640
-0.152637 0.002591 -0.305328
-0.148034 0.001967 -0.296118
-0.142996 0.001467 -0.286040
-0.137538 0.001072 -0.275121
-0.131676 0.000767 -0.263396
-0.125428 0.000535 -0.250897
-0.118812 0.000363 -0.237662
-0.111847 0.000239 -0.223731
-0.104554 0.000152 -0.209143
-0.096955 0.000092 -0.193941
-0.089071 0.000053 -0.178171
-0.080926 0.000029 -0.161878
-0.072543 0.000015 -0.145110
-0.063948 0.000007 -0.127916
-0.055165 0.000003 -0.110348
-0.046220 0.000001 -0.092455
-0.037140 0.000000 -0.074292
-0.027951 0.000000 -0.055910
-0.018679 0.000000 -0.037365
-0.009353 0.000000 -0.018710
0.000000 0.000000 0.000000
##END
