##TITLE= dor_4
##JCAMP-DX= 5.00 Bruker JCAMP library
##DATA TYPE= Shape Data
##ORIGIN= Bruker Analytik GmbH
##OWNER= <nmrsu>
##DATE= 2023-03-09
##TIME= 07:41:50
##MINX= 0
##MAXX= 1
##MINY= 0
##MAXY= 1
##$SHAPE_EXMODE= Gradient
##$SHAPE_TOTROT= 0
##$SHAPE_BWFAC= 0
##$SHAPE_INTEGFAC= 0
##$SHAPE_MODE= 0
##EFFIFACTOR=0.00049944
##DURATION=0.01
##DIRECTIONVEC= 0 0 1
##NPOINTS=1000
##XYDATA= (X Y Z)
0.000000 0.000000 0.000000
0.011691 0.000000 0.023386
0.023347 0.000000 0.046702
0.034935 0.000000 0.069882
0.046421 0.000000 0.092857
0.057771 0.000001 0.115560
0.068951 0.000003 0.137923
0.079928 0.000007 0.159883
0.090672 0.000015 0.181373
0.101149 0.000030 0.202331
0.111330 0.000055 0.222695
0.121184 0.000095 0.242407
0.130682 0.000155 0.261407
0.139798 0.000245 0.279641
0.148503 0.000372 0.297054
0.156773 0.000549 0.313596
0.164582 0.000786 0.329218
0.171909 0.001100 0.343874
0.178731 0.001504 0.357522
0.185029 0.002018 0.370120
0.190783 0.002658 0.381632
0.195976 0.003444 0.392023
0.200594 0.004395 0.401263
0.204620 0.005532 0.409324
0.208044 0.006873 0.416182
0.210854 0.008437 0.421814
0.213040 0.010241 0.426205
0.214595 0.012300 0.429338
0.215512 0.014626 0.431203
0.215866 0.017231 0.431951
0.215880 0.020130 0.432034
0.215762 0.023339 0.431866
0.215559 0.026873 0.431547
0.215258 0.030746 0.431053
0.214854 0.034971 0.430381
0.214343 0.039559 0.429525
0.213719 0.044521 0.428480
0.212976 0.049869 0.427240
0.212107 0.055611 0.425798
0.211104 0.061756 0.424147
0.209960 0.068310 0.422279
0.208666 0.075280 0.420185
0.207212 0.082671 0.417855
0.205587 0.090485 0.415279
0.203780 0.098726 0.412446
0.201779 0.107392 0.409344
0.199572 0.116484 0.405961
0.197144 0.125999 0.402282
0.194481 0.135931 0.398294
0.191569 0.146276 0.393982
0.188390 0.157025 0.389329
0.184929 0.168167 0.384320
0.181169 0.179693 0.378938
0.177092 0.191586 0.373164
0.172679 0.203832 0.366981
0.167913 0.216412 0.360371
0.162774 0.229306 0.353313
0.157244 0.242491 0.345790
0.151304 0.255942 0.337782
0.144934 0.269632 0.329270
0.138117 0.283532 0.320234
0.130833 0.297609 0.310656
0.123065 0.311830 0.300517
0.114795 0.326158 0.289798
0.106009 0.340553 0.278483
0.096689 0.354976 0.266554
0.086822 0.369381 0.253997
0.076395 0.383725 0.240795
0.065397 0.397958 0.226937
0.053819 0.412033 0.212410
0.041652 0.425896 0.197204
0.028893 0.439495 0.181311
0.015537 0.452775 0.164724
0.001584 0.465680 0.147439
-0.012964 0.478153 0.129454
-0.028102 0.490135 0.110769
-0.043821 0.501567 0.091387
-0.060112 0.512390 0.071314
-0.076959 0.522543 0.050558
-0.094345 0.531967 0.029130
-0.112249 0.540602 0.007046
-0.130647 0.548389 -0.015679
-0.149509 0.555270 -0.039024
-0.168806 0.561189 -0.062964
-0.188501 0.566090 -0.087474
-0.208555 0.569921 -0.112522
-0.228927 0.572630 -0.138076
-0.249570 0.574168 -0.164100
-0.270436 0.574492 -0.190554
-0.291472 0.573558 -0.217397
-0.312624 0.571329 -0.244581
-0.333833 0.567770 -0.272061
-0.355038 0.562850 -0.299784
-0.376178 0.556544 -0.327699
-0.397187 0.548831 -0.355750
-0.417999 0.539695 -0.383879
-0.438544 0.529126 -0.412028
-0.458755 0.517117 -0.440135
-0.478561 0.503669 -0.468140
-0.497891 0.488788 -0.495978
-0.516676 0.472485 -0.523587
-0.534845 0.454777 -0.550901
-0.552329 0.435688 -0.577856
-0.569059 0.415246 -0.604389
-0.584970 0.393485 -0.630434
-0.599996 0.370446 -0.655929
-0.614075 0.346174 -0.680812
-0.627147 0.320719 -0.705022
-0.639156 0.294137 -0.728500
-0.650048 0.266488 -0.751188
-0.659774 0.237836 -0.773031
-0.668287 0.208251 -0.793977
-0.675546 0.177806 -0.813976
-0.681513 0.146575 -0.832980
-0.686157 0.114639 -0.850946
-0.689449 0.082079 -0.867832
-0.691367 0.048979 -0.883603
-0.691892 0.015424 -0.898223
-0.691011 -0.018498 -0.911664
-0.688718 -0.052701 -0.923900
-0.685009 -0.087095 -0.934907
-0.679888 -0.121592 -0.944669
-0.673360 -0.156106 -0.953171
-0.665439 -0.190548 -0.960402
-0.656142 -0.224834 -0.966358
-0.645491 -0.258880 -0.971034
-0.633510 -0.292604 -0.974434
-0.620231 -0.325927 -0.976562
-0.605688 -0.358772 -0.977426
-0.589918 -0.391065 -0.977041
-0.572961 -0.422738 -0.975420
-0.554863 -0.453723 -0.972584
-0.535670 -0.483957 -0.968554
-0.515431 -0.513382 -0.963355
-0.494197 -0.541944 -0.957013
-0.472021 -0.569591 -0.949560
-0.448958 -0.596279 -0.941026
-0.425062 -0.621965 -0.931445
-0.400391 -0.646613 -0.920854
-0.375001 -0.670189 -0.909287
-0.348949 -0.692665 -0.896784
-0.322290 -0.714018 -0.883384
-0.295082 -0.734227 -0.869126
-0.267379 -0.753277 -0.854049
-0.239236 -0.771157 -0.838196
-0.210705 -0.787857 -0.821605
-0.181839 -0.803375 -0.804317
-0.152687 -0.817709 -0.786371
-0.123298 -0.830862 -0.767806
-0.093704 -0.842845 -0.748648
-0.063915 -0.853680 -0.728890
-0.033935 -0.863382 -0.708518
-0.003794 -0.871949 -0.687538
0.026467 -0.879372 -0.665967
0.056807 -0.885643 -0.643824
0.087185 -0.890756 -0.621129
0.117558 -0.894707 -0.597900
0.147887 -0.897493 -0.574158
0.178129 -0.899113 -0.549923
0.208243 -0.899567 -0.525216
0.238187 -0.898856 -0.500058
0.267920 -0.896986 -0.474470
0.297402 -0.893959 -0.448475
0.326592 -0.889783 -0.422095
0.355449 -0.884465 -0.395353
0.383934 -0.878015 -0.368271
0.412008 -0.870444 -0.340873
0.439630 -0.861765 -0.313182
0.466764 -0.851990 -0.285222
0.493370 -0.841136 -0.257018
0.519413 -0.829219 -0.228592
0.544855 -0.816258 -0.199971
0.569661 -0.802271 -0.171178
0.593797 -0.787280 -0.142237
0.617227 -0.771307 -0.113175
0.639920 -0.754375 -0.084016
0.661843 -0.736509 -0.054784
0.682964 -0.717735 -0.025505
0.703254 -0.698080 0.003795
0.722684 -0.677571 0.033093
0.741225 -0.656239 0.062362
0.758852 -0.634114 0.091577
0.775538 -0.611227 0.120714
0.791259 -0.587611 0.149747
0.805992 -0.563299 0.178651
0.819715 -0.538324 0.207402
0.832407 -0.512723 0.235975
0.844050 -0.486531 0.264346
0.854626 -0.459784 0.292489
0.864119 -0.432520 0.320382
0.872512 -0.404777 0.347999
0.879794 -0.376594 0.375317
0.885951 -0.348008 0.402313
0.890974 -0.319061 0.428964
0.894853 -0.289792 0.455247
0.897581 -0.260241 0.481138
0.899152 -0.230449 0.506617
0.899561 -0.200457 0.531660
0.898805 -0.170306 0.556247
0.896883 -0.140037 0.580356
0.893795 -0.109693 0.603967
0.889543 -0.079314 0.627060
0.884129 -0.048942 0.649614
0.877560 -0.018619 0.671610
0.869840 0.011615 0.693030
0.860978 0.041718 0.713854
0.850983 0.071649 0.734066
0.839866 0.101368 0.753647
0.827639 0.130834 0.772582
0.814317 0.160008 0.790853
0.799914 0.188850 0.808445
0.784447 0.217321 0.825342
0.767935 0.245383 0.841531
0.750397 0.272998 0.856998
0.731853 0.300129 0.871729
0.712327 0.326739 0.885711
0.691841 0.352793 0.898933
0.670422 0.378256 0.911383
0.648094 0.403094 0.923050
0.624885 0.427275 0.933925
0.600824 0.450764 0.943998
0.575940 0.473533 0.953260
0.550265 0.495550 0.961704
0.523830 0.516786 0.969322
0.496668 0.537213 0.976108
0.468813 0.556806 0.982056
0.440300 0.575536 0.987161
0.411164 0.593382 0.991418
0.381443 0.610318 0.994823
0.351173 0.626324 0.997375
0.320393 0.641378 0.999070
0.289142 0.655462 0.999908
0.257459 0.668557 0.999887
0.225384 0.680646 0.999007
0.192958 0.691715 0.997270
0.160222 0.701750 0.994676
0.127218 0.710739 0.991228
0.093987 0.718670 0.986929
0.060573 0.725534 0.981783
0.027017 0.731324 0.975794
-0.006638 0.736033 0.968967
-0.040349 0.739655 0.961308
-0.074072 0.742189 0.952824
-0.107764 0.743630 0.943521
-0.141383 0.743981 0.933408
-0.174885 0.743240 0.922494
-0.208228 0.741412 0.910788
-0.241368 0.738500 0.898300
-0.274264 0.734509 0.885041
-0.306872 0.729447 0.871021
-0.339152 0.723323 0.856254
-0.371061 0.716147 0.840752
-0.402558 0.707929 0.824527
-0.433604 0.698683 0.807595
-0.464157 0.688424 0.789970
-0.494180 0.677166 0.771666
-0.523632 0.664928 0.752699
-0.552476 0.651728 0.733086
-0.580676 0.637585 0.712844
-0.608194 0.622520 0.691990
-0.634995 0.606557 0.670541
-0.661045 0.589718 0.648517
-0.686309 0.572028 0.625936
-0.710756 0.553514 0.602818
-0.734354 0.534202 0.579182
-0.757072 0.514121 0.555048
-0.778881 0.493300 0.530438
-0.799753 0.471769 0.505373
-0.819660 0.449560 0.479874
-0.838578 0.426704 0.453962
-0.856481 0.403235 0.427661
-0.873346 0.379187 0.400993
-0.889153 0.354594 0.373981
-0.903879 0.329492 0.346647
-0.917507 0.303917 0.319016
-0.930018 0.277906 0.291110
-0.941396 0.251497 0.262955
-0.951627 0.224726 0.234574
-0.960697 0.197633 0.205992
-0.968595 0.170257 0.177233
-0.975311 0.142637 0.148321
-0.980835 0.114812 0.119282
-0.985161 0.086823 0.090141
-0.988282 0.058709 0.060923
-0.990196 0.030511 0.031652
-0.990899 0.002269 0.002354
-0.990390 -0.025976 -0.026946
-0.988671 -0.054184 -0.056223
-0.985743 -0.082314 -0.085452
-0.981611 -0.110326 -0.114607
-0.976279 -0.138180 -0.143664
-0.969754 -0.165835 -0.172598
-0.962045 -0.193254 -0.201383
-0.953163 -0.220395 -0.229996
-0.943117 -0.247219 -0.258411
-0.931922 -0.273690 -0.286604
-0.919592 -0.299767 -0.314551
-0.906143 -0.325415 -0.342228
-0.891592 -0.350595 -0.369611
-0.875957 -0.375272 -0.396676
-0.859261 -0.399410 -0.423402
-0.841523 -0.422975 -0.449763
-0.822767 -0.445931 -0.475739
-0.803016 -0.468246 -0.501305
-0.782298 -0.489888 -0.526442
-0.760638 -0.510826 -0.551127
-0.738064 -0.531028 -0.575338
-0.714605 -0.550465 -0.599055
-0.690293 -0.569109 -0.622258
-0.665157 -0.586933 -0.644927
-0.639231 -0.603910 -0.667042
-0.612549 -0.620016 -0.688584
-0.585143 -0.635226 -0.709535
-0.557051 -0.649519 -0.729877
-0.528308 -0.662872 -0.749592
-0.498950 -0.675266 -0.768663
-0.469017 -0.686682 -0.787074
-0.438546 -0.697103 -0.804810
-0.407577 -0.706513 -0.821855
-0.376149 -0.714896 -0.838194
-0.344304 -0.722241 -0.853813
-0.312081 -0.728535 -0.868699
-0.279523 -0.733768 -0.882840
-0.246670 -0.737931 -0.896222
-0.213567 -0.741017 -0.908835
-0.180254 -0.743020 -0.920667
-0.146774 -0.743935 -0.931709
-0.113171 -0.743760 -0.941951
-0.079487 -0.742494 -0.951384
-0.045766 -0.740136 -0.960000
-0.012051 -0.736688 -0.967792
0.021616 -0.732153 -0.974754
0.055191 -0.726537 -0.980878
0.088631 -0.719845 -0.986160
0.121894 -0.712084 -0.990595
0.154937 -0.703265 -0.994180
0.187719 -0.693397 -0.996911
0.220198 -0.682493 -0.998786
0.252332 -0.670567 -0.999803
0.284080 -0.657632 -0.999962
0.315404 -0.643706 -0.999263
0.346262 -0.628807 -0.997705
0.376616 -0.612953 -0.995291
0.406428 -0.596164 -0.992022
0.435660 -0.578464 -0.987902
0.464276 -0.559873 -0.982933
0.492239 -0.540418 -0.977120
0.519515 -0.520123 -0.970469
0.546069 -0.499015 -0.962984
0.571868 -0.477121 -0.954672
0.596881 -0.454471 -0.945541
0.621076 -0.431095 -0.935597
0.644424 -0.407024 -0.924851
0.666895 -0.382289 -0.913310
0.688463 -0.356924 -0.900985
0.709100 -0.330963 -0.887886
0.728782 -0.304439 -0.874026
0.747485 -0.277390 -0.859414
0.765186 -0.249850 -0.844065
0.781865 -0.221858 -0.827991
0.797501 -0.193450 -0.811206
0.812076 -0.164665 -0.793725
0.825573 -0.135542 -0.775562
0.837976 -0.106120 -0.756733
0.849272 -0.076439 -0.737255
0.859448 -0.046539 -0.717143
0.868493 -0.016461 -0.696416
0.876397 0.013755 -0.675090
0.883152 0.044067 -0.653185
0.888751 0.074434 -0.630720
0.893190 0.104814 -0.607712
0.896466 0.135167 -0.584183
0.898575 0.165450 -0.560153
0.899518 0.195623 -0.535641
0.899296 0.225643 -0.510669
0.897912 0.255470 -0.485259
0.895369 0.285062 -0.459433
0.891675 0.314380 -0.433212
0.886835 0.343382 -0.406619
0.880859 0.372028 -0.379676
0.873757 0.400278 -0.352408
0.865541 0.428095 -0.324837
0.856225 0.455438 -0.296987
0.845822 0.482270 -0.268883
0.834349 0.508554 -0.240547
0.821824 0.534253 -0.212005
0.808265 0.559330 -0.183281
0.793693 0.583751 -0.154399
0.778129 0.607482 -0.125385
0.761596 0.630488 -0.096263
0.744119 0.652738 -0.067059
0.725723 0.674199 -0.037797
0.706434 0.694842 -0.008503
0.686280 0.714636 0.020799
0.665290 0.733554 0.050083
0.643494 0.751568 0.079324
0.620923 0.768651 0.108497
0.597609 0.784780 0.137576
0.573585 0.799930 0.166538
0.548884 0.814080 0.195356
0.523541 0.827207 0.224007
0.497593 0.839293 0.252466
0.471074 0.850319 0.280707
0.444023 0.860268 0.308708
0.416476 0.869124 0.336443
0.388473 0.876874 0.363890
0.360051 0.883505 0.391024
0.331251 0.889005 0.417823
0.302112 0.893365 0.444263
0.272674 0.896577 0.470321
0.242978 0.898634 0.495975
0.213065 0.899531 0.521204
0.182976 0.899264 0.545985
0.152752 0.897832 0.570298
0.122435 0.895233 0.594120
0.092065 0.891469 0.617433
0.061685 0.886542 0.640215
0.031336 0.880457 0.662448
0.001060 0.873219 0.684112
-0.029103 0.864835 0.705188
-0.059111 0.855315 0.725659
-0.088924 0.844667 0.745507
-0.118501 0.832905 0.764715
-0.147803 0.820041 0.783267
-0.176789 0.806089 0.801145
-0.205420 0.791067 0.818336
-0.233658 0.774991 0.834824
-0.261465 0.757881 0.850596
-0.288804 0.739757 0.865637
-0.315637 0.720640 0.879935
-0.341929 0.700554 0.893477
-0.367644 0.679523 0.906252
-0.392749 0.657573 0.918249
-0.417209 0.634730 0.929458
-0.440992 0.611024 0.939869
-0.464067 0.586481 0.949472
-0.486403 0.561135 0.958261
-0.507970 0.535014 0.966226
-0.528741 0.508153 0.973362
-0.548687 0.480585 0.979662
-0.567782 0.452344 0.985121
-0.586002 0.423465 0.989735
-0.603322 0.393985 0.993498
-0.619721 0.363941 0.996408
-0.635177 0.333371 0.998463
-0.649671 0.302312 0.999661
-0.663182 0.270806 1.000000
-0.675696 0.238890 0.999481
-0.687195 0.206607 0.998103
-0.697666 0.173996 0.995869
-0.707095 0.141099 0.992779
-0.715471 0.107958 0.988837
-0.722784 0.074616 0.984046
-0.729026 0.041114 0.978410
-0.734189 0.007495 0.971934
-0.738267 -0.026197 0.964623
-0.741258 -0.059920 0.956484
-0.743158 -0.093631 0.947524
-0.743967 -0.127286 0.937751
-0.743684 -0.160842 0.927172
-0.742311 -0.194257 0.915797
-0.739853 -0.227488 0.903636
-0.736315 -0.260491 0.890699
-0.731702 -0.293225 0.876997
-0.726022 -0.325647 0.862542
-0.719286 -0.357717 0.847346
-0.711504 -0.389392 0.831423
-0.702688 -0.420632 0.814787
-0.692852 -0.451397 0.797450
-0.682011 -0.481647 0.779429
-0.670183 -0.511343 0.760739
-0.657384 -0.540447 0.741395
-0.643634 -0.568922 0.721415
-0.628953 -0.596730 0.700815
-0.613364 -0.623837 0.679614
-0.596890 -0.650206 0.657829
-0.579554 -0.675804 0.635479
-0.561383 -0.700598 0.612584
-0.542402 -0.724556 0.589163
-0.522641 -0.747647 0.565236
-0.502127 -0.769841 0.540823
-0.480890 -0.791109 0.515947
-0.458961 -0.811425 0.490627
-0.436373 -0.830761 0.464886
-0.413157 -0.849092 0.438745
-0.389348 -0.866396 0.412229
-0.364979 -0.882649 0.385358
-0.340087 -0.897831 0.358156
-0.314706 -0.911922 0.330647
-0.288873 -0.924904 0.302853
-0.262626 -0.936760 0.274800
-0.236003 -0.947474 0.246511
-0.209040 -0.957033 0.218010
-0.181778 -0.965424 0.189322
-0.154256 -0.972637 0.160472
-0.126512 -0.978662 0.131483
-0.098587 -0.983491 0.102382
-0.070520 -0.987119 0.073193
-0.042353 -0.989540 0.043941
-0.014124 -0.990751 0.014651
0.014124 -0.990751 -0.014651
0.042353 -0.989540 -0.043941
0.070520 -0.987119 -0.073193
0.098587 -0.983491 -0.102382
0.126512 -0.978662 -0.131483
0.154256 -0.972637 -0.160472
0.181778 -0.965424 -0.189322
0.209040 -0.957033 -0.218010
0.236003 -0.947474 -0.246511
0.262626 -0.936760 -0.274800
0.288873 -0.924904 -0.302853
0.314706 -0.911922 -0.330647
0.340087 -0.897831 -0.358156
0.364979 -0.882649 -0.385358
0.389348 -0.866396 -0.412229
0.413157 -0.849092 -0.438745
0.436373 -0.830761 -0.464886
0.458961 -0.811425 -0.490627
0.480890 -0.791109 -0.515947
0.502127 -0.769841 -0.540823
0.522641 -0.747647 -0.565236
0.542402 -0.724556 -0.589163
0.561383 -0.700598 -0.612584
0.579554 -0.675804 -0.635479
0.596890 -0.650206 -0.657829
0.613364 -0.623837 -0.679614
0.628953 -0.596730 -0.700815
0.643634 -0.568922 -0.721415
0.657384 -0.540447 -0.741395
0.670183 -0.511343 -0.760739
0.682011 -0.481647 -0.779429
0.692852 -0.451397 -0.797450
0.702688 -0.420632 -0.814787
0.711504 -0.389392 -0.831423
0.719286 -0.357717 -0.847346
0.726022 -0.325647 -0.862542
0.731702 -0.293225 -0.876997
0.736315 -0.260491 -0.890699
0.739853 -0.227488 -0.903636
0.742311 -0.194257 -0.915797
0.743684 -0.160842 -0.927172
0.743967 -0.127286 -0.937751
0.743158 -0.093631 -0.947524
0.741258 -0.059920 -0.956484
0.738267 -0.026197 -0.964623
0.734189 0.007495 -0.971934
0.729026 0.041114 -0.978410
0.722784 0.074616 -0.984046
0.715471 0.107958 -0.988837
0.707095 0.141099 -0.992779
0.697666 0.173996 -0.995869
0.687195 0.206607 -0.998103
0.675696 0.238890 -0.999481
0.663182 0.270806 -1.000000
0.649671 0.302312 -0.999661
0.635177 0.333371 -0.998463
0.619721 0.363941 -0.996408
0.603322 0.393985 -0.993498
0.586002 0.423465 -0.989735
0.567782 0.452344 -0.985121
0.548687 0.480585 -0.979662
0.528741 0.508153 -0.973362
0.507970 0.535014 -0.966226
0.486403 0.561135 -0.958261
0.464067 0.586481 -0.949472
0.440992 0.611024 -0.939869
0.417209 0.634730 -0.929458
0.392749 0.657573 -0.918249
0.367644 0.679523 -0.906252
0.341929 0.700554 -0.893477
0.315637 0.720640 -0.879935
0.288804 0.739757 -0.865637
0.261465 0.757881 -0.850596
0.233658 0.774991 -0.834824
0.205420 0.791067 -0.818336
0.176789 0.806089 -0.801145
0.147803 0.820041 -0.783267
0.118501 0.832905 -0.764715
0.088924 0.844667 -0.745507
0.059111 0.855315 -0.725659
0.029103 0.864835 -0.705188
-0.001060 0.873219 -0.684112
-0.031336 0.880457 -0.662448
-0.061685 0.886542 -0.640215
-0.092065 0.891469 -0.617433
-0.122435 0.895233 -0.594120
-0.152752 0.897832 -0.570298
-0.182976 0.899264 -0.545985
-0.213065 0.899531 -0.521204
-0.242978 0.898634 -0.495975
-0.272674 0.896577 -0.470321
-0.302112 0.893365 -0.444263
-0.331251 0.889005 -0.417823
-0.360051 0.883505 -0.391024
-0.388473 0.876874 -0.363890
-0.416476 0.869124 -0.336443
-0.444023 0.860268 -0.308708
-0.471074 0.850319 -0.280707
-0.497593 0.839293 -0.252466
-0.523541 0.827207 -0.224007
-0.548884 0.814080 -0.195356
-0.573585 0.799930 -0.166538
-0.597609 0.784780 -0.137576
-0.620923 0.768651 -0.108497
-0.643494 0.751568 -0.079324
-0.665290 0.733554 -0.050083
-0.686280 0.714636 -0.020799
-0.706434 0.694842 0.008503
-0.725723 0.674199 0.037797
-0.744119 0.652738 0.067059
-0.761596 0.630488 0.096263
-0.778129 0.607482 0.125385
-0.793693 0.583751 0.154399
-0.808265 0.559330 0.183281
-0.821824 0.534253 0.212005
-0.834349 0.508554 0.240547
-0.845822 0.482270 0.268883
-0.856225 0.455438 0.296987
-0.865541 0.428095 0.324837
-0.873757 0.400278 0.352408
-0.880859 0.372028 0.379676
-0.886835 0.343382 0.406619
-0.891675 0.314380 0.433212
-0.895369 0.285062 0.459433
-0.897912 0.255470 0.485259
-0.899296 0.225643 0.510669
-0.899518 0.195623 0.535641
-0.898575 0.165450 0.560153
-0.896466 0.135167 0.584183
-0.893190 0.104814 0.607712
-0.888751 0.074434 0.630720
-0.883152 0.044067 0.653185
-0.876397 0.013755 0.675090
-0.868493 -0.016461 0.696416
-0.859448 -0.046539 0.717143
-0.849272 -0.076439 0.737255
-0.837976 -0.106120 0.756733
-0.825573 -0.135542 0.775562
-0.812076 -0.164665 0.793725
-0.797501 -0.193450 0.811206
-0.781865 -0.221858 0.827991
-0.765186 -0.249850 0.844065
-0.747485 -0.277390 0.859414
-0.728782 -0.304439 0.874026
-0.709100 -0.330963 0.887886
-0.688463 -0.356924 0.900985
-0.666895 -0.382289 0.913310
-0.644424 -0.407024 0.924851
-0.621076 -0.431095 0.935597
-0.596881 -0.454471 0.945541
-0.571868 -0.477121 0.954672
-0.546069 -0.499015 0.962984
-0.519515 -0.520123 0.970469
-0.492239 -0.540418 0.977120
-0.464276 -0.559873 0.982933
-0.435660 -0.578464 0.987902
-0.406428 -0.596164 0.992022
-0.376616 -0.612953 0.995291
-0.346262 -0.628807 0.997705
-0.315404 -0.643706 0.999263
-0.284080 -0.657632 0.999962
-0.252332 -0.670567 0.999803
-0.220198 -0.682493 0.998786
-0.187719 -0.693397 0.996911
-0.154937 -0.703265 0.994180
-0.121894 -0.712084 0.990595
-0.088631 -0.719845 0.986160
-0.055191 -0.726537 0.980878
-0.021616 -0.732153 0.974754
0.012051 -0.736688 0.967792
0.045766 -0.740136 0.960000
0.079487 -0.742494 0.951384
0.113171 -0.743760 0.941951
0.146774 -0.743935 0.931709
0.180254 -0.743020 0.920667
0.213567 -0.741017 0.908835
0.246670 -0.737931 0.896222
0.279523 -0.733768 0.882840
0.312081 -0.728535 0.868699
0.344304 -0.722241 0.853813
0.376149 -0.714896 0.838194
0.407577 -0.706513 0.821855
0.438546 -0.697103 0.804810
0.469017 -0.686682 0.787074
0.498950 -0.675266 0.768663
0.528308 -0.662872 0.749592
0.557051 -0.649519 0.729877
0.585143 -0.635226 0.709535
0.612549 -0.620016 0.688584
0.639231 -0.603910 0.667042
0.665157 -0.586933 0.644927
0.690293 -0.569109 0.622258
0.714605 -0.550465 0.599055
0.738064 -0.531028 0.575338
0.760638 -0.510826 0.551127
0.782298 -0.489888 0.526442
0.803016 -0.468246 0.501305
0.822767 -0.445931 0.475739
0.841523 -0.422975 0.449763
0.859261 -0.399410 0.423402
0.875957 -0.375272 0.396676
0.891592 -0.350595 0.369611
0.906143 -0.325415 0.342228
0.919592 -0.299767 0.314551
0.931922 -0.273690 0.286604
0.943117 -0.247219 0.258411
0.953163 -0.220395 0.229996
0.962045 -0.193254 0.201383
0.969754 -0.165835 0.172598
0.976279 -0.138180 0.143664
0.981611 -0.110326 0.114607
0.985743 -0.082314 0.085452
0.988671 -0.054184 0.056223
0.990390 -0.025976 0.026946
0.990899 0.002269 -0.002354
0.990196 0.030511 -0.031652
0.988282 0.058709 -0.060923
0.985161 0.086823 -0.090141
0.980835 0.114812 -0.119282
0.975311 0.142637 -0.148321
0.968595 0.170257 -0.177233
0.960697 0.197633 -0.205992
0.951627 0.224726 -0.234574
0.941396 0.251497 -0.262955
0.930018 0.277906 -0.291110
0.917507 0.303917 -0.319016
0.903879 0.329492 -0.346647
0.889153 0.354594 -0.373981
0.873346 0.379187 -0.400993
0.856481 0.403235 -0.427661
0.838578 0.426704 -0.453962
0.819660 0.449560 -0.479874
0.799753 0.471769 -0.505373
0.778881 0.493300 -0.530438
0.757072 0.514121 -0.555048
0.734354 0.534202 -0.579182
0.710756 0.553514 -0.602818
0.686309 0.572028 -0.625936
0.661045 0.589718 -0.648517
0.634995 0.606557 -0.670541
0.608194 0.622520 -0.691990
0.580676 0.637585 -0.712844
0.552476 0.651728 -0.733086
0.523632 0.664928 -0.752699
0.494180 0.677166 -0.771666
0.464157 0.688424 -0.789970
0.433604 0.698683 -0.807595
0.402558 0.707929 -0.824527
0.371061 0.716147 -0.840752
0.339152 0.723323 -0.856254
0.306872 0.729447 -0.871021
0.274264 0.734509 -0.885041
0.241368 0.738500 -0.898300
0.208228 0.741412 -0.910788
0.174885 0.743240 -0.922494
0.141383 0.743981 -0.933408
0.107764 0.743630 -0.943521
0.074072 0.742189 -0.952824
0.040349 0.739655 -0.961308
0.006638 0.736033 -0.968967
-0.027017 0.731324 -0.975794
-0.060573 0.725534 -0.981783
-0.093987 0.718670 -0.986929
-0.127218 0.710739 -0.991228
-0.160222 0.701750 -0.994676
-0.192958 0.691715 -0.997270
-0.225384 0.680646 -0.999007
-0.257459 0.668557 -0.999887
-0.289142 0.655462 -0.999908
-0.320393 0.641378 -0.999070
-0.351173 0.626324 -0.997375
-0.381443 0.610318 -0.994823
-0.411164 0.593382 -0.991418
-0.440300 0.575536 -0.987161
-0.468813 0.556806 -0.982056
-0.496668 0.537213 -0.976108
-0.523830 0.516786 -0.969322
-0.550265 0.495550 -0.961704
-0.575940 0.473533 -0.953260
-0.600824 0.450764 -0.943998
-0.624885 0.427275 -0.933925
-0.648094 0.403094 -0.923050
-0.670422 0.378256 -0.911383
-0.691841 0.352793 -0.898933
-0.712327 0.326739 -0.885711
-0.731853 0.300129 -0.871729
-0.750397 0.272998 -0.856998
-0.767935 0.245383 -0.841531
-0.784447 0.217321 -0.825342
-0.799914 0.188850 -0.808445
-0.814317 0.160008 -0.790853
-0.827639 0.130834 -0.772582
-0.839866 0.101368 -0.753647
-0.850983 0.071649 -0.734066
-0.860978 0.041718 -0.713854
-0.869840 0.011615 -0.693030
-0.877560 -0.018619 -0.671610
-0.884129 -0.048942 -0.649614
-0.889543 -0.079314 -0.627060
-0.893795 -0.109693 -0.603967
-0.896883 -0.140037 -0.580356
-0.898805 -0.170306 -0.556247
-0.899561 -0.200457 -0.531660
-0.899152 -0.230449 -0.506617
-0.897581 -0.260241 -0.481138
-0.894853 -0.289792 -0.455247
-0.890974 -0.319061 -0.428964
-0.885951 -0.348008 -0.402313
-0.879794 -0.376594 -0.375317
-0.872512 -0.404777 -0.347999
-0.864119 -0.432520 -0.320382
-0.854626 -0.459784 -0.292489
-0.844050 -0.486531 -0.264346
-0.832407 -0.512723 -0.235975
-0.819715 -0.538324 -0.207402
-0.805992 -0.563299 -0.178651
-0.791259 -0.587611 -0.149747
-0.775538 -0.611227 -0.120714
-0.758852 -0.634114 -0.091577
-0.741225 -0.656239 -0.062362
-0.722684 -0.677571 -0.033093
-0.703254 -0.698080 -0.003795
-0.682964 -0.717735 0.025505
-0.661843 -0.736509 0.054784
-0.639920 -0.754375 0.084016
-0.617227 -0.771307 0.113175
-0.593797 -0.787280 0.142237
-0.569661 -0.802271 0.171178
-0.544855 -0.816258 0.199971
-0.519413 -0.829219 0.228592
-0.493370 -0.841136 0.257018
-0.466764 -0.851990 0.285222
-0.439630 -0.861765 0.313182
-0.412008 -0.870444 0.340873
-0.383934 -0.878015 0.368271
-0.355449 -0.884465 0.395353
-0.326592 -0.889783 0.422095
-0.297402 -0.893959 0.448475
-0.267920 -0.896986 0.474470
-0.238187 -0.898856 0.500058
-0.208243 -0.899567 0.525216
-0.178129 -0.899113 0.549923
-0.147887 -0.897493 0.574158
-0.117558 -0.894707 0.597900
-0.087185 -0.890756 0.621129
-0.056807 -0.885643 0.643824
-0.026467 -0.879372 0.665967
0.003794 -0.871949 0.687538
0.033935 -0.863382 0.708518
0.063915 -0.853680 0.728890
0.093704 -0.842845 0.748648
0.123298 -0.830862 0.767806
0.152687 -0.817709 0.786371
0.181839 -0.803375 0.804317
0.210705 -0.787857 0.821605
0.239236 -0.771157 0.838196
0.267379 -0.753277 0.854049
0.295082 -0.734227 0.869126
0.322290 -0.714018 0.883384
0.348949 -0.692665 0.896784
0.375001 -0.670189 0.909287
0.400391 -0.646613 0.920854
0.425062 -0.621965 0.931445
0.448958 -0.596279 0.941026
0.472021 -0.569591 0.949560
0.494197 -0.541944 0.957013
0.515431 -0.513382 0.963355
0.535670 -0.483957 0.968554
0.554863 -0.453723 0.972584
0.572961 -0.422738 0.975420
0.589918 -0.391065 0.977041
0.605688 -0.358772 0.977426
0.620231 -0.325927 0.976562
0.633510 -0.292604 0.974434
0.645491 -0.258880 0.971034
0.656142 -0.224834 0.966358
0.665439 -0.190548 0.960402
0.673360 -0.156106 0.953171
0.679888 -0.121592 0.944669
0.685009 -0.087095 0.934907
0.688718 -0.052701 0.923900
0.691011 -0.018498 0.911664
0.691892 0.015424 0.898223
0.691367 0.048979 0.883603
0.689449 0.082079 0.867832
0.686157 0.114639 0.850946
0.681513 0.146575 0.832980
0.675546 0.177806 0.813976
0.668287 0.208251 0.793977
0.659774 0.237836 0.773031
0.650048 0.266488 0.751188
0.639156 0.294137 0.728500
0.627147 0.320719 0.705022
0.614075 0.346174 0.680812
0.599996 0.370446 0.655929
0.584970 0.393485 0.630434
0.569059 0.415246 0.604389
0.552329 0.435688 0.577856
0.534845 0.454777 0.550901
0.516676 0.472485 0.523587
0.497891 0.488788 0.495978
0.478561 0.503669 0.468140
0.458755 0.517117 0.440135
0.438544 0.529126 0.412028
0.417999 0.539695 0.383879
0.397187 0.548831 0.355750
0.376178 0.556544 0.327699
0.355038 0.562850 0.299784
0.333833 0.567770 0.272061
0.312624 0.571329 0.244581
0.291472 0.573558 0.217397
0.270436 0.574492 0.190554
0.249570 0.574168 0.164100
0.228927 0.572630 0.138076
0.208555 0.569921 0.112522
0.188501 0.566090 0.087474
0.168806 0.561189 0.062964
0.149509 0.555270 0.039024
0.130647 0.548389 0.015679
0.112249 0.540602 -0.007046
0.094345 0.531967 -0.029130
0.076959 0.522543 -0.050558
0.060112 0.512390 -0.071314
0.043821 0.501567 -0.091387
0.028102 0.490135 -0.110769
0.012964 0.478153 -0.129454
-0.001584 0.465680 -0.147439
-0.015537 0.452775 -0.164724
-0.028893 0.439495 -0.181311
-0.041652 0.425896 -0.197204
-0.053819 0.412033 -0.212410
-0.065397 0.397958 -0.226937
-0.076395 0.383725 -0.240795
-0.086822 0.369381 -0.253997
-0.096689 0.354976 -0.266554
-0.106009 0.340553 -0.278483
-0.114795 0.326158 -0.289798
-0.123065 0.311830 -0.300517
-0.130833 0.297609 -0.310656
-0.138117 0.283532 -0.320234
-0.144934 0.269632 -0.329270
-0.151304 0.255942 -0.337782
-0.157244 0.242491 -0.345790
-0.162774 0.229306 -0.353313
-0.167913 0.216412 -0.360371
-0.172679 0.203832 -0.366981
-0.177092 0.191586 -0.373164
-0.181169 0.179693 -0.378938
-0.184929 0.168167 -0.384320
-0.188390 0.157025 -0.389329
-0.191569 0.146276 -0.393982
-0.194481 0.135931 -0.398294
-0.197144 0.125999 -0.402282
-0.199572 0.116484 -0.405961
-0.201779 0.107392 -0.409344
-0.203780 0.098726 -0.412446
-0.205587 0.090485 -0.415279
-0.207212 0.082671 -0.417855
-0.208666 0.075280 -0.420185
-0.209960 0.068310 -0.422279
-0.211104 0.061756 -0.424147
-0.212107 0.055611 -0.425798
-0.212976 0.049869 -0.427240
-0.213719 0.044521 -0.428480
-0.214343 0.039559 -0.429525
-0.214854 0.034971 -0.430381
-0.215258 0.030746 -0.431053
-0.215559 0.026873 -0.431547
-0.215762 0.023339 -0.431866
-0.215880 0.020130 -0.432034
-0.215866 0.017231 -0.431951
-0.215512 0.014626 -0.431203
-0.214595 0.012300 -0.429338
-0.213040 0.010241 -0.426205
-0.210854 0.008437 -0.421814
-0.208044 0.006873 -0.416182
-0.204620 0.005532 -0.409324
-0.200594 0.004395 -0.401263
-0.195976 0.003444 -0.392023
-0.190783 0.002658 -0.381632
-0.185029 0.002018 -0.370120
-0.178731 0.001504 -0.357522
-0.171909 0.001100 -0.343874
-0.164582 0.000786 -0.329218
-0.156773 0.000549 -0.313596
-0.148503 0.000372 -0.297054
-0.139798 0.000245 -0.279641
-0.130682 0.000155 -0.261407
-0.121184 0.000095 -0.242407
-0.111330 0.000055 -0.222695
-0.101149 0.000030 -0.202331
-0.090672 0.000015 -0.181373
-0.079928 0.000007 -0.159883
-0.068951 0.000003 -0.137923
-0.057771 0.000001 -0.115560
-0.046421 0.000000 -0.092857
-0.034935 0.000000 -0.069882
-0.023347 0.000000 -0.046702
-0.011691 0.000000 -0.023386
0.000000 0.000000 0.000000
##END
