##TITLE= dor_0
##JCAMP-DX= 5.00 Bruker JCAMP library
##DATA TYPE= Shape Data
##ORIGIN= Bruker Analytik GmbH
##OWNER= <nmrsu>
##DATE= 2023-03-09
##TIME= 07:41:40
##MINX= 0
##MAXX= 1
##MINY= 0
##MAXY= 1
##$SHAPE_EXMODE= Gradient
##$SHAPE_TOTROT= 0
##$SHAPE_BWFAC= 0
##$SHAPE_INTEGFAC= 0
##$SHAPE_MODE= 0
##EFFIFACTOR=0.0053434
##DURATION=0.01
##DIRECTIONVEC= 0 0 1
##NPOINTS=1000
##XYDATA= (X Y Z)
0.000000 0.000000 0.000000
0.054100 0.000000 0.054091
0.108040 0.000000 0.108023
0.161664 0.000000 0.161638
0.214814 0.000000 0.214779
0.267334 0.000001 0.267290
0.319069 0.000002 0.319017
0.369869 0.000004 0.369809
0.419584 0.000009 0.419516
0.468068 0.000018 0.467992
0.515179 0.000032 0.515095
0.560779 0.000055 0.560688
0.604734 0.000091 0.604636
0.646915 0.000143 0.646810
0.687199 0.000217 0.687088
0.725468 0.000320 0.725350
0.761608 0.000459 0.761484
0.795514 0.000642 0.795385
0.827087 0.000878 0.826953
0.856234 0.001178 0.856095
0.882869 0.001551 0.882726
0.906914 0.002010 0.906768
0.928299 0.002565 0.928150
0.946961 0.003229 0.946810
0.962845 0.004011 0.962693
0.975904 0.004924 0.975752
0.986100 0.005977 0.985949
0.993403 0.007179 0.993254
0.997790 0.008536 0.997645
0.999616 0.010057 0.999477
0.999931 0.011749 0.999800
0.999703 0.013623 0.999582
0.999167 0.015686 0.999060
0.998279 0.017948 0.998190
0.997040 0.020415 0.996972
0.995450 0.023095 0.995408
0.993509 0.025994 0.993499
0.991217 0.029119 0.991246
0.988575 0.032476 0.988650
0.985583 0.036070 0.985714
0.982242 0.039905 0.982439
0.978553 0.043986 0.978828
0.974518 0.048316 0.974883
0.970136 0.052898 0.970608
0.965409 0.057735 0.966004
0.960339 0.062827 0.961075
0.954927 0.068176 0.955825
0.949174 0.073781 0.950257
0.943082 0.079644 0.944376
0.936653 0.085761 0.938184
0.929888 0.092132 0.931688
0.922789 0.098753 0.924890
0.915358 0.105622 0.917796
0.907597 0.112733 0.910411
0.899508 0.120083 0.902740
0.891094 0.127665 0.894788
0.882357 0.135473 0.886561
0.873298 0.143501 0.878064
0.863922 0.151740 0.869304
0.854230 0.160182 0.860287
0.844225 0.168818 0.851018
0.833912 0.177639 0.841505
0.823291 0.186634 0.831753
0.812368 0.195792 0.821771
0.801146 0.205101 0.811564
0.789628 0.214550 0.801139
0.777819 0.224127 0.790505
0.765723 0.233817 0.779669
0.753344 0.243608 0.768637
0.740687 0.253486 0.757419
0.727757 0.263436 0.746020
0.714559 0.273445 0.734450
0.701099 0.283496 0.722717
0.687383 0.293575 0.710829
0.673417 0.303667 0.698793
0.659208 0.313756 0.686619
0.644762 0.323827 0.674315
0.630087 0.333863 0.661889
0.615190 0.343849 0.649351
0.600080 0.353770 0.636708
0.584763 0.363609 0.623970
0.569250 0.373352 0.611145
0.553549 0.382982 0.598243
0.537670 0.392485 0.585273
0.521622 0.401846 0.572243
0.505415 0.411050 0.559162
0.489060 0.420082 0.546041
0.472568 0.428930 0.532887
0.455950 0.437578 0.519710
0.439217 0.446015 0.506519
0.422382 0.454228 0.493324
0.405456 0.462204 0.480134
0.388451 0.469933 0.466957
0.371381 0.477403 0.453803
0.354258 0.484604 0.440681
0.337096 0.491528 0.427601
0.319908 0.498164 0.414571
0.302708 0.504506 0.401600
0.285509 0.510545 0.388698
0.268325 0.516276 0.375874
0.251170 0.521692 0.363136
0.234058 0.526788 0.350493
0.217004 0.531561 0.337954
0.200022 0.536006 0.325528
0.183125 0.540123 0.313224
0.166328 0.543908 0.301050
0.149645 0.547362 0.289015
0.133090 0.550484 0.277126
0.116677 0.553276 0.265393
0.100419 0.555738 0.253823
0.084330 0.557875 0.242425
0.068423 0.559688 0.231206
0.052711 0.561183 0.220175
0.037207 0.562364 0.209338
0.021922 0.563237 0.198704
0.006870 0.563808 0.188280
-0.007938 0.564086 0.178073
-0.022491 0.564078 0.168090
-0.036778 0.563792 0.158339
-0.050789 0.563238 0.148826
-0.064514 0.562426 0.139557
-0.077943 0.561366 0.130539
-0.091067 0.560070 0.121779
-0.103879 0.558549 0.113283
-0.116370 0.556815 0.105056
-0.128533 0.554881 0.097104
-0.140361 0.552760 0.089433
-0.151848 0.550466 0.082048
-0.162990 0.548011 0.074954
-0.173780 0.545411 0.068156
-0.184215 0.542679 0.061659
-0.194291 0.539830 0.055468
-0.204005 0.536879 0.049586
-0.213355 0.533842 0.044019
-0.222340 0.530732 0.038768
-0.230957 0.527566 0.033840
-0.239206 0.524359 0.029236
-0.247089 0.521126 0.024960
-0.254605 0.517882 0.021015
-0.261756 0.514643 0.017404
-0.268545 0.511424 0.014130
-0.274973 0.508240 0.011193
-0.281045 0.505106 0.008598
-0.286763 0.502038 0.006345
-0.292134 0.499049 0.004435
-0.297161 0.496155 0.002871
-0.301851 0.493370 0.001654
-0.306209 0.490707 0.000784
-0.310243 0.488180 0.000261
-0.313996 0.485779 0.000044
-0.317583 0.483443 0.000000
-0.321116 0.481103 0.000000
-0.324632 0.478738 0.000000
-0.328130 0.476347 0.000000
-0.331611 0.473930 0.000000
-0.335074 0.471488 0.000000
-0.338519 0.469021 0.000000
-0.341946 0.466528 0.000000
-0.345354 0.464011 0.000000
-0.348744 0.461468 0.000000
-0.352116 0.458901 0.000000
-0.355468 0.456309 0.000000
-0.358801 0.453693 0.000000
-0.362115 0.451052 0.000000
-0.365410 0.448387 0.000000
-0.368685 0.445699 0.000000
-0.371940 0.442986 0.000000
-0.375175 0.440249 0.000000
-0.378390 0.437489 0.000000
-0.381585 0.434705 0.000000
-0.384759 0.431898 0.000000
-0.387913 0.429068 0.000000
-0.391046 0.426215 0.000000
-0.394158 0.423338 0.000000
-0.397248 0.420440 0.000000
-0.400318 0.417518 0.000000
-0.403366 0.414574 0.000000
-0.406392 0.411608 0.000000
-0.409396 0.408620 0.000000
-0.412379 0.405610 0.000000
-0.415339 0.402578 0.000000
-0.418277 0.399525 0.000000
-0.421193 0.396450 0.000000
-0.424086 0.393354 0.000000
-0.426956 0.390236 0.000000
-0.429803 0.387098 0.000000
-0.432627 0.383939 0.000000
-0.435428 0.380759 0.000000
-0.438206 0.377559 0.000000
-0.440960 0.374339 0.000000
-0.443691 0.371099 0.000000
-0.446397 0.367838 0.000000
-0.449080 0.364558 0.000000
-0.451739 0.361259 0.000000
-0.454373 0.357940 0.000000
-0.456983 0.354601 0.000000
-0.459568 0.351244 0.000000
-0.462129 0.347868 0.000000
-0.464665 0.344473 0.000000
-0.467176 0.341060 0.000000
-0.469662 0.337628 0.000000
-0.472123 0.334179 0.000000
-0.474559 0.330711 0.000000
-0.476968 0.327226 0.000000
-0.479353 0.323723 0.000000
-0.481712 0.320203 0.000000
-0.484044 0.316665 0.000000
-0.486351 0.313111 0.000000
-0.488632 0.309539 0.000000
-0.490886 0.305951 0.000000
-0.493114 0.302347 0.000000
-0.495316 0.298727 0.000000
-0.497491 0.295090 0.000000
-0.499640 0.291438 0.000000
-0.501761 0.287770 0.000000
-0.503856 0.284086 0.000000
-0.505924 0.280387 0.000000
-0.507964 0.276674 0.000000
-0.509977 0.272945 0.000000
-0.511963 0.269202 0.000000
-0.513921 0.265444 0.000000
-0.515852 0.261672 0.000000
-0.517755 0.257886 0.000000
-0.519631 0.254086 0.000000
-0.521478 0.250273 0.000000
-0.523297 0.246446 0.000000
-0.525089 0.242605 0.000000
-0.526852 0.238752 0.000000
-0.528587 0.234886 0.000000
-0.530293 0.231008 0.000000
-0.531971 0.227117 0.000000
-0.533621 0.223214 0.000000
-0.535242 0.219298 0.000000
-0.536834 0.215371 0.000000
-0.538397 0.211433 0.000000
-0.539932 0.207483 0.000000
-0.541437 0.203522 0.000000
-0.542914 0.199550 0.000000
-0.544361 0.195568 0.000000
-0.545779 0.191575 0.000000
-0.547168 0.187571 0.000000
-0.548527 0.183558 0.000000
-0.549857 0.179534 0.000000
-0.551158 0.175502 0.000000
-0.552429 0.171459 0.000000
-0.553670 0.167408 0.000000
-0.554881 0.163347 0.000000
-0.556063 0.159278 0.000000
-0.557215 0.155200 0.000000
-0.558337 0.151114 0.000000
-0.559429 0.147019 0.000000
-0.560491 0.142917 0.000000
-0.561523 0.138807 0.000000
-0.562525 0.134690 0.000000
-0.563496 0.130566 0.000000
-0.564438 0.126434 0.000000
-0.565349 0.122296 0.000000
-0.566230 0.118151 0.000000
-0.567080 0.114000 0.000000
-0.567900 0.109842 0.000000
-0.568689 0.105679 0.000000
-0.569448 0.101510 0.000000
-0.570177 0.097336 0.000000
-0.570874 0.093156 0.000000
-0.571541 0.088972 0.000000
-0.572178 0.084782 0.000000
-0.572784 0.080588 0.000000
-0.573359 0.076390 0.000000
-0.573903 0.072188 0.000000
-0.574416 0.067982 0.000000
-0.574899 0.063772 0.000000
-0.575351 0.059559 0.000000
-0.575772 0.055342 0.000000
-0.576162 0.051123 0.000000
-0.576521 0.046901 0.000000
-0.576849 0.042676 0.000000
-0.577146 0.038449 0.000000
-0.577412 0.034220 0.000000
-0.577647 0.029989 0.000000
-0.577851 0.025756 0.000000
-0.578025 0.021523 0.000000
-0.578167 0.017287 0.000000
-0.578278 0.013052 0.000000
-0.578358 0.008815 0.000000
-0.578407 0.004578 0.000000
-0.578425 0.000340 0.000000
-0.578412 -0.003897 0.000000
-0.578368 -0.008134 0.000000
-0.578293 -0.012371 0.000000
-0.578187 -0.016607 0.000000
-0.578050 -0.020842 0.000000
-0.577881 -0.025076 0.000000
-0.577682 -0.029309 0.000000
-0.577452 -0.033540 0.000000
-0.577191 -0.037770 0.000000
-0.576899 -0.041997 0.000000
-0.576575 -0.046222 0.000000
-0.576221 -0.050445 0.000000
-0.575836 -0.054665 0.000000
-0.575420 -0.058881 0.000000
-0.574974 -0.063095 0.000000
-0.574496 -0.067306 0.000000
-0.573987 -0.071512 0.000000
-0.573448 -0.075715 0.000000
-0.572878 -0.079914 0.000000
-0.572277 -0.084109 0.000000
-0.571646 -0.088299 0.000000
-0.570984 -0.092484 0.000000
-0.570291 -0.096665 0.000000
-0.569567 -0.100840 0.000000
-0.568813 -0.105010 0.000000
-0.568029 -0.109174 0.000000
-0.567214 -0.113332 0.000000
-0.566368 -0.117484 0.000000
-0.565492 -0.121630 0.000000
-0.564586 -0.125770 0.000000
-0.563650 -0.129902 0.000000
-0.562683 -0.134028 0.000000
-0.561686 -0.138147 0.000000
-0.560659 -0.142258 0.000000
-0.559602 -0.146361 0.000000
-0.558515 -0.150457 0.000000
-0.557397 -0.154544 0.000000
-0.556250 -0.158623 0.000000
-0.555073 -0.162694 0.000000
-0.553867 -0.166756 0.000000
-0.552630 -0.170809 0.000000
-0.551364 -0.174853 0.000000
-0.550068 -0.178887 0.000000
-0.548743 -0.182912 0.000000
-0.547388 -0.186927 0.000000
-0.546004 -0.190932 0.000000
-0.544591 -0.194927 0.000000
-0.543148 -0.198911 0.000000
-0.541676 -0.202885 0.000000
-0.540176 -0.206848 0.000000
-0.538646 -0.210799 0.000000
-0.537087 -0.214740 0.000000
-0.535500 -0.218668 0.000000
-0.533883 -0.222585 0.000000
-0.532238 -0.226490 0.000000
-0.530565 -0.230383 0.000000
-0.528863 -0.234264 0.000000
-0.527133 -0.238132 0.000000
-0.525374 -0.241987 0.000000
-0.523587 -0.245830 0.000000
-0.521772 -0.249659 0.000000
-0.519929 -0.253474 0.000000
-0.518058 -0.257276 0.000000
-0.516160 -0.261065 0.000000
-0.514233 -0.264839 0.000000
-0.512279 -0.268599 0.000000
-0.510298 -0.272345 0.000000
-0.508289 -0.276076 0.000000
-0.506253 -0.279792 0.000000
-0.504190 -0.283493 0.000000
-0.502100 -0.287179 0.000000
-0.499982 -0.290849 0.000000
-0.497838 -0.294504 0.000000
-0.495667 -0.298143 0.000000
-0.493470 -0.301767 0.000000
-0.491246 -0.305374 0.000000
-0.488996 -0.308964 0.000000
-0.486719 -0.312538 0.000000
-0.484417 -0.316095 0.000000
-0.482088 -0.319635 0.000000
-0.479733 -0.323159 0.000000
-0.477353 -0.326664 0.000000
-0.474947 -0.330152 0.000000
-0.472516 -0.333623 0.000000
-0.470059 -0.337075 0.000000
-0.467577 -0.340510 0.000000
-0.465070 -0.343926 0.000000
-0.462538 -0.347324 0.000000
-0.459982 -0.350703 0.000000
-0.457400 -0.354063 0.000000
-0.454794 -0.357405 0.000000
-0.452164 -0.360727 0.000000
-0.449509 -0.364030 0.000000
-0.446830 -0.367313 0.000000
-0.444127 -0.370576 0.000000
-0.441400 -0.373820 0.000000
-0.438650 -0.377043 0.000000
-0.435876 -0.380247 0.000000
-0.433079 -0.383430 0.000000
-0.430258 -0.386592 0.000000
-0.427415 -0.389734 0.000000
-0.424548 -0.392854 0.000000
-0.421659 -0.395954 0.000000
-0.418747 -0.399032 0.000000
-0.415812 -0.402089 0.000000
-0.412856 -0.405124 0.000000
-0.409877 -0.408138 0.000000
-0.406876 -0.411130 0.000000
-0.403853 -0.414099 0.000000
-0.400809 -0.417047 0.000000
-0.397743 -0.419972 0.000000
-0.394656 -0.422874 0.000000
-0.391547 -0.425754 0.000000
-0.388418 -0.428611 0.000000
-0.385267 -0.431445 0.000000
-0.382096 -0.434256 0.000000
-0.378905 -0.437043 0.000000
-0.375693 -0.439807 0.000000
-0.372461 -0.442548 0.000000
-0.369209 -0.445264 0.000000
-0.365937 -0.447957 0.000000
-0.362646 -0.450626 0.000000
-0.359335 -0.453270 0.000000
-0.356005 -0.455891 0.000000
-0.352655 -0.458486 0.000000
-0.349287 -0.461058 0.000000
-0.345900 -0.463604 0.000000
-0.342495 -0.466126 0.000000
-0.339071 -0.468622 0.000000
-0.335629 -0.471093 0.000000
-0.332169 -0.473540 0.000000
-0.328691 -0.475960 0.000000
-0.325195 -0.478355 0.000000
-0.321682 -0.480725 0.000000
-0.318152 -0.483068 0.000000
-0.314604 -0.485386 0.000000
-0.311040 -0.487678 0.000000
-0.307459 -0.489943 0.000000
-0.303862 -0.492183 0.000000
-0.300248 -0.494395 0.000000
-0.296618 -0.496582 0.000000
-0.292972 -0.498741 0.000000
-0.289311 -0.500874 0.000000
-0.285634 -0.502980 0.000000
-0.281941 -0.505059 0.000000
-0.278234 -0.507111 0.000000
-0.274511 -0.509136 0.000000
-0.270774 -0.511133 0.000000
-0.267023 -0.513103 0.000000
-0.263257 -0.515045 0.000000
-0.259476 -0.516960 0.000000
-0.255682 -0.518847 0.000000
-0.251875 -0.520706 0.000000
-0.248053 -0.522537 0.000000
-0.244219 -0.524340 0.000000
-0.240371 -0.526115 0.000000
-0.236510 -0.527862 0.000000
-0.232637 -0.529581 0.000000
-0.228751 -0.531271 0.000000
-0.224853 -0.532932 0.000000
-0.220943 -0.534565 0.000000
-0.217021 -0.536169 0.000000
-0.213087 -0.537745 0.000000
-0.209142 -0.539291 0.000000
-0.205186 -0.540809 0.000000
-0.201218 -0.542298 0.000000
-0.197240 -0.543757 0.000000
-0.193252 -0.545188 0.000000
-0.189253 -0.546589 0.000000
-0.185243 -0.547960 0.000000
-0.181224 -0.549303 0.000000
-0.177195 -0.550616 0.000000
-0.173157 -0.551899 0.000000
-0.169109 -0.553153 0.000000
-0.165052 -0.554377 0.000000
-0.160987 -0.555571 0.000000
-0.156912 -0.556735 0.000000
-0.152830 -0.557870 0.000000
-0.148739 -0.558974 0.000000
-0.144640 -0.560049 0.000000
-0.140533 -0.561094 0.000000
-0.136419 -0.562108 0.000000
-0.132297 -0.563092 0.000000
-0.128169 -0.564046 0.000000
-0.124033 -0.564970 0.000000
-0.119891 -0.565864 0.000000
-0.115743 -0.566727 0.000000
-0.111588 -0.567560 0.000000
-0.107427 -0.568362 0.000000
-0.103261 -0.569133 0.000000
-0.099088 -0.569875 0.000000
-0.094911 -0.570585 0.000000
-0.090728 -0.571265 0.000000
-0.086541 -0.571915 0.000000
-0.082349 -0.572533 0.000000
-0.078153 -0.573121 0.000000
-0.073952 -0.573678 0.000000
-0.069747 -0.574205 0.000000
-0.065539 -0.574700 0.000000
-0.061327 -0.575165 0.000000
-0.057112 -0.575599 0.000000
-0.052894 -0.576002 0.000000
-0.048673 -0.576374 0.000000
-0.044449 -0.576715 0.000000
-0.040223 -0.577025 0.000000
-0.035995 -0.577304 0.000000
-0.031765 -0.577552 0.000000
-0.027533 -0.577769 0.000000
-0.023300 -0.577956 0.000000
-0.019065 -0.578111 0.000000
-0.014829 -0.578235 0.000000
-0.010593 -0.578328 0.000000
-0.006356 -0.578390 0.000000
-0.002119 -0.578421 0.000000
0.002119 -0.578421 0.000000
0.006356 -0.578390 0.000000
0.010593 -0.578328 0.000000
0.014829 -0.578235 0.000000
0.019065 -0.578111 0.000000
0.023300 -0.577956 0.000000
0.027533 -0.577769 0.000000
0.031765 -0.577552 0.000000
0.035995 -0.577304 0.000000
0.040223 -0.577025 0.000000
0.044449 -0.576715 0.000000
0.048673 -0.576374 0.000000
0.052894 -0.576002 0.000000
0.057112 -0.575599 0.000000
0.061327 -0.575165 0.000000
0.065539 -0.574700 0.000000
0.069747 -0.574205 0.000000
0.073952 -0.573678 0.000000
0.078153 -0.573121 0.000000
0.082349 -0.572533 0.000000
0.086541 -0.571915 0.000000
0.090728 -0.571265 0.000000
0.094911 -0.570585 0.000000
0.099088 -0.569875 0.000000
0.103261 -0.569133 0.000000
0.107427 -0.568362 0.000000
0.111588 -0.567560 0.000000
0.115743 -0.566727 0.000000
0.119891 -0.565864 0.000000
0.124033 -0.564970 0.000000
0.128169 -0.564046 0.000000
0.132297 -0.563092 0.000000
0.136419 -0.562108 0.000000
0.140533 -0.561094 0.000000
0.144640 -0.560049 0.000000
0.148739 -0.558974 0.000000
0.152830 -0.557870 0.000000
0.156912 -0.556735 0.000000
0.160987 -0.555571 0.000000
0.165052 -0.554377 0.000000
0.169109 -0.553153 0.000000
0.173157 -0.551899 0.000000
0.177195 -0.550616 0.000000
0.181224 -0.549303 0.000000
0.185243 -0.547960 0.000000
0.189253 -0.546589 0.000000
0.193252 -0.545188 0.000000
0.197240 -0.543757 0.000000
0.201218 -0.542298 0.000000
0.205186 -0.540809 0.000000
0.209142 -0.539291 0.000000
0.213087 -0.537745 0.000000
0.217021 -0.536169 0.000000
0.220943 -0.534565 0.000000
0.224853 -0.532932 0.000000
0.228751 -0.531271 0.000000
0.232637 -0.529581 0.000000
0.236510 -0.527862 0.000000
0.240371 -0.526115 0.000000
0.244219 -0.524340 0.000000
0.248053 -0.522537 0.000000
0.251875 -0.520706 0.000000
0.255682 -0.518847 0.000000
0.259476 -0.516960 0.000000
0.263257 -0.515045 0.000000
0.267023 -0.513103 0.000000
0.270774 -0.511133 0.000000
0.274511 -0.509136 0.000000
0.278234 -0.507111 0.000000
0.281941 -0.505059 0.000000
0.285634 -0.502980 0.000000
0.289311 -0.500874 0.000000
0.292972 -0.498741 0.000000
0.296618 -0.496582 0.000000
0.300248 -0.494395 0.000000
0.303862 -0.492183 0.000000
0.307459 -0.489943 0.000000
0.311040 -0.487678 0.000000
0.314604 -0.485386 0.000000
0.318152 -0.483068 0.000000
0.321682 -0.480725 0.000000
0.325195 -0.478355 0.000000
0.328691 -0.475960 0.000000
0.332169 -0.473540 0.000000
0.335629 -0.471093 0.000000
0.339071 -0.468622 0.000000
0.342495 -0.466126 0.000000
0.345900 -0.463604 0.000000
0.349287 -0.461058 0.000000
0.352655 -0.458486 0.000000
0.356005 -0.455891 0.000000
0.359335 -0.453270 0.000000
0.362646 -0.450626 0.000000
0.365937 -0.447957 0.000000
0.369209 -0.445264 0.000000
0.372461 -0.442548 0.000000
0.375693 -0.439807 0.000000
0.378905 -0.437043 0.000000
0.382096 -0.434256 0.000000
0.385267 -0.431445 0.000000
0.388418 -0.428611 0.000000
0.391547 -0.425754 0.000000
0.394656 -0.422874 0.000000
0.397743 -0.419972 0.000000
0.400809 -0.417047 0.000000
0.403853 -0.414099 0.000000
0.406876 -0.411130 0.000000
0.409877 -0.408138 0.000000
0.412856 -0.405124 0.000000
0.415812 -0.402089 0.000000
0.418747 -0.399032 0.000000
0.421659 -0.395954 0.000000
0.424548 -0.392854 0.000000
0.427415 -0.389734 0.000000
0.430258 -0.386592 0.000000
0.433079 -0.383430 0.000000
0.435876 -0.380247 0.000000
0.438650 -0.377043 0.000000
0.441400 -0.373820 0.000000
0.444127 -0.370576 0.000000
0.446830 -0.367313 0.000000
0.449509 -0.364030 0.000000
0.452164 -0.360727 0.000000
0.454794 -0.357405 0.000000
0.457400 -0.354063 0.000000
0.459982 -0.350703 0.000000
0.462538 -0.347324 0.000000
0.465070 -0.343926 0.000000
0.467577 -0.340510 0.000000
0.470059 -0.337075 0.000000
0.472516 -0.333623 0.000000
0.474947 -0.330152 0.000000
0.477353 -0.326664 0.000000
0.479733 -0.323159 0.000000
0.482088 -0.319635 0.000000
0.484417 -0.316095 0.000000
0.486719 -0.312538 0.000000
0.488996 -0.308964 0.000000
0.491246 -0.305374 0.000000
0.493470 -0.301767 0.000000
0.495667 -0.298143 0.000000
0.497838 -0.294504 0.000000
0.499982 -0.290849 0.000000
0.502100 -0.287179 0.000000
0.504190 -0.283493 0.000000
0.506253 -0.279792 0.000000
0.508289 -0.276076 0.000000
0.510298 -0.272345 0.000000
0.512279 -0.268599 0.000000
0.514233 -0.264839 0.000000
0.516160 -0.261065 0.000000
0.518058 -0.257276 0.000000
0.519929 -0.253474 0.000000
0.521772 -0.249659 0.000000
0.523587 -0.245830 0.000000
0.525374 -0.241987 0.000000
0.527133 -0.238132 0.000000
0.528863 -0.234264 0.000000
0.530565 -0.230383 0.000000
0.532238 -0.226490 0.000000
0.533883 -0.222585 0.000000
0.535500 -0.218668 0.000000
0.537087 -0.214740 0.000000
0.538646 -0.210799 0.000000
0.540176 -0.206848 0.000000
0.541676 -0.202885 0.000000
0.543148 -0.198911 0.000000
0.544591 -0.194927 0.000000
0.546004 -0.190932 0.000000
0.547388 -0.186927 0.000000
0.548743 -0.182912 0.000000
0.550068 -0.178887 0.000000
0.551364 -0.174853 0.000000
0.552630 -0.170809 0.000000
0.553867 -0.166756 0.000000
0.555073 -0.162694 0.000000
0.556250 -0.158623 0.000000
0.557397 -0.154544 0.000000
0.558515 -0.150457 0.000000
0.559602 -0.146361 0.000000
0.560659 -0.142258 0.000000
0.561686 -0.138147 0.000000
0.562683 -0.134028 0.000000
0.563650 -0.129902 0.000000
0.564586 -0.125770 0.000000
0.565492 -0.121630 0.000000
0.566368 -0.117484 0.000000
0.567214 -0.113332 0.000000
0.568029 -0.109174 0.000000
0.568813 -0.105010 0.000000
0.569567 -0.100840 0.000000
0.570291 -0.096665 0.000000
0.570984 -0.092484 0.000000
0.571646 -0.088299 0.000000
0.572277 -0.084109 0.000000
0.572878 -0.079914 0.000000
0.573448 -0.075715 0.000000
0.573987 -0.071512 0.000000
0.574496 -0.067306 0.000000
0.574974 -0.063095 0.000000
0.575420 -0.058881 0.000000
0.575836 -0.054665 0.000000
0.576221 -0.050445 0.000000
0.576575 -0.046222 0.000000
0.576899 -0.041997 0.000000
0.577191 -0.037770 0.000000
0.577452 -0.033540 0.000000
0.577682 -0.029309 0.000000
0.577881 -0.025076 0.000000
0.578050 -0.020842 0.000000
0.578187 -0.016607 0.000000
0.578293 -0.012371 0.000000
0.578368 -0.008134 0.000000
0.578412 -0.003897 0.000000
0.578425 0.000340 0.000000
0.578407 0.004578 0.000000
0.578358 0.008815 0.000000
0.578278 0.013052 0.000000
0.578167 0.017287 0.000000
0.578025 0.021523 0.000000
0.577851 0.025756 0.000000
0.577647 0.029989 0.000000
0.577412 0.034220 0.000000
0.577146 0.038449 0.000000
0.576849 0.042676 0.000000
0.576521 0.046901 0.000000
0.576162 0.051123 0.000000
0.575772 0.055342 0.000000
0.575351 0.059559 0.000000
0.574899 0.063772 0.000000
0.574416 0.067982 0.000000
0.573903 0.072188 0.000000
0.573359 0.076390 0.000000
0.572784 0.080588 0.000000
0.572178 0.084782 0.000000
0.571541 0.088972 0.000000
0.570874 0.093156 0.000000
0.570177 0.097336 0.000000
0.569448 0.101510 0.000000
0.568689 0.105679 0.000000
0.567900 0.109842 0.000000
0.567080 0.114000 0.000000
0.566230 0.118151 0.000000
0.565349 0.122296 0.000000
0.564438 0.126434 0.000000
0.563496 0.130566 0.000000
0.562525 0.134690 0.000000
0.561523 0.138807 0.000000
0.560491 0.142917 0.000000
0.559429 0.147019 0.000000
0.558337 0.151114 0.000000
0.557215 0.155200 0.000000
0.556063 0.159278 0.000000
0.554881 0.163347 0.000000
0.553670 0.167408 0.000000
0.552429 0.171459 0.000000
0.551158 0.175502 0.000000
0.549857 0.179534 0.000000
0.548527 0.183558 0.000000
0.547168 0.187571 0.000000
0.545779 0.191575 0.000000
0.544361 0.195568 0.000000
0.542914 0.199550 0.000000
0.541437 0.203522 0.000000
0.539932 0.207483 0.000000
0.538397 0.211433 0.000000
0.536834 0.215371 0.000000
0.535242 0.219298 0.000000
0.533621 0.223214 0.000000
0.531971 0.227117 0.000000
0.530293 0.231008 0.000000
0.528587 0.234886 0.000000
0.526852 0.238752 0.000000
0.525089 0.242605 0.000000
0.523297 0.246446 0.000000
0.521478 0.250273 0.000000
0.519631 0.254086 0.000000
0.517755 0.257886 0.000000
0.515852 0.261672 0.000000
0.513921 0.265444 0.000000
0.511963 0.269202 0.000000
0.509977 0.272945 0.000000
0.507964 0.276674 0.000000
0.505924 0.280387 0.000000
0.503856 0.284086 0.000000
0.501761 0.287770 0.000000
0.499640 0.291438 0.000000
0.497491 0.295090 0.000000
0.495316 0.298727 0.000000
0.493114 0.302347 0.000000
0.490886 0.305951 0.000000
0.488632 0.309539 0.000000
0.486351 0.313111 0.000000
0.484044 0.316665 0.000000
0.481712 0.320203 0.000000
0.479353 0.323723 0.000000
0.476968 0.327226 0.000000
0.474559 0.330711 0.000000
0.472123 0.334179 0.000000
0.469662 0.337628 0.000000
0.467176 0.341060 0.000000
0.464665 0.344473 0.000000
0.462129 0.347868 0.000000
0.459568 0.351244 0.000000
0.456983 0.354601 0.000000
0.454373 0.357940 0.000000
0.451739 0.361259 0.000000
0.449080 0.364558 0.000000
0.446397 0.367838 0.000000
0.443691 0.371099 0.000000
0.440960 0.374339 0.000000
0.438206 0.377559 0.000000
0.435428 0.380759 0.000000
0.432627 0.383939 0.000000
0.429803 0.387098 0.000000
0.426956 0.390236 0.000000
0.424086 0.393354 0.000000
0.421193 0.396450 0.000000
0.418277 0.399525 0.000000
0.415339 0.402578 0.000000
0.412379 0.405610 0.000000
0.409396 0.408620 0.000000
0.406392 0.411608 0.000000
0.403366 0.414574 0.000000
0.400318 0.417518 0.000000
0.397248 0.420440 0.000000
0.394158 0.423338 0.000000
0.391046 0.426215 0.000000
0.387913 0.429068 0.000000
0.384759 0.431898 0.000000
0.381585 0.434705 0.000000
0.378390 0.437489 0.000000
0.375175 0.440249 0.000000
0.371940 0.442986 0.000000
0.368685 0.445699 0.000000
0.365410 0.448387 0.000000
0.362115 0.451052 0.000000
0.358801 0.453693 0.000000
0.355468 0.456309 0.000000
0.352116 0.458901 0.000000
0.348744 0.461468 0.000000
0.345354 0.464011 0.000000
0.341946 0.466528 0.000000
0.338519 0.469021 0.000000
0.335074 0.471488 0.000000
0.331611 0.473930 0.000000
0.328130 0.476347 0.000000
0.324632 0.478738 0.000000
0.321116 0.481103 0.000000
0.317583 0.483443 0.000000
0.313996 0.485779 -0.000044
0.310243 0.488180 -0.000261
0.306209 0.490707 -0.000784
0.301851 0.493370 -0.001654
0.297161 0.496155 -0.002871
0.292134 0.499049 -0.004435
0.286763 0.502038 -0.006345
0.281045 0.505106 -0.008598
0.274973 0.508240 -0.011193
0.268545 0.511424 -0.014130
0.261756 0.514643 -0.017404
0.254605 0.517882 -0.021015
0.247089 0.521126 -0.024960
0.239206 0.524359 -0.029236
0.230957 0.527566 -0.033840
0.222340 0.530732 -0.038768
0.213355 0.533842 -0.044019
0.204005 0.536879 -0.049586
0.194291 0.539830 -0.055468
0.184215 0.542679 -0.061659
0.173780 0.545411 -0.068156
0.162990 0.548011 -0.074954
0.151848 0.550466 -0.082048
0.140361 0.552760 -0.089433
0.128533 0.554881 -0.097104
0.116370 0.556815 -0.105056
0.103879 0.558549 -0.113283
0.091067 0.560070 -0.121779
0.077943 0.561366 -0.130539
0.064514 0.562426 -0.139557
0.050789 0.563238 -0.148826
0.036778 0.563792 -0.158339
0.022491 0.564078 -0.168090
0.007938 0.564086 -0.178073
-0.006870 0.563808 -0.188280
-0.021922 0.563237 -0.198704
-0.037207 0.562364 -0.209338
-0.052711 0.561183 -0.220175
-0.068423 0.559688 -0.231206
-0.084330 0.557875 -0.242425
-0.100419 0.555738 -0.253823
-0.116677 0.553276 -0.265393
-0.133090 0.550484 -0.277126
-0.149645 0.547362 -0.289015
-0.166328 0.543908 -0.301050
-0.183125 0.540123 -0.313224
-0.200022 0.536006 -0.325528
-0.217004 0.531561 -0.337954
-0.234058 0.526788 -0.350493
-0.251170 0.521692 -0.363136
-0.268325 0.516276 -0.375874
-0.285509 0.510545 -0.388698
-0.302708 0.504506 -0.401600
-0.319908 0.498164 -0.414571
-0.337096 0.491528 -0.427601
-0.354258 0.484604 -0.440681
-0.371381 0.477403 -0.453803
-0.388451 0.469933 -0.466957
-0.405456 0.462204 -0.480134
-0.422382 0.454228 -0.493324
-0.439217 0.446015 -0.506519
-0.455950 0.437578 -0.519710
-0.472568 0.428930 -0.532887
-0.489060 0.420082 -0.546041
-0.505415 0.411050 -0.559162
-0.521622 0.401846 -0.572243
-0.537670 0.392485 -0.585273
-0.553549 0.382982 -0.598243
-0.569250 0.373352 -0.611145
-0.584763 0.363609 -0.623970
-0.600080 0.353770 -0.636708
-0.615190 0.343849 -0.649351
-0.630087 0.333863 -0.661889
-0.644762 0.323827 -0.674315
-0.659208 0.313756 -0.686619
-0.673417 0.303667 -0.698793
-0.687383 0.293575 -0.710829
-0.701099 0.283496 -0.722717
-0.714559 0.273445 -0.734450
-0.727757 0.263436 -0.746020
-0.740687 0.253486 -0.757419
-0.753344 0.243608 -0.768637
-0.765723 0.233817 -0.779669
-0.777819 0.224127 -0.790505
-0.789628 0.214550 -0.801139
-0.801146 0.205101 -0.811564
-0.812368 0.195792 -0.821771
-0.823291 0.186634 -0.831753
-0.833912 0.177639 -0.841505
-0.844225 0.168818 -0.851018
-0.854230 0.160182 -0.860287
-0.863922 0.151740 -0.869304
-0.873298 0.143501 -0.878064
-0.882357 0.135473 -0.886561
-0.891094 0.127665 -0.894788
-0.899508 0.120083 -0.902740
-0.907597 0.112733 -0.910411
-0.915358 0.105622 -0.917796
-0.922789 0.098753 -0.924890
-0.929888 0.092132 -0.931688
-0.936653 0.085761 -0.938184
-0.943082 0.079644 -0.944376
-0.949174 0.073781 -0.950257
-0.954927 0.068176 -0.955825
-0.960339 0.062827 -0.961075
-0.965409 0.057735 -0.966004
-0.970136 0.052898 -0.970608
-0.974518 0.048316 -0.974883
-0.978553 0.043986 -0.978828
-0.982242 0.039905 -0.982439
-0.985583 0.036070 -0.985714
-0.988575 0.032476 -0.988650
-0.991217 0.029119 -0.991246
-0.993509 0.025994 -0.993499
-0.995450 0.023095 -0.995408
-0.997040 0.020415 -0.996972
-0.998279 0.017948 -0.998190
-0.999167 0.015686 -0.999060
-0.999703 0.013623 -0.999582
-0.999931 0.011749 -0.999800
-0.999616 0.010057 -0.999477
-0.997790 0.008536 -0.997645
-0.993403 0.007179 -0.993254
-0.986100 0.005977 -0.985949
-0.975904 0.004924 -0.975752
-0.962845 0.004011 -0.962693
-0.946961 0.003229 -0.946810
-0.928299 0.002565 -0.928150
-0.906914 0.002010 -0.906768
-0.882869 0.001551 -0.882726
-0.856234 0.001178 -0.856095
-0.827087 0.000878 -0.826953
-0.795514 0.000642 -0.795385
-0.761608 0.000459 -0.761484
-0.725468 0.000320 -0.725350
-0.687199 0.000217 -0.687088
-0.646915 0.000143 -0.646810
-0.604734 0.000091 -0.604636
-0.560779 0.000055 -0.560688
-0.515179 0.000032 -0.515095
-0.468068 0.000018 -0.467992
-0.419584 0.000009 -0.419516
-0.369869 0.000004 -0.369809
-0.319069 0.000002 -0.319017
-0.267334 0.000001 -0.267290
-0.214814 0.000000 -0.214779
-0.161664 0.000000 -0.161638
-0.108040 0.000000 -0.108023
-0.054100 0.000000 -0.054091
0.000000 0.000000 0.000000
##END
