##TITLE= dor0 axial c cnst1=24.459
##JCAMP-DX= 5.00 Bruker JCAMP library
##DATA TYPE= Shape Data
##ORIGIN= Bruker Analytik GmbH
##OWNER= <nmrsu>
##DATE= xx
##TIME= xx
##MINX= 0
##MAXX= 1
##MINY= 0
##MAXY= 1
##$SHAPE_EXMODE= Gradient
##$SHAPE_TOTROT= 0
##$SHAPE_BWFAC= 0
##$SHAPE_INTEGFAC= 0
##$SHAPE_MODE= 0
##NPOINTS=1000
##XYDATA= (X++(Y..Y))
0.000000
0.054091
0.108023
0.161638
0.214779
0.267290
0.319017
0.369809
0.419516
0.467992
0.515095
0.560688
0.604636
0.646810
0.687088
0.725350
0.761484
0.795385
0.826953
0.856095
0.882726
0.906768
0.928150
0.946810
0.962693
0.975752
0.985949
0.993254
0.997645
0.999477
0.999800
0.999582
0.999060
0.998190
0.996972
0.995408
0.993499
0.991246
0.988650
0.985714
0.982439
0.978828
0.974883
0.970608
0.966004
0.961075
0.955825
0.950257
0.944376
0.938184
0.931688
0.924890
0.917796
0.910411
0.902740
0.894788
0.886561
0.878064
0.869304
0.860287
0.851018
0.841505
0.831753
0.821771
0.811564
0.801139
0.790505
0.779669
0.768637
0.757419
0.746020
0.734450
0.722717
0.710829
0.698793
0.686619
0.674315
0.661889
0.649351
0.636708
0.623970
0.611145
0.598243
0.585273
0.572243
0.559162
0.546041
0.532887
0.519710
0.506519
0.493324
0.480134
0.466957
0.453803
0.440681
0.427601
0.414571
0.401600
0.388698
0.375874
0.363136
0.350493
0.337954
0.325528
0.313224
0.301050
0.289015
0.277126
0.265393
0.253823
0.242425
0.231206
0.220175
0.209338
0.198704
0.188280
0.178073
0.168090
0.158339
0.148826
0.139557
0.130539
0.121779
0.113283
0.105056
0.097104
0.089433
0.082048
0.074954
0.068156
0.061659
0.055468
0.049586
0.044019
0.038768
0.033840
0.029236
0.024960
0.021015
0.017404
0.014130
0.011193
0.008598
0.006345
0.004435
0.002871
0.001654
0.000784
0.000261
0.000044
0.000000
0.000000
0.000000
0.000000
0.000000
0.000000
0.000000
0.000000
0.000000
0.000000
0.000000
0.000000
0.000000
0.000000
0.000000
0.000000
0.000000
0.000000
0.000000
0.000000
0.000000
0.000000
0.000000
0.000000
0.000000
0.000000
0.000000
0.000000
0.000000
0.000000
0.000000
0.000000
0.000000
0.000000
0.000000
0.000000
0.000000
0.000000
0.000000
0.000000
0.000000
0.000000
0.000000
0.000000
0.000000
0.000000
0.000000
0.000000
0.000000
0.000000
0.000000
0.000000
0.000000
0.000000
0.000000
0.000000
0.000000
0.000000
0.000000
0.000000
0.000000
0.000000
0.000000
0.000000
0.000000
0.000000
0.000000
0.000000
0.000000
0.000000
0.000000
0.000000
0.000000
0.000000
0.000000
0.000000
0.000000
0.000000
0.000000
0.000000
0.000000
0.000000
0.000000
0.000000
0.000000
0.000000
0.000000
0.000000
0.000000
0.000000
0.000000
0.000000
0.000000
0.000000
0.000000
0.000000
0.000000
0.000000
0.000000
0.000000
0.000000
0.000000
0.000000
0.000000
0.000000
0.000000
0.000000
0.000000
0.000000
0.000000
0.000000
0.000000
0.000000
0.000000
0.000000
0.000000
0.000000
0.000000
0.000000
0.000000
0.000000
0.000000
0.000000
0.000000
0.000000
0.000000
0.000000
0.000000
0.000000
0.000000
0.000000
0.000000
0.000000
0.000000
0.000000
0.000000
0.000000
0.000000
0.000000
0.000000
0.000000
0.000000
0.000000
0.000000
0.000000
0.000000
0.000000
0.000000
0.000000
0.000000
0.000000
0.000000
0.000000
0.000000
0.000000
0.000000
0.000000
0.000000
0.000000
0.000000
0.000000
0.000000
0.000000
0.000000
0.000000
0.000000
0.000000
0.000000
0.000000
0.000000
0.000000
0.000000
0.000000
0.000000
0.000000
0.000000
0.000000
0.000000
0.000000
0.000000
0.000000
0.000000
0.000000
0.000000
0.000000
0.000000
0.000000
0.000000
0.000000
0.000000
0.000000
0.000000
0.000000
0.000000
0.000000
0.000000
0.000000
0.000000
0.000000
0.000000
0.000000
0.000000
0.000000
0.000000
0.000000
0.000000
0.000000
0.000000
0.000000
0.000000
0.000000
0.000000
0.000000
0.000000
0.000000
0.000000
0.000000
0.000000
0.000000
0.000000
0.000000
0.000000
0.000000
0.000000
0.000000
0.000000
0.000000
0.000000
0.000000
0.000000
0.000000
0.000000
0.000000
0.000000
0.000000
0.000000
0.000000
0.000000
0.000000
0.000000
0.000000
0.000000
0.000000
0.000000
0.000000
0.000000
0.000000
0.000000
0.000000
0.000000
0.000000
0.000000
0.000000
0.000000
0.000000
0.000000
0.000000
0.000000
0.000000
0.000000
0.000000
0.000000
0.000000
0.000000
0.000000
0.000000
0.000000
0.000000
0.000000
0.000000
0.000000
0.000000
0.000000
0.000000
0.000000
0.000000
0.000000
0.000000
0.000000
0.000000
0.000000
0.000000
0.000000
0.000000
0.000000
0.000000
0.000000
0.000000
0.000000
0.000000
0.000000
0.000000
0.000000
0.000000
0.000000
0.000000
0.000000
0.000000
0.000000
0.000000
0.000000
0.000000
0.000000
0.000000
0.000000
0.000000
0.000000
0.000000
0.000000
0.000000
0.000000
0.000000
0.000000
0.000000
0.000000
0.000000
0.000000
0.000000
0.000000
0.000000
0.000000
0.000000
0.000000
0.000000
0.000000
0.000000
0.000000
0.000000
0.000000
0.000000
0.000000
0.000000
0.000000
0.000000
0.000000
0.000000
0.000000
0.000000
0.000000
0.000000
0.000000
0.000000
0.000000
0.000000
0.000000
0.000000
0.000000
0.000000
0.000000
0.000000
0.000000
0.000000
0.000000
0.000000
0.000000
0.000000
0.000000
0.000000
0.000000
0.000000
0.000000
0.000000
0.000000
0.000000
0.000000
0.000000
0.000000
0.000000
0.000000
0.000000
0.000000
0.000000
0.000000
0.000000
0.000000
0.000000
0.000000
0.000000
0.000000
0.000000
0.000000
0.000000
0.000000
0.000000
0.000000
0.000000
0.000000
0.000000
0.000000
0.000000
0.000000
0.000000
0.000000
0.000000
0.000000
0.000000
0.000000
0.000000
0.000000
0.000000
0.000000
0.000000
0.000000
0.000000
0.000000
0.000000
0.000000
0.000000
0.000000
0.000000
0.000000
0.000000
0.000000
0.000000
0.000000
0.000000
0.000000
0.000000
0.000000
0.000000
0.000000
0.000000
0.000000
0.000000
0.000000
0.000000
0.000000
0.000000
0.000000
0.000000
0.000000
0.000000
0.000000
0.000000
0.000000
0.000000
0.000000
0.000000
0.000000
0.000000
0.000000
0.000000
0.000000
0.000000
0.000000
0.000000
0.000000
0.000000
0.000000
0.000000
0.000000
0.000000
0.000000
0.000000
0.000000
0.000000
0.000000
0.000000
0.000000
0.000000
0.000000
0.000000
0.000000
0.000000
0.000000
0.000000
0.000000
0.000000
0.000000
0.000000
0.000000
0.000000
0.000000
0.000000
0.000000
0.000000
0.000000
0.000000
0.000000
0.000000
0.000000
0.000000
0.000000
0.000000
0.000000
0.000000
0.000000
0.000000
0.000000
0.000000
0.000000
0.000000
0.000000
0.000000
0.000000
0.000000
0.000000
0.000000
0.000000
0.000000
0.000000
0.000000
0.000000
0.000000
0.000000
0.000000
0.000000
0.000000
0.000000
0.000000
0.000000
0.000000
0.000000
0.000000
0.000000
0.000000
0.000000
0.000000
0.000000
0.000000
0.000000
0.000000
0.000000
0.000000
0.000000
0.000000
0.000000
0.000000
0.000000
0.000000
0.000000
0.000000
0.000000
0.000000
0.000000
0.000000
0.000000
0.000000
0.000000
0.000000
0.000000
0.000000
0.000000
0.000000
0.000000
0.000000
0.000000
0.000000
0.000000
0.000000
0.000000
0.000000
0.000000
0.000000
0.000000
0.000000
0.000000
0.000000
0.000000
0.000000
0.000000
0.000000
0.000000
0.000000
0.000000
0.000000
0.000000
0.000000
0.000000
0.000000
0.000000
0.000000
0.000000
0.000000
0.000000
0.000000
0.000000
0.000000
0.000000
0.000000
0.000000
0.000000
0.000000
0.000000
0.000000
0.000000
0.000000
0.000000
0.000000
0.000000
0.000000
0.000000
0.000000
0.000000
0.000000
0.000000
0.000000
0.000000
0.000000
0.000000
0.000000
0.000000
0.000000
0.000000
0.000000
0.000000
0.000000
0.000000
0.000000
0.000000
0.000000
0.000000
0.000000
0.000000
0.000000
0.000000
0.000000
0.000000
0.000000
0.000000
0.000000
0.000000
0.000000
0.000000
0.000000
0.000000
0.000000
0.000000
0.000000
0.000000
0.000000
0.000000
0.000000
0.000000
0.000000
0.000000
0.000000
0.000000
0.000000
0.000000
0.000000
0.000000
0.000000
0.000000
0.000000
0.000000
0.000000
0.000000
0.000000
0.000000
0.000000
0.000000
0.000000
0.000000
0.000000
0.000000
0.000000
0.000000
0.000000
0.000000
0.000000
0.000000
0.000000
0.000000
0.000000
0.000000
0.000000
0.000000
0.000000
0.000000
0.000000
0.000000
0.000000
0.000000
0.000000
0.000000
0.000000
0.000000
0.000000
0.000000
0.000000
0.000000
0.000000
0.000000
0.000000
0.000000
0.000000
0.000000
0.000000
0.000000
0.000000
0.000000
0.000000
0.000000
0.000000
0.000000
0.000000
0.000000
0.000000
0.000000
-0.000044
-0.000261
-0.000784
-0.001654
-0.002871
-0.004435
-0.006345
-0.008598
-0.011193
-0.014130
-0.017404
-0.021015
-0.024960
-0.029236
-0.033840
-0.038768
-0.044019
-0.049586
-0.055468
-0.061659
-0.068156
-0.074954
-0.082048
-0.089433
-0.097104
-0.105056
-0.113283
-0.121779
-0.130539
-0.139557
-0.148826
-0.158339
-0.168090
-0.178073
-0.188280
-0.198704
-0.209338
-0.220175
-0.231206
-0.242425
-0.253823
-0.265393
-0.277126
-0.289015
-0.301050
-0.313224
-0.325528
-0.337954
-0.350493
-0.363136
-0.375874
-0.388698
-0.401600
-0.414571
-0.427601
-0.440681
-0.453803
-0.466957
-0.480134
-0.493324
-0.506519
-0.519710
-0.532887
-0.546041
-0.559162
-0.572243
-0.585273
-0.598243
-0.611145
-0.623970
-0.636708
-0.649351
-0.661889
-0.674315
-0.686619
-0.698793
-0.710829
-0.722717
-0.734450
-0.746020
-0.757419
-0.768637
-0.779669
-0.790505
-0.801139
-0.811564
-0.821771
-0.831753
-0.841505
-0.851018
-0.860287
-0.869304
-0.878064
-0.886561
-0.894788
-0.902740
-0.910411
-0.917796
-0.924890
-0.931688
-0.938184
-0.944376
-0.950257
-0.955825
-0.961075
-0.966004
-0.970608
-0.974883
-0.978828
-0.982439
-0.985714
-0.988650
-0.991246
-0.993499
-0.995408
-0.996972
-0.998190
-0.999060
-0.999582
-0.999800
-0.999477
-0.997645
-0.993254
-0.985949
-0.975752
-0.962693
-0.946810
-0.928150
-0.906768
-0.882726
-0.856095
-0.826953
-0.795385
-0.761484
-0.725350
-0.687088
-0.646810
-0.604636
-0.560688
-0.515095
-0.467992
-0.419516
-0.369809
-0.319017
-0.267290
-0.214779
-0.161638
-0.108023
-0.054091
0.000000
##END
