##LIST_SIZE=303
##LISTDATA
0 0 4.000000 0.000000 0.000000 0.000000 0.000000 0.000000 0.000000 0.000000 0.000000 0.000000 0.000000 3000.000000 0.000000
1 3 12.000000 -0.000000 0.000000 -0.614963 -0.000000 -0.000000 -0.286979 -0.000000 0.000000 0.734318 0.000000 2000.000000 0.999880
1 1 12.000000 -0.002250 -0.547381 0.000000 -0.011359 0.108426 0.000000 -0.557896 0.000000 -0.000000 0.000000 2000.000000 0.558016
1 3 9.000000 -0.000000 0.000000 -0.121160 -0.000000 -0.000000 -0.040528 -0.000000 0.000000 0.991298 8.000000 3000.000000 0.999497
1 0 12.000000 -0.303142 0.102240 -0.027626 -0.101401 -0.305649 -0.009241 -0.041197 0.000000 0.226028 0.000000 2000.000000 0.394730
1 0 6.000000 0.215403 0.000000 0.000000 0.000000 0.215403 0.000000 0.000000 0.000000 0.152313 8.000000 2000.000000 0.263814
1 0 9.000000 -0.000000 -0.000000 0.220101 -0.000000 0.000000 0.320412 -0.000000 0.000000 -0.067705 0.000000 2000.000000 0.394579
1 0 12.000000 0.137247 -0.341565 -0.000000 -0.236942 -0.197850 0.000000 -0.284312 0.000000 -0.000000 0.000000 2000.000000 0.394730
1 0 15.000000 0.000000 -0.000000 -0.072550 0.000000 0.000000 -0.115973 0.000000 0.000000 0.370265 0.000000 2500.000000 0.394727
1 0 9.000000 -0.089824 0.373383 0.000000 -0.262878 -0.127584 0.000000 0.280213 0.000000 0.000000 8.000000 1500.000000 0.394579
1 3 12.000000 -0.665428 0.422831 -0.000000 -0.310530 -0.906076 -0.000000 -0.678628 0.000000 0.000000 0.000000 2000.000000 0.999880
1 0 18.000000 -0.000000 -0.000000 -0.011714 0.000000 -0.000000 0.005726 -0.000000 0.000000 0.394559 0.000000 3500.000000 0.394775
1 0 12.000000 -0.000000 -0.000000 -0.268004 0.000000 -0.000000 0.260072 -0.000000 0.000000 0.127861 0.000000 2000.000000 0.394730
1 3 12.000000 0.623763 0.780495 0.000000 -0.778989 0.624970 -0.000000 -0.062093 0.000000 0.000000 0.000000 3500.000000 0.999880
1 3 9.000000 -0.000000 0.000000 -0.380699 -0.000000 -0.000000 -0.146409 -0.000000 0.000000 0.912484 0.000000 2000.000000 0.999497
1 0 18.000000 0.322332 0.000000 0.000000 0.000000 0.322332 0.000000 0.000000 0.000000 0.227923 0.000000 3500.000000 0.394775
1 3 12.000000 0.000000 -0.000000 -0.183699 0.000000 0.000000 -0.880164 0.000000 0.000000 0.437407 0.000000 3500.000000 0.999880
1 0 9.000000 -0.075111 -0.357616 -0.000000 0.161093 -0.166742 0.000000 -0.352278 0.000000 0.000000 0.000000 2000.000000 0.394579
1 3 9.000000 0.000000 -0.000000 -0.183629 0.000000 0.000000 -0.879828 0.000000 0.000000 0.437239 8.000000 3000.000000 0.999497
1 3 12.000000 0.230370 0.115633 -0.000000 0.026822 -0.993171 -0.000000 -0.972610 0.000000 -0.000000 0.000000 2000.000000 0.999880
1 3 12.000000 0.000000 -0.000000 -0.360977 -0.000000 -0.000000 0.623185 -0.000000 0.000000 -0.693610 0.000000 2000.000000 0.999880
1 3 12.000000 0.347658 -0.865210 -0.000000 -0.600191 -0.501169 0.000000 -0.720184 0.000000 -0.000000 0.000000 2000.000000 0.999880
1 0 9.000000 0.000000 0.000000 -0.156513 0.000000 -0.000000 -0.188849 -0.000000 0.000000 -0.309083 0.000000 2000.000000 0.394579
1 0 9.000000 0.322172 0.000000 0.000000 0.000000 0.322172 0.000000 0.000000 0.000000 0.227810 8.000000 1500.000000 0.394579
1 0 12.000000 0.246248 0.308122 0.000000 -0.307527 0.246724 -0.000000 -0.024513 0.000000 0.000000 0.000000 3500.000000 0.394730
1 0 12.000000 0.322296 0.000000 0.000000 0.000000 0.322296 0.000000 0.000000 0.000000 0.227897 0.000000 3500.000000 0.394730
1 3 12.000000 -0.000000 0.000000 0.229596 -0.000000 -0.000000 0.671928 0.000000 0.000000 0.703958 0.000000 3500.000000 0.999880
1 0 6.000000 0.321665 0.000000 0.000000 0.000000 0.321665 0.000000 0.000000 0.000000 0.227452 24.000000 2000.000000 0.393958
1 0 12.000000 -0.005697 0.361015 -0.000000 -0.012884 -0.159625 -0.000000 -0.394478 0.000000 0.000000 0.000000 2000.000000 0.394730
1 3 12.000000 -0.000000 0.000000 0.941632 0.000000 0.000000 -0.335867 -0.000000 0.000000 -0.016799 0.000000 2000.000000 0.999880
1 3 9.000000 -0.227532 0.945806 0.000000 -0.665888 -0.323179 0.000000 0.709800 0.000000 0.000000 8.000000 3000.000000 0.999497
1 3 15.000000 -0.955529 0.158903 -0.000000 -0.153810 -0.987166 -0.000000 -0.251102 0.000000 0.000000 0.000000 2500.000000 0.999873
1 0 6.000000 0.215403 0.000000 0.000000 0.000000 0.215403 0.000000 0.000000 0.000000 0.152313 8.000000 800.000000 0.263814
1 0 12.000000 0.000000 0.000000 -0.103925 0.000000 -0.000000 -0.115319 -0.000000 0.000000 -0.362923 0.000000 2000.000000 0.394730
1 3 15.000000 -0.185849 0.772538 0.132556 -0.543900 -0.263974 0.387935 0.579767 0.000000 0.406428 0.000000 2500.000000 0.999873
1 0 18.000000 -0.354479 -0.173362 -0.000000 0.173267 -0.354673 0.000000 -0.013039 0.000000 0.000000 0.000000 3500.000000 0.394775
1 3 12.000000 0.615437 0.742763 -0.000000 0.682912 -0.669375 -0.000000 -0.393228 0.000000 -0.000000 0.000000 2000.000000 0.999880
1 0 18.000000 -0.005091 -0.394742 0.000000 0.393949 -0.005102 -0.000000 0.025004 0.000000 0.000000 0.000000 3500.000000 0.394775
1 3 9.000000 0.359116 0.780915 0.000000 -0.449542 0.623832 -0.000000 -0.817278 0.000000 0.000000 0.000000 2000.000000 0.999497
1 0 9.000000 0.246153 0.308004 0.000000 -0.307409 0.246629 -0.000000 -0.024503 0.000000 0.000000 8.000000 1500.000000 0.394579
0 0 4.000000 0.000000 0.000000 0.000000 0.000000 0.000000 0.000000 0.000000 0.000000 0.000000 0.000000 1500.000000 0.000000
0 0 4.000000 0.000000 0.000000 0.000000 0.000000 0.000000 0.000000 0.000000 0.000000 0.000000 2.000000 800.000000 0.000000
1 3 9.000000 0.000000 0.000000 0.038796 -0.000000 0.000000 -0.048450 -0.000000 0.000000 0.997568 8.000000 3000.000000 0.999497
1 3 9.000000 0.816086 0.000000 0.000000 0.000000 0.816086 0.000000 0.000000 0.000000 0.577060 8.000000 3000.000000 0.999497
1 3 9.000000 0.816086 0.000000 0.000000 0.000000 0.816086 0.000000 0.000000 0.000000 0.577060 8.000000 1500.000000 0.999497
1 0 9.000000 0.000000 -0.000000 -0.201376 -0.000000 -0.000000 0.252083 -0.000000 0.000000 -0.227143 0.000000 2000.000000 0.394579
1 1 12.000000 0.000000 -0.000000 0.455184 0.000000 0.000000 0.247538 -0.000000 0.000000 0.207159 0.000000 2000.000000 0.558016
1 3 12.000000 0.089366 -0.978789 -0.000000 0.428180 0.204283 -0.000000 0.899130 0.000000 0.000000 0.000000 3500.000000 0.999880
1 0 9.000000 -0.000000 0.000000 -0.150291 -0.000000 -0.000000 -0.057799 -0.000000 0.000000 0.360228 0.000000 2000.000000 0.394579
1 0 9.000000 -0.000000 0.000000 -0.047831 -0.000000 -0.000000 -0.016000 -0.000000 0.000000 0.391342 8.000000 3000.000000 0.394579
1 1 12.000000 -0.371364 0.235975 -0.000000 -0.173301 -0.505666 -0.000000 -0.378731 0.000000 0.000000 0.000000 2000.000000 0.558016
1 0 12.000000 0.000000 0.000000 0.000000 0.000000 0.000000 0.000000 0.000000 0.000000 0.000000 0.000000 3500.000000 0.000000
1 0 9.000000 -0.000000 0.000000 0.333910 0.000000 0.000000 -0.172404 -0.000000 0.000000 -0.120307 0.000000 2000.000000 0.394579
1 0 18.000000 -0.000000 -0.000000 0.000323 0.000000 -0.000000 -0.025002 0.000000 0.000000 0.393982 0.000000 3500.000000 0.394775
1 0 12.000000 -0.371272 0.125218 -0.000000 -0.124191 -0.374342 -0.000000 -0.050455 0.000000 0.000000 0.000000 3500.000000 0.394730
1 3 12.000000 -0.000000 0.000000 -0.121206 -0.000000 -0.000000 -0.040544 -0.000000 0.000000 0.991678 0.000000 3500.000000 0.999880
1 0 9.000000 0.000000 0.000000 0.000000 0.000000 0.000000 0.000000 0.000000 0.000000 0.000000 8.000000 3000.000000 0.000000
1 3 12.000000 0.000000 0.000000 0.360977 -0.000000 0.000000 -0.623185 -0.000000 0.000000 0.693610 0.000000 2000.000000 0.999880
1 0 12.000000 -0.262696 0.166924 -0.000000 -0.122590 -0.357698 -0.000000 -0.267907 0.000000 0.000000 0.000000 2000.000000 0.394730
1 0 9.000000 -0.000000 -0.000000 -0.148867 0.000000 -0.000000 0.319278 -0.000000 0.000000 0.177743 0.000000 2000.000000 0.394579
1 3 9.000000 -0.851673 0.358769 -0.000000 -0.327536 -0.932888 -0.000000 -0.407882 0.000000 0.000000 0.000000 2000.000000 0.999497
1 1 12.000000 -0.000000 -0.000000 0.343201 -0.000000 0.000000 0.160158 -0.000000 0.000000 -0.409811 0.000000 2000.000000 0.558016
1 0 12.000000 0.084393 -0.384223 0.000000 0.358427 0.090467 0.000000 -0.142195 0.000000 0.000000 0.000000 2000.000000 0.394730
1 3 9.000000 0.000000 -0.000000 -0.183629 0.000000 0.000000 -0.879828 0.000000 0.000000 0.437239 8.000000 1500.000000 0.999497
1 0 15.000000 0.000000 0.000000 0.011028 -0.000000 0.000000 -0.053698 -0.000000 0.000000 0.390902 0.000000 2500.000000 0.394727
1 0 12.000000 0.000000 -0.000000 0.321988 0.000000 0.000000 0.175104 -0.000000 0.000000 0.146540 0.000000 2000.000000 0.394730
1 0 6.000000 0.321665 0.000000 0.000000 0.000000 0.321665 0.000000 0.000000 0.000000 0.227452 0.000000 3500.000000 0.393958
1 3 18.000000 0.680343 -0.523195 -0.000000 0.417684 0.852205 -0.000000 0.602213 0.000000 0.000000 0.000000 3500.000000 0.999993
1 0 12.000000 0.128735 -0.188580 0.000000 0.070009 0.346770 0.000000 -0.366521 0.000000 0.000000 0.000000 2000.000000 0.394730
1 1 12.000000 0.040722 -0.446008 -0.059190 0.195110 0.093086 -0.283597 0.409710 0.000000 0.140937 0.000000 2000.000000 0.558016
1 3 9.000000 -0.000000 0.000000 -0.121160 -0.000000 -0.000000 -0.040528 -0.000000 0.000000 0.991298 8.000000 1500.000000 0.999497
1 0 9.000000 0.000000 -0.000000 -0.072493 0.000000 0.000000 -0.347336 0.000000 0.000000 0.172612 8.000000 1500.000000 0.394579
1 0 9.000000 -0.000000 0.000000 -0.392628 -0.000000 -0.000000 -0.031414 -0.000000 0.000000 0.023428 0.000000 2000.000000 0.394579
1 3 12.000000 -0.000000 -0.000000 0.614963 -0.000000 0.000000 0.286979 -0.000000 0.000000 -0.734318 0.000000 2000.000000 0.999880
1 0 12.000000 0.028806 -0.315497 -0.041870 0.138017 0.065848 -0.200611 0.289821 0.000000 0.099696 0.000000 2000.000000 0.394730
1 3 15.000000 0.000000 -0.000000 -0.404227 0.000000 0.000000 -0.840562 0.000000 0.000000 0.360281 0.000000 2500.000000 0.999873
1 0 18.000000 -0.087766 -0.360569 -0.000000 0.196878 -0.160738 0.000000 -0.330731 0.000000 0.000000 0.000000 3500.000000 0.394775
1 0 6.000000 0.215403 0.000000 0.000000 0.000000 0.215403 0.000000 0.000000 0.000000 0.152313 8.000000 3500.000000 0.263814
0 0 4.000000 0.000000 0.000000 0.000000 0.000000 0.000000 0.000000 0.000000 0.000000 0.000000 4.000000 3000.000000 0.000000
1 1 12.000000 0.181988 -0.266589 0.000000 0.098969 0.490217 0.000000 -0.518139 0.000000 0.000000 0.000000 2000.000000 0.558016
1 0 6.000000 0.000000 0.000000 0.000000 0.000000 0.000000 0.000000 0.000000 0.000000 0.000000 8.000000 2000.000000 0.000000
1 1 12.000000 0.000000 0.000000 -0.146915 0.000000 -0.000000 -0.163022 -0.000000 0.000000 -0.513052 0.000000 2000.000000 0.558016
1 0 12.000000 0.035280 -0.386404 -0.000000 0.169036 0.080646 -0.000000 0.354956 0.000000 0.000000 0.000000 3500.000000 0.394730
1 0 9.000000 0.238451 -0.200914 0.000000 0.141074 0.339597 0.000000 -0.280948 0.000000 0.000000 0.000000 2000.000000 0.394579
1 0 6.000000 0.215403 0.000000 0.000000 0.000000 0.215403 0.000000 0.000000 0.000000 0.152313 24.000000 800.000000 0.263814
1 0 15.000000 0.061642 -0.355731 -0.000000 0.128179 0.171071 -0.000000 0.368212 0.000000 0.000000 0.000000 2500.000000 0.394727
1 0 9.000000 0.035266 -0.386256 -0.000000 0.168971 0.080616 -0.000000 0.354820 0.000000 0.000000 8.000000 3000.000000 0.394579
1 0 15.000000 -0.000000 -0.000000 -0.251894 0.000000 -0.000000 0.156946 -0.000000 0.000000 0.260244 0.000000 2500.000000 0.394727
1 0 15.000000 0.325821 0.221056 0.000000 -0.220244 0.327023 -0.000000 -0.033803 0.000000 0.000000 0.000000 2500.000000 0.394727
1 0 6.000000 0.000000 0.000000 0.000000 0.000000 0.000000 0.000000 0.000000 0.000000 0.000000 8.000000 800.000000 0.000000
1 1 12.000000 -0.109244 0.509879 0.000000 0.245673 0.226729 -0.000000 -0.488971 0.000000 -0.000000 0.000000 2000.000000 0.558016
1 0 12.000000 -0.000000 0.000000 -0.047849 -0.000000 -0.000000 -0.016006 -0.000000 0.000000 0.391492 0.000000 3500.000000 0.394730
1 3 15.000000 0.064510 -0.996208 0.000000 0.751335 0.085535 0.000000 -0.656567 0.000000 0.000000 0.000000 2500.000000 0.999873
1 1 12.000000 -0.000000 -0.000000 0.108402 -0.000000 0.000000 0.547263 -0.000000 0.000000 -0.011579 0.000000 2000.000000 0.558016
1 3 9.000000 -0.000000 0.000000 -0.291095 -0.000000 -0.000000 -0.953788 -0.000000 0.000000 0.067427 0.000000 2000.000000 0.999497
1 3 18.000000 0.816491 0.000000 0.000000 0.000000 0.816491 0.000000 0.000000 0.000000 0.577346 0.000000 3500.000000 0.999993
0 0 4.000000 0.000000 0.000000 0.000000 0.000000 0.000000 0.000000 0.000000 0.000000 0.000000 4.000000 800.000000 0.000000
1 3 18.000000 -0.000000 0.000000 0.373117 -0.000000 -0.000000 0.241175 0.000000 0.000000 0.895882 0.000000 3500.000000 0.999993
1 0 12.000000 -0.091759 -0.274893 -0.000000 0.089043 -0.283276 0.000000 -0.373448 0.000000 0.000000 0.000000 2000.000000 0.394730
1 3 12.000000 0.000000 0.000000 -0.966084 0.000000 -0.000000 -0.112480 -0.000000 0.000000 -0.231926 0.000000 2000.000000 0.999880
1 3 9.000000 0.499596 0.769557 -0.000000 0.602812 -0.637790 -0.000000 -0.621302 0.000000 -0.000000 0.000000 2000.000000 0.999497
1 3 15.000000 0.000000 -0.000000 -0.183776 0.000000 0.000000 -0.293769 0.000000 0.000000 0.937909 0.000000 2500.000000 0.999873
1 0 6.000000 0.000000 0.000000 0.000000 0.000000 0.000000 0.000000 0.000000 0.000000 0.000000 24.000000 2000.000000 0.000000
1 0 15.000000 0.000000 -0.000000 0.154864 0.000000 0.000000 0.100041 -0.000000 0.000000 0.349025 0.000000 2500.000000 0.394727
1 0 18.000000 -0.133969 -0.297710 0.000000 0.153837 -0.259260 -0.000000 0.337985 0.000000 0.000000 0.000000 3500.000000 0.394775
1 0 9.000000 0.000000 -0.000000 0.241800 0.000000 0.000000 0.143055 -0.000000 0.000000 0.277057 0.000000 2000.000000 0.394579
1 3 9.000000 -0.000000 -0.000000 -0.377090 0.000000 -0.000000 0.808755 -0.000000 0.000000 0.450237 0.000000 2000.000000 0.999497
1 1 12.000000 -0.000000 -0.000000 -0.378868 0.000000 -0.000000 0.367655 -0.000000 0.000000 0.180752 0.000000 2000.000000 0.558016
1 3 12.000000 0.509301 0.637272 0.022407 -0.636042 0.510286 -0.027984 -0.050699 0.000000 0.576167 0.000000 2000.000000 0.999880
1 3 9.000000 0.000000 0.000000 0.510101 -0.000000 0.000000 -0.638545 -0.000000 0.000000 0.575371 0.000000 2000.000000 0.999497
1 0 9.000000 0.141771 0.308287 0.000000 -0.177469 0.246275 -0.000000 -0.322643 0.000000 0.000000 0.000000 2000.000000 0.394579
1 0 15.000000 0.028805 -0.315495 -0.041869 0.138016 0.065847 -0.200610 0.289819 0.000000 0.099695 0.000000 2500.000000 0.394727
1 0 9.000000 -0.106899 0.181023 0.000000 0.055194 0.350604 -0.000000 -0.375791 0.000000 -0.000000 0.000000 2000.000000 0.394579
1 0 12.000000 0.000000 -0.000000 -0.072520 0.000000 0.000000 -0.347469 0.000000 0.000000 0.172678 0.000000 3500.000000 0.394730
1 3 15.000000 0.568624 0.373324 0.000000 -0.228859 0.927564 -0.000000 -0.789959 0.000000 0.000000 0.000000 2500.000000 0.999873
1 3 9.000000 0.089331 -0.978414 -0.000000 0.428016 0.204205 -0.000000 0.898786 0.000000 0.000000 8.000000 3000.000000 0.999497
1 1 12.000000 -0.129716 -0.388607 -0.000000 0.125877 -0.400458 0.000000 -0.527931 0.000000 0.000000 0.000000 2000.000000 0.558016
1 1 12.000000 -0.008830 0.187468 0.000000 0.003150 0.525583 -0.000000 -0.557938 0.000000 -0.000000 0.000000 2000.000000 0.558016
1 1 12.000000 0.000000 0.000000 0.201455 -0.000000 0.000000 -0.347789 -0.000000 0.000000 0.387092 0.000000 2000.000000 0.558016
1 0 15.000000 0.000000 -0.000000 0.022173 0.000000 0.000000 0.258248 -0.000000 0.000000 0.297701 0.000000 2500.000000 0.394727
1 0 9.000000 -0.000000 0.000000 -0.047831 -0.000000 -0.000000 -0.016000 -0.000000 0.000000 0.391342 8.000000 1500.000000 0.394579
1 3 9.000000 -0.097106 -0.823846 0.000000 -0.141363 0.565925 0.000000 -0.984673 0.000000 -0.000000 0.000000 2000.000000 0.999497
1 3 9.000000 -0.000000 -0.000000 0.557532 -0.000000 0.000000 0.811628 -0.000000 0.000000 -0.171502 0.000000 2000.000000 0.999497
1 0 6.000000 0.000000 0.000000 0.000000 0.000000 0.000000 0.000000 0.000000 0.000000 0.000000 24.000000 800.000000 0.000000
1 0 6.000000 0.215403 0.000000 0.000000 0.000000 0.215403 0.000000 0.000000 0.000000 0.152313 0.000000 2000.000000 0.263814
1 0 6.000000 0.215403 0.000000 0.000000 0.000000 0.215403 0.000000 0.000000 0.000000 0.152313 0.000000 3500.000000 0.263814
1 0 15.000000 -0.303140 0.102239 -0.027626 -0.101401 -0.305647 -0.009241 -0.041196 0.000000 0.226026 0.000000 2500.000000 0.394727
1 3 9.000000 -0.000000 0.000000 0.229508 -0.000000 -0.000000 0.671671 0.000000 0.000000 0.703689 8.000000 3000.000000 0.999497
1 3 9.000000 -0.059156 0.079715 -0.000000 -0.004733 -0.996313 -0.000000 -0.997734 0.000000 0.000000 0.000000 2000.000000 0.999497
1 0 18.000000 -0.000000 -0.000000 -0.134662 0.000000 -0.000000 0.302075 -0.000000 0.000000 0.215555 0.000000 3500.000000 0.394775
1 0 18.000000 0.268584 -0.206546 -0.000000 0.164892 0.336431 -0.000000 0.237740 0.000000 0.000000 0.000000 3500.000000 0.394775
1 3 12.000000 0.072967 -0.799178 -0.106059 0.349608 0.166797 -0.508163 0.734137 0.000000 0.252537 0.000000 2000.000000 0.999880
1 0 6.000000 0.000000 0.000000 0.000000 0.000000 0.000000 0.000000 0.000000 0.000000 0.000000 8.000000 3500.000000 0.000000
1 0 12.000000 0.000000 0.000000 0.142506 -0.000000 0.000000 -0.246019 -0.000000 0.000000 0.273822 0.000000 2000.000000 0.394730
1 0 6.000000 0.321665 0.000000 0.000000 0.000000 0.321665 0.000000 0.000000 0.000000 0.227452 0.000000 2000.000000 0.393958
1 0 9.000000 0.000000 0.000000 0.000000 0.000000 0.000000 0.000000 0.000000 0.000000 0.000000 8.000000 1500.000000 0.000000
1 1 12.000000 -0.000000 0.000000 0.198675 0.000000 0.000000 -0.446790 -0.000000 0.000000 -0.268867 0.000000 2000.000000 0.558016
1 3 15.000000 0.509297 0.637267 0.022407 -0.636037 0.510282 -0.027983 -0.050698 0.000000 0.576163 0.000000 2500.000000 0.999873
1 3 18.000000 0.000000 -0.000000 -0.513212 0.000000 0.000000 -0.315077 0.000000 0.000000 0.798327 0.000000 3500.000000 0.999993
1 3 12.000000 0.816398 0.000000 0.000000 0.000000 0.816398 0.000000 0.000000 0.000000 0.577281 0.000000 3500.000000 0.999880
1 3 15.000000 0.000000 -0.000000 0.056166 0.000000 0.000000 0.654161 -0.000000 0.000000 0.754099 0.000000 2500.000000 0.999873
1 0 15.000000 0.000000 0.000000 0.000000 0.000000 0.000000 0.000000 0.000000 0.000000 0.000000 0.000000 2500.000000 0.000000
1 0 18.000000 0.000000 -0.000000 -0.202605 0.000000 0.000000 -0.124385 0.000000 0.000000 0.315162 0.000000 3500.000000 0.394775
1 0 9.000000 0.141771 -0.308287 -0.000000 -0.177469 -0.246275 0.000000 -0.322643 0.000000 -0.000000 0.000000 2000.000000 0.394579
1 0 12.000000 0.000000 0.000000 0.015322 -0.000000 0.000000 -0.019134 -0.000000 0.000000 0.393968 0.000000 3500.000000 0.394730
1 1 12.000000 0.000000 -0.000000 -0.201455 -0.000000 -0.000000 0.347789 -0.000000 0.000000 -0.387092 0.000000 2000.000000 0.558016
1 3 9.000000 -0.940098 0.317065 -0.000000 -0.314464 -0.947874 -0.000000 -0.127758 0.000000 0.000000 8.000000 1500.000000 0.999497
1 0 9.000000 0.035266 -0.386256 -0.000000 0.168971 0.080616 -0.000000 0.354820 0.000000 0.000000 8.000000 1500.000000 0.394579
1 0 12.000000 -0.006246 0.132611 0.000000 0.002228 0.371787 -0.000000 -0.394674 0.000000 -0.000000 0.000000 2000.000000 0.394730
1 3 12.000000 -0.185850 0.772543 0.132557 -0.543904 -0.263976 0.387938 0.579771 0.000000 0.406431 0.000000 2000.000000 0.999880
1 0 6.000000 0.000000 0.000000 0.000000 0.000000 0.000000 0.000000 0.000000 0.000000 0.000000 0.000000 800.000000 0.000000
1 1 12.000000 0.194022 0.482860 0.000000 -0.334957 0.279694 -0.000000 -0.401923 0.000000 0.000000 0.000000 2000.000000 0.558016
1 1 12.000000 0.194022 -0.482860 -0.000000 -0.334957 -0.279694 0.000000 -0.401923 0.000000 -0.000000 0.000000 2000.000000 0.558016
1 3 9.000000 0.623525 0.780196 0.000000 -0.778691 0.624730 -0.000000 -0.062069 0.000000 0.000000 8.000000 1500.000000 0.999497
1 3 9.000000 0.089331 -0.978414 -0.000000 0.428016 0.204205 -0.000000 0.898786 0.000000 0.000000 8.000000 1500.000000 0.999497
1 3 15.000000 0.199200 0.979431 0.000000 -0.969940 0.201149 -0.000000 -0.138859 0.000000 0.000000 0.000000 2500.000000 0.999873
1 3 12.000000 0.000000 -0.000000 0.082551 0.000000 0.000000 0.350603 -0.000000 0.000000 0.932750 0.000000 2000.000000 0.999880
1 3 15.000000 0.156142 -0.901092 -0.000000 0.324688 0.433336 -0.000000 0.932708 0.000000 0.000000 0.000000 2500.000000 0.999873
1 0 12.000000 -0.089859 0.373526 0.000000 -0.262978 -0.127633 0.000000 0.280320 0.000000 0.000000 0.000000 3500.000000 0.394730
1 0 6.000000 0.000000 0.000000 0.000000 0.000000 0.000000 0.000000 0.000000 0.000000 0.000000 24.000000 3500.000000 0.000000
1 3 9.000000 -0.000000 -0.000000 0.380699 -0.000000 0.000000 0.146409 -0.000000 0.000000 -0.912484 0.000000 2000.000000 0.999497
1 1 12.000000 -0.103720 0.431144 0.073978 -0.303544 -0.147320 0.216502 0.323561 0.000000 0.226822 0.000000 2000.000000 0.558016
1 3 9.000000 -0.000000 0.000000 0.229508 -0.000000 -0.000000 0.671671 0.000000 0.000000 0.703689 8.000000 1500.000000 0.999497
1 1 12.000000 0.000000 -0.000000 0.046070 0.000000 0.000000 0.195666 -0.000000 0.000000 0.520552 0.000000 2000.000000 0.558016
1 0 12.000000 0.000000 -0.000000 -0.142506 -0.000000 -0.000000 0.246019 -0.000000 0.000000 -0.273822 0.000000 2000.000000 0.394730
1 0 18.000000 -0.000000 -0.000000 0.221965 0.000000 -0.000000 -0.254883 0.000000 0.000000 0.203994 0.000000 3500.000000 0.394775
1 3 18.000000 -0.012897 -0.999910 0.000000 0.997902 -0.012922 -0.000000 0.063338 0.000000 0.000000 0.000000 3500.000000 0.999993
1 3 15.000000 0.000000 0.000000 0.070939 -0.000000 0.000000 -0.047952 -0.000000 0.000000 0.996200 0.000000 2500.000000 0.999873
1 0 6.000000 0.000000 0.000000 0.000000 0.000000 0.000000 0.000000 0.000000 0.000000 0.000000 0.000000 3500.000000 0.000000
1 3 12.000000 -0.015823 0.335914 0.000000 0.005644 0.941765 -0.000000 -0.999739 0.000000 -0.000000 0.000000 2000.000000 0.999880
1 3 9.000000 -0.019682 0.955966 -0.000000 -0.064490 -0.291760 -0.000000 -0.997220 0.000000 0.000000 0.000000 2000.000000 0.999497
1 1 12.000000 -0.008053 0.510354 -0.000000 -0.018213 -0.225656 -0.000000 -0.557661 0.000000 0.000000 0.000000 2000.000000 0.558016
1 0 12.000000 -0.073369 0.304983 0.052331 -0.214721 -0.104212 0.153149 0.228881 0.000000 0.160450 0.000000 2000.000000 0.394730
1 0 15.000000 0.025467 -0.393280 0.000000 0.296610 0.033767 0.000000 -0.259198 0.000000 0.000000 0.000000 2500.000000 0.394727
1 3 15.000000 0.825330 0.559951 0.000000 -0.557894 0.828373 -0.000000 -0.085625 0.000000 0.000000 0.000000 2500.000000 0.999873
0 0 4.000000 0.000000 0.000000 0.000000 0.000000 0.000000 0.000000 0.000000 0.000000 0.000000 0.000000 800.000000 0.000000
1 3 12.000000 -0.000000 0.000000 0.355995 0.000000 0.000000 -0.800578 -0.000000 0.000000 -0.481768 0.000000 2000.000000 0.999880
1 0 15.000000 0.000000 0.000000 0.028005 -0.000000 0.000000 -0.018930 -0.000000 0.000000 0.393277 0.000000 2500.000000 0.394727
1 1 12.000000 0.343465 0.414524 -0.000000 0.381122 -0.373567 -0.000000 -0.219454 0.000000 -0.000000 0.000000 2000.000000 0.558016
1 0 12.000000 0.000000 0.000000 0.000000 0.000000 0.000000 0.000000 0.000000 0.000000 0.000000 0.000000 2000.000000 0.000000
1 0 12.000000 -0.000000 0.000000 0.090639 -0.000000 -0.000000 0.265262 0.000000 0.000000 0.277907 0.000000 3500.000000 0.394730
1 0 9.000000 0.197229 0.303804 -0.000000 0.237977 -0.251785 -0.000000 -0.245276 0.000000 -0.000000 0.000000 2000.000000 0.394579
1 3 9.000000 0.359116 -0.780915 -0.000000 -0.449542 -0.623832 0.000000 -0.817278 0.000000 -0.000000 0.000000 2000.000000 0.999497
1 3 9.000000 0.000000 0.000000 -0.396459 0.000000 -0.000000 -0.478368 -0.000000 0.000000 -0.782929 0.000000 2000.000000 0.999497
1 0 9.000000 -0.038335 -0.325236 0.000000 -0.055807 0.223415 0.000000 -0.388727 0.000000 -0.000000 0.000000 2000.000000 0.394579
1 3 15.000000 -0.559502 -0.528748 -0.000000 0.348604 -0.848629 0.000000 -0.751784 0.000000 0.000000 0.000000 2500.000000 0.999873
1 0 9.000000 -0.007770 0.377394 -0.000000 -0.025459 -0.115180 -0.000000 -0.393680 0.000000 0.000000 0.000000 2000.000000 0.394579
1 0 6.000000 0.215403 0.000000 0.000000 0.000000 0.215403 0.000000 0.000000 0.000000 0.152313 24.000000 2000.000000 0.263814
1 0 9.000000 0.000000 0.000000 0.015316 -0.000000 0.000000 -0.019127 -0.000000 0.000000 0.393817 8.000000 3000.000000 0.394579
1 0 18.000000 0.000000 0.000000 0.000000 0.000000 0.000000 0.000000 0.000000 0.000000 0.000000 0.000000 3500.000000 0.000000
1 0 9.000000 0.000000 0.000000 0.201376 -0.000000 0.000000 -0.252083 -0.000000 0.000000 0.227143 0.000000 2000.000000 0.394579
1 3 12.000000 -0.195749 0.913624 0.000000 0.440208 0.406264 -0.000000 -0.876161 0.000000 -0.000000 0.000000 2000.000000 0.999880
1 0 15.000000 0.000000 -0.000000 -0.159580 0.000000 0.000000 -0.331835 0.000000 0.000000 0.142231 0.000000 2500.000000 0.394727
1 0 9.000000 -0.371130 0.125170 -0.000000 -0.124143 -0.374199 -0.000000 -0.050436 0.000000 0.000000 8.000000 1500.000000 0.394579
1 3 18.000000 -0.000000 -0.000000 0.000818 0.000000 -0.000000 -0.063332 0.000000 0.000000 0.997986 0.000000 3500.000000 0.999993
1 0 9.000000 0.322172 0.000000 0.000000 0.000000 0.322172 0.000000 0.000000 0.000000 0.227810 0.000000 2000.000000 0.394579
1 0 12.000000 -0.000000 0.000000 0.140539 0.000000 0.000000 -0.316050 -0.000000 0.000000 -0.190191 0.000000 2000.000000 0.394730
1 3 18.000000 -0.000000 -0.000000 0.562253 0.000000 -0.000000 -0.645637 0.000000 0.000000 0.516731 0.000000 3500.000000 0.999993
1 1 12.000000 -0.371364 -0.235975 0.000000 -0.173301 0.505666 0.000000 -0.378731 0.000000 -0.000000 0.000000 2000.000000 0.558016
1 3 9.000000 0.623525 0.780196 0.000000 -0.778691 0.624730 -0.000000 -0.062069 0.000000 0.000000 8.000000 3000.000000 0.999497
1 3 12.000000 0.326095 -0.477687 0.000000 0.177337 0.878393 0.000000 -0.928425 0.000000 0.000000 0.000000 2000.000000 0.999880
1 0 6.000000 0.321665 0.000000 0.000000 0.000000 0.321665 0.000000 0.000000 0.000000 0.227452 24.000000 3500.000000 0.393958
1 3 12.000000 -0.004032 -0.980823 0.000000 -0.020353 0.194282 0.000000 -0.999664 0.000000 -0.000000 0.000000 2000.000000 0.999880
0 0 4.000000 0.000000 0.000000 0.000000 0.000000 0.000000 0.000000 0.000000 0.000000 0.000000 4.000000 1500.000000 0.000000
1 1 12.000000 -0.000000 0.000000 -0.343201 -0.000000 -0.000000 -0.160158 -0.000000 0.000000 0.409811 0.000000 2000.000000 0.558016
1 0 15.000000 -0.000000 0.000000 -0.097870 -0.000000 -0.000000 -0.015754 -0.000000 0.000000 0.382077 0.000000 2500.000000 0.394727
1 3 9.000000 -0.940098 0.317065 -0.000000 -0.314464 -0.947874 -0.000000 -0.127758 0.000000 0.000000 8.000000 3000.000000 0.999497
1 3 12.000000 -0.000000 -0.000000 -0.678873 0.000000 -0.000000 0.658781 -0.000000 0.000000 0.323880 0.000000 2000.000000 0.999880
1 3 15.000000 0.000000 0.000000 0.027935 -0.000000 0.000000 -0.136020 -0.000000 0.000000 0.990184 0.000000 2500.000000 0.999873
1 3 15.000000 0.742629 -0.542553 0.000000 0.479736 0.839870 0.000000 -0.467014 0.000000 0.000000 0.000000 2500.000000 0.999873
1 0 18.000000 -0.297026 0.214303 0.000000 -0.191991 -0.331544 0.000000 0.175390 0.000000 0.000000 0.000000 3500.000000 0.394775
1 3 9.000000 0.816086 0.000000 0.000000 0.000000 0.816086 0.000000 0.000000 0.000000 0.577060 0.000000 2000.000000 0.999497
1 0 12.000000 0.000000 0.000000 -0.381388 0.000000 -0.000000 -0.044404 -0.000000 0.000000 -0.091559 0.000000 2000.000000 0.394730
1 0 9.000000 -0.000000 0.000000 -0.114918 -0.000000 -0.000000 -0.376534 -0.000000 0.000000 0.026619 0.000000 2000.000000 0.394579
1 3 9.000000 -0.000000 0.000000 0.845818 0.000000 0.000000 -0.436711 -0.000000 0.000000 -0.304746 0.000000 2000.000000 0.999497
1 3 12.000000 0.000000 0.000000 -0.263249 0.000000 -0.000000 -0.292110 -0.000000 0.000000 -0.919310 0.000000 2000.000000 0.999880
1 0 12.000000 -0.000000 -0.000000 0.242773 -0.000000 0.000000 0.113293 -0.000000 0.000000 -0.289892 0.000000 2000.000000 0.394730
1 0 15.000000 -0.220879 -0.208738 -0.000000 0.137621 -0.335020 0.000000 -0.296787 0.000000 0.000000 0.000000 2500.000000 0.394727
1 3 18.000000 -0.222319 -0.913349 -0.000000 0.498706 -0.407162 0.000000 -0.837767 0.000000 0.000000 0.000000 3500.000000 0.999993
1 0 9.000000 -0.000000 -0.000000 0.150291 -0.000000 0.000000 0.057799 -0.000000 0.000000 -0.360228 0.000000 2000.000000 0.394579
1 0 15.000000 0.000000 0.000000 0.289305 -0.000000 0.000000 -0.116439 -0.000000 0.000000 0.241980 0.000000 2500.000000 0.394727
1 0 6.000000 0.321665 0.000000 0.000000 0.000000 0.321665 0.000000 0.000000 0.000000 0.227452 8.000000 3500.000000 0.393958
1 0 6.000000 0.215403 0.000000 0.000000 0.000000 0.215403 0.000000 0.000000 0.000000 0.152313 0.000000 800.000000 0.263814
1 0 6.000000 0.321665 0.000000 0.000000 0.000000 0.321665 0.000000 0.000000 0.000000 0.227452 24.000000 800.000000 0.393958
1 0 12.000000 0.201060 0.251580 0.008846 -0.251095 0.201449 -0.011047 -0.020015 0.000000 0.227458 0.000000 2000.000000 0.394730
1 3 9.000000 -0.227532 0.945806 0.000000 -0.665888 -0.323179 0.000000 0.709800 0.000000 0.000000 8.000000 1500.000000 0.999497
1 0 15.000000 0.196371 -0.334641 -0.000000 0.313902 0.209344 -0.000000 0.136797 0.000000 0.000000 0.000000 2500.000000 0.394727
1 0 12.000000 0.000000 -0.000000 0.032589 0.000000 0.000000 0.138410 -0.000000 0.000000 0.368229 0.000000 2000.000000 0.394730
1 0 9.000000 0.000000 -0.000000 -0.072493 0.000000 0.000000 -0.347336 0.000000 0.000000 0.172612 8.000000 3000.000000 0.394579
1 3 15.000000 0.000000 -0.000000 0.392281 0.000000 0.000000 0.253412 -0.000000 0.000000 0.884106 0.000000 2500.000000 0.999873
0 0 4.000000 0.000000 0.000000 0.000000 0.000000 0.000000 0.000000 0.000000 0.000000 0.000000 2.000000 1500.000000 0.000000
1 0 6.000000 0.321665 0.000000 0.000000 0.000000 0.321665 0.000000 0.000000 0.000000 0.227452 8.000000 2000.000000 0.393958
1 0 6.000000 0.321665 0.000000 0.000000 0.000000 0.321665 0.000000 0.000000 0.000000 0.227452 8.000000 800.000000 0.393958
1 0 12.000000 -0.077277 0.360678 0.000000 0.173784 0.160384 -0.000000 -0.345889 0.000000 -0.000000 0.000000 2000.000000 0.394730
1 0 12.000000 -0.000000 0.000000 0.371735 0.000000 0.000000 -0.132593 -0.000000 0.000000 -0.006632 0.000000 2000.000000 0.394730
1 0 9.000000 0.000000 0.000000 0.000000 0.000000 0.000000 0.000000 0.000000 0.000000 0.000000 0.000000 2000.000000 0.000000
1 3 12.000000 -0.000000 0.000000 -0.404083 -0.000000 -0.000000 -0.913894 -0.000000 0.000000 0.035683 0.000000 2000.000000 0.999880
1 3 12.000000 -0.227619 0.946168 0.000000 -0.666143 -0.323303 0.000000 0.710072 0.000000 0.000000 0.000000 3500.000000 0.999880
1 0 12.000000 -0.000000 0.000000 -0.242773 -0.000000 -0.000000 -0.113293 -0.000000 0.000000 0.289892 0.000000 2000.000000 0.394730
1 0 12.000000 0.137247 0.341565 0.000000 -0.236942 0.197850 -0.000000 -0.284312 0.000000 0.000000 0.000000 2000.000000 0.394730
1 0 9.000000 -0.336221 -0.141634 0.000000 -0.129304 0.368283 0.000000 -0.161022 0.000000 -0.000000 0.000000 2000.000000 0.394579
1 0 9.000000 -0.000000 0.000000 0.090605 -0.000000 -0.000000 0.265161 0.000000 0.000000 0.277800 8.000000 3000.000000 0.394579
1 3 12.000000 -0.767881 0.258981 -0.069978 -0.256857 -0.774232 -0.023408 -0.104354 0.000000 0.572545 0.000000 2000.000000 0.999880
1 0 12.000000 0.090945 0.045649 -0.000000 0.010589 -0.392081 -0.000000 -0.383964 0.000000 -0.000000 0.000000 2000.000000 0.394730
1 1 12.000000 0.119304 -0.543163 0.000000 0.506696 0.127890 0.000000 -0.201016 0.000000 0.000000 0.000000 2000.000000 0.558016
1 3 18.000000 -0.339353 -0.754121 0.000000 0.389680 -0.656726 -0.000000 0.856140 0.000000 0.000000 0.000000 3500.000000 0.999993
1 0 9.000000 -0.089824 0.373383 0.000000 -0.262878 -0.127584 0.000000 0.280213 0.000000 0.000000 8.000000 3000.000000 0.394579
1 0 15.000000 0.201059 0.251579 0.008846 -0.251093 0.201448 -0.011047 -0.020015 0.000000 0.227456 0.000000 2500.000000 0.394727
1 1 12.000000 0.284232 0.355651 0.012505 -0.354964 0.284782 -0.015617 -0.028294 0.000000 0.321549 0.000000 2000.000000 0.558016
1 3 9.000000 0.604014 -0.508930 0.000000 0.357350 0.860223 0.000000 -0.711662 0.000000 0.000000 0.000000 2000.000000 0.999497
1 3 9.000000 -0.270783 0.458545 0.000000 0.139810 0.888105 -0.000000 -0.951906 0.000000 -0.000000 0.000000 2000.000000 0.999497
1 0 9.000000 0.322172 0.000000 0.000000 0.000000 0.322172 0.000000 0.000000 0.000000 0.227810 8.000000 3000.000000 0.394579
1 3 12.000000 0.000000 -0.000000 0.815620 0.000000 0.000000 0.443550 -0.000000 0.000000 0.371196 0.000000 2000.000000 0.999880
1 0 6.000000 0.000000 0.000000 0.000000 0.000000 0.000000 0.000000 0.000000 0.000000 0.000000 0.000000 2000.000000 0.000000
1 0 15.000000 0.224480 0.147380 0.000000 -0.090348 0.366181 -0.000000 -0.311858 0.000000 0.000000 0.000000 2500.000000 0.394727
1 3 15.000000 0.497421 -0.847670 -0.000000 0.795138 0.530284 -0.000000 0.346517 0.000000 0.000000 0.000000 2500.000000 0.999873
1 3 18.000000 -0.897922 -0.439137 -0.000000 0.438898 -0.898413 0.000000 -0.033029 0.000000 0.000000 0.000000 3500.000000 0.999993
1 3 15.000000 -0.000000 -0.000000 -0.638067 0.000000 -0.000000 0.397555 -0.000000 0.000000 0.659217 0.000000 2500.000000 0.999873
1 3 9.000000 0.000000 -0.000000 0.612496 0.000000 0.000000 0.362369 -0.000000 0.000000 0.701806 0.000000 2000.000000 0.999497
1 0 12.000000 -0.000000 0.000000 -0.159523 -0.000000 -0.000000 -0.360785 -0.000000 0.000000 0.014087 0.000000 2000.000000 0.394730
1 3 9.000000 -0.851673 -0.358769 0.000000 -0.327536 0.932888 0.000000 -0.407882 0.000000 -0.000000 0.000000 2000.000000 0.999497
1 3 18.000000 -0.752389 0.542845 0.000000 -0.486328 -0.839825 0.000000 0.444277 0.000000 0.000000 0.000000 3500.000000 0.999993
1 3 9.000000 -0.190262 -0.905869 -0.000000 0.408061 -0.422370 0.000000 -0.892346 0.000000 0.000000 0.000000 2000.000000 0.999497
0 0 4.000000 0.000000 0.000000 0.000000 0.000000 0.000000 0.000000 0.000000 0.000000 0.000000 2.000000 3000.000000 0.000000
1 0 18.000000 -0.000000 0.000000 0.147298 -0.000000 -0.000000 0.095210 0.000000 0.000000 0.353674 0.000000 3500.000000 0.394775
1 3 12.000000 0.347658 0.865210 0.000000 -0.600191 0.501169 -0.000000 -0.720184 0.000000 0.000000 0.000000 2000.000000 0.999880
1 3 12.000000 -0.000000 -0.000000 0.194241 -0.000000 0.000000 0.980612 -0.000000 0.000000 -0.020748 0.000000 2000.000000 0.999880
1 0 9.000000 -0.371130 0.125170 -0.000000 -0.124143 -0.374199 -0.000000 -0.050436 0.000000 0.000000 8.000000 3000.000000 0.394579
1 0 15.000000 -0.073369 0.304981 0.052330 -0.214719 -0.104211 0.153148 0.228879 0.000000 0.160449 0.000000 2500.000000 0.394727
1 3 12.000000 -0.940458 0.317186 -0.000000 -0.314584 -0.948236 -0.000000 -0.127807 0.000000 0.000000 0.000000 3500.000000 0.999880
1 0 12.000000 0.242961 0.293226 -0.000000 0.269598 -0.264254 -0.000000 -0.155238 0.000000 -0.000000 0.000000 2000.000000 0.394730
1 3 12.000000 0.000000 0.000000 0.038811 -0.000000 0.000000 -0.048469 -0.000000 0.000000 0.997950 0.000000 3500.000000 0.999880
1 1 12.000000 -0.428542 0.144533 -0.039054 -0.143348 -0.432086 -0.013064 -0.058238 0.000000 0.319528 0.000000 2000.000000 0.558016
1 0 15.000000 0.293173 -0.214188 0.000000 0.189389 0.331562 0.000000 -0.184367 0.000000 0.000000 0.000000 2500.000000 0.394727
1 0 9.000000 -0.000000 0.000000 0.090605 -0.000000 -0.000000 0.265161 0.000000 0.000000 0.277800 8.000000 1500.000000 0.394579
1 1 12.000000 -0.000000 0.000000 -0.225512 -0.000000 -0.000000 -0.510029 -0.000000 0.000000 0.019914 0.000000 2000.000000 0.558016
1 0 9.000000 0.000000 0.000000 0.015316 -0.000000 0.000000 -0.019127 -0.000000 0.000000 0.393817 8.000000 1500.000000 0.394579
1 3 9.000000 -0.000000 0.000000 -0.994555 -0.000000 -0.000000 -0.079574 -0.000000 0.000000 0.059345 0.000000 2000.000000 0.999497
1 3 15.000000 0.072966 -0.799172 -0.106058 0.349605 0.166796 -0.508160 0.734132 0.000000 0.252535 0.000000 2500.000000 0.999873
1 3 9.000000 0.000000 0.000000 0.038796 -0.000000 0.000000 -0.048450 -0.000000 0.000000 0.997568 8.000000 1500.000000 0.999497
1 1 12.000000 -0.000000 0.000000 0.525509 0.000000 0.000000 -0.187442 -0.000000 0.000000 -0.009375 0.000000 2000.000000 0.558016
1 0 6.000000 0.321665 0.000000 0.000000 0.000000 0.321665 0.000000 0.000000 0.000000 0.227452 0.000000 800.000000 0.393958
1 0 15.000000 -0.377221 0.062731 -0.000000 -0.060721 -0.389711 -0.000000 -0.099130 0.000000 0.000000 0.000000 2500.000000 0.394727
1 0 12.000000 -0.001592 -0.387207 0.000000 -0.008035 0.076698 0.000000 -0.394645 0.000000 -0.000000 0.000000 2000.000000 0.394730
1 3 12.000000 -0.014430 0.914477 -0.000000 -0.032635 -0.404341 -0.000000 -0.999243 0.000000 0.000000 0.000000 2000.000000 0.999880
1 0 12.000000 -0.262696 -0.166924 0.000000 -0.122590 0.357698 0.000000 -0.267907 0.000000 -0.000000 0.000000 2000.000000 0.394730
1 0 9.000000 -0.023354 0.031470 -0.000000 -0.001869 -0.393322 -0.000000 -0.393883 0.000000 0.000000 0.000000 2000.000000 0.394579
1 0 9.000000 0.246153 0.308004 0.000000 -0.307409 0.246629 -0.000000 -0.024503 0.000000 0.000000 8.000000 3000.000000 0.394579
1 3 15.000000 0.000000 0.000000 0.732831 -0.000000 0.000000 -0.294949 -0.000000 0.000000 0.612952 0.000000 2500.000000 0.999873
1 0 6.000000 0.215403 0.000000 0.000000 0.000000 0.215403 0.000000 0.000000 0.000000 0.152313 24.000000 3500.000000 0.263814
1 3 9.000000 0.000000 -0.000000 -0.510101 -0.000000 -0.000000 0.638545 -0.000000 0.000000 -0.575371 0.000000 2000.000000 0.999497
1 3 18.000000 -0.000000 -0.000000 -0.341109 0.000000 -0.000000 0.765178 -0.000000 0.000000 0.546016 0.000000 3500.000000 0.999993
1 0 12.000000 -0.000000 -0.000000 0.076682 -0.000000 0.000000 0.387123 -0.000000 0.000000 -0.008191 0.000000 2000.000000 0.394730
1 3 15.000000 -0.000000 0.000000 -0.247911 -0.000000 -0.000000 -0.039906 -0.000000 0.000000 0.967829 0.000000 2500.000000 0.999873
1 3 18.000000 -0.000000 -0.000000 -0.029674 0.000000 -0.000000 0.014504 -0.000000 0.000000 0.999448 0.000000 3500.000000 0.999993
1 0 15.000000 0.078639 0.386657 0.000000 -0.382910 0.079409 -0.000000 -0.054818 0.000000 0.000000 0.000000 2500.000000 0.394727
1 3 12.000000 -0.232432 -0.696324 -0.000000 0.225553 -0.717560 0.000000 -0.945971 0.000000 0.000000 0.000000 2000.000000 0.999880
1 3 12.000000 0.213774 -0.973265 0.000000 0.907922 0.229159 0.000000 -0.360191 0.000000 0.000000 0.000000 2000.000000 0.999880
1 3 12.000000 -0.665428 -0.422831 0.000000 -0.310530 0.906076 0.000000 -0.678628 0.000000 -0.000000 0.000000 2000.000000 0.999880
1 1 12.000000 0.128566 0.064533 -0.000000 0.014969 -0.554272 -0.000000 -0.542797 0.000000 -0.000000 0.000000 2000.000000 0.558016
1 1 12.000000 0.000000 0.000000 -0.539155 0.000000 -0.000000 -0.062773 -0.000000 0.000000 -0.129434 0.000000 2000.000000 0.558016
1 0 9.000000 -0.336221 0.141634 -0.000000 -0.129304 -0.368283 -0.000000 -0.161022 0.000000 0.000000 0.000000 2000.000000 0.394579
1 3 15.000000 -0.767876 0.258980 -0.069978 -0.256855 -0.774227 -0.023408 -0.104353 0.000000 0.572542 0.000000 2500.000000 0.999873
##END
