##LIST_SIZE=305
##LISTDATA
0 0 4.000000 0.000000 0.000000 0.000000 0.000000 0.000000 0.000000 0.000000 0.000000 0.000000 0.000000 3000.000000 0.000000
1 0 6.000000 -0.000000 0.000000 0.158431 -0.000000 -0.000000 0.463661 0.000000 0.000000 0.485763 8.000000 1500.000000 0.689962
0 0 4.000000 0.000000 0.000000 0.000000 0.000000 0.000000 0.000000 0.000000 0.000000 0.000000 0.000000 1500.000000 0.000000
1 0 4.000000 0.395720 0.000000 0.000000 0.000000 0.395720 0.000000 0.000000 0.000000 0.279817 5.000000 3500.000000 0.484657
1 0 6.000000 -0.131340 -0.625329 -0.000000 0.281688 -0.291566 0.000000 -0.615995 0.000000 0.000000 0.000000 2000.000000 0.689962
1 1 9.000000 -0.168621 0.700925 0.120268 -0.493481 -0.239504 0.351974 0.526024 0.000000 0.368752 0.000000 2000.000000 0.907186
1 1 12.000000 0.487851 0.751466 -0.000000 0.588641 -0.622796 -0.000000 -0.606696 0.000000 -0.000000 0.000000 3500.000000 0.976000
1 0 6.000000 -0.013587 0.659912 -0.000000 -0.044518 -0.201405 -0.000000 -0.688390 0.000000 0.000000 0.000000 2000.000000 0.689962
1 0 4.000000 0.395720 0.000000 0.000000 0.000000 0.395720 0.000000 0.000000 0.000000 0.279817 0.000000 800.000000 0.484657
1 1 11.000000 -0.164024 0.681815 0.116990 -0.480027 -0.232974 0.342378 0.511682 0.000000 0.358699 0.000000 2500.000000 0.882453
1 1 6.000000 -0.917411 0.309413 -0.000000 -0.306875 -0.924999 -0.000000 -0.124675 0.000000 0.000000 8.000000 1500.000000 0.975376
1 1 11.000000 0.000000 -0.000000 -0.817518 -0.000000 -0.000000 0.299918 -0.000000 0.000000 -0.142960 0.000000 2500.000000 0.882453
1 1 6.000000 -0.222041 0.922981 0.000000 -0.649819 -0.315380 0.000000 0.692671 0.000000 0.000000 8.000000 3000.000000 0.975376
1 0 12.000000 -0.588294 -0.247820 0.000000 -0.226246 0.644393 0.000000 -0.281745 0.000000 -0.000000 0.000000 3500.000000 0.690403
1 0 11.000000 0.045554 -0.498931 -0.066213 0.218262 0.104132 -0.317249 0.458325 0.000000 0.157660 0.000000 2500.000000 0.624230
1 0 6.000000 -0.000000 -0.000000 0.384870 -0.000000 0.000000 0.560274 -0.000000 0.000000 -0.118390 0.000000 2000.000000 0.689962
1 0 6.000000 -0.000000 0.000000 -0.686551 -0.000000 -0.000000 -0.054931 -0.000000 0.000000 0.040967 0.000000 2000.000000 0.689962
1 0 9.000000 -0.000000 -0.000000 0.124664 -0.000000 0.000000 0.629359 -0.000000 0.000000 -0.013316 0.000000 2000.000000 0.641726
1 1 9.000000 0.565937 0.708139 0.000000 -0.706772 0.567032 -0.000000 -0.056337 0.000000 0.000000 0.000000 3500.000000 0.907186
1 1 9.000000 0.315428 -0.785001 -0.000000 -0.544550 -0.454708 0.000000 -0.653419 0.000000 -0.000000 0.000000 2000.000000 0.907186
1 0 4.000000 0.000000 0.000000 0.000000 0.000000 0.000000 0.000000 0.000000 0.000000 0.000000 16.000000 800.000000 0.000000
1 1 11.000000 0.000000 -0.000000 0.590735 0.000000 0.000000 0.583695 -0.000000 0.000000 0.298420 0.000000 2500.000000 0.882453
1 0 11.000000 -0.180948 -0.561562 -0.000000 0.372755 -0.272601 0.000000 -0.466877 0.000000 0.000000 0.000000 2500.000000 0.624230
1 1 9.000000 0.740714 0.000000 0.000000 0.000000 0.740714 0.000000 0.000000 0.000000 0.523764 0.000000 3500.000000 0.907186
1 1 9.000000 0.000000 -0.000000 -0.327513 -0.000000 -0.000000 0.565413 -0.000000 0.000000 -0.629309 0.000000 2000.000000 0.907186
1 0 9.000000 -0.427074 -0.271374 0.000000 -0.199299 0.581522 0.000000 -0.435546 0.000000 -0.000000 0.000000 2000.000000 0.641726
1 1 9.000000 0.462086 0.578193 0.020330 -0.577077 0.462980 -0.025389 -0.045999 0.000000 0.522753 0.000000 2000.000000 0.907186
1 1 6.000000 0.589437 -0.496648 0.000000 0.348726 0.839464 0.000000 -0.694487 0.000000 0.000000 0.000000 2000.000000 0.975376
1 1 9.000000 -0.000000 -0.000000 -0.615938 0.000000 -0.000000 0.597709 -0.000000 0.000000 0.293855 0.000000 2000.000000 0.907186
1 0 9.000000 -0.000000 -0.000000 -0.435702 0.000000 -0.000000 0.422808 -0.000000 0.000000 0.207867 0.000000 2000.000000 0.641726
1 1 12.000000 0.589814 -0.496966 0.000000 0.348949 0.840000 0.000000 -0.694931 0.000000 0.000000 0.000000 3500.000000 0.976000
1 1 6.000000 0.000000 -0.000000 -0.497791 -0.000000 -0.000000 0.623135 -0.000000 0.000000 -0.561486 0.000000 2000.000000 0.975376
1 0 6.000000 -0.186924 0.316538 0.000000 0.096512 0.613067 -0.000000 -0.657109 0.000000 -0.000000 0.000000 2000.000000 0.689962
1 1 9.000000 -0.696694 0.234972 -0.063491 -0.233045 -0.702457 -0.021238 -0.094680 0.000000 0.519468 0.000000 2000.000000 0.907186
1 0 9.000000 0.000000 -0.000000 -0.117899 0.000000 0.000000 -0.564892 0.000000 0.000000 0.280729 0.000000 3500.000000 0.641726
0 0 4.000000 0.000000 0.000000 0.000000 0.000000 0.000000 0.000000 0.000000 0.000000 0.000000 4.000000 800.000000 0.000000
0 0 4.000000 0.000000 0.000000 0.000000 0.000000 0.000000 0.000000 0.000000 0.000000 0.000000 2.000000 800.000000 0.000000
1 1 12.000000 -0.831651 0.350335 -0.000000 -0.319836 -0.910956 -0.000000 -0.398293 0.000000 0.000000 0.000000 3500.000000 0.976000
1 1 11.000000 -0.677700 0.228566 -0.061760 -0.226691 -0.683305 -0.020659 -0.092099 0.000000 0.505305 0.000000 2500.000000 0.882453
1 0 6.000000 -0.587918 -0.247662 0.000000 -0.226101 0.643981 0.000000 -0.281565 0.000000 -0.000000 0.000000 2000.000000 0.689962
1 1 6.000000 0.000000 0.000000 0.497791 -0.000000 0.000000 -0.623135 -0.000000 0.000000 0.561486 0.000000 2000.000000 0.975376
1 0 6.000000 -0.000000 0.000000 -0.083638 -0.000000 -0.000000 -0.027977 -0.000000 0.000000 0.684302 8.000000 1500.000000 0.689962
1 0 12.000000 -0.000000 -0.000000 0.385116 -0.000000 0.000000 0.560632 -0.000000 0.000000 -0.118465 0.000000 3500.000000 0.690403
1 0 11.000000 -0.479392 0.161683 -0.043688 -0.160357 -0.483357 -0.014614 -0.065149 0.000000 0.357443 0.000000 2500.000000 0.624230
1 1 9.000000 -0.210884 -0.631771 -0.000000 0.204643 -0.651039 0.000000 -0.858275 0.000000 0.000000 0.000000 2000.000000 0.907186
1 0 4.000000 0.000000 0.000000 0.000000 0.000000 0.000000 0.000000 0.000000 0.000000 0.000000 16.000000 3500.000000 0.000000
0 0 4.000000 0.000000 0.000000 0.000000 0.000000 0.000000 0.000000 0.000000 0.000000 0.000000 2.000000 3000.000000 0.000000
1 0 6.000000 0.000000 0.000000 0.026781 -0.000000 0.000000 -0.033446 -0.000000 0.000000 0.688630 8.000000 3000.000000 0.689962
1 0 12.000000 0.000000 -0.000000 -0.352353 -0.000000 -0.000000 0.441075 -0.000000 0.000000 -0.397438 0.000000 3500.000000 0.690403
1 0 6.000000 0.430425 0.538577 0.000000 -0.537537 0.431257 -0.000000 -0.042847 0.000000 0.000000 8.000000 3000.000000 0.689962
1 1 11.000000 -0.000000 0.000000 0.288225 0.000000 0.000000 -0.593749 -0.000000 0.000000 -0.585757 0.000000 2500.000000 0.882453
1 1 6.000000 0.000000 0.000000 -0.386892 0.000000 -0.000000 -0.466824 -0.000000 0.000000 -0.764035 0.000000 2000.000000 0.975376
1 1 11.000000 0.027879 0.878183 0.000000 -0.282372 0.086704 -0.000000 -0.835591 0.000000 0.000000 0.000000 2500.000000 0.882453
1 1 6.000000 0.608477 0.761368 0.000000 -0.759898 0.609654 -0.000000 -0.060571 0.000000 0.000000 8.000000 3000.000000 0.975376
1 1 6.000000 0.000000 0.000000 0.037860 -0.000000 0.000000 -0.047281 -0.000000 0.000000 0.973494 8.000000 3000.000000 0.975376
1 1 9.000000 0.081081 -0.888050 -0.000000 0.388486 0.185345 -0.000000 0.815776 0.000000 0.000000 0.000000 3500.000000 0.907186
1 0 6.000000 -0.000000 0.000000 -0.262800 -0.000000 -0.000000 -0.101067 -0.000000 0.000000 0.629896 0.000000 2000.000000 0.689962
1 0 11.000000 0.000000 -0.000000 -0.172666 -0.000000 -0.000000 0.077486 -0.000000 0.000000 -0.594849 0.000000 2500.000000 0.624230
1 1 12.000000 -0.000000 0.000000 0.825934 0.000000 0.000000 -0.426444 -0.000000 0.000000 -0.297581 0.000000 3500.000000 0.976000
1 1 11.000000 -0.517653 -0.351726 0.000000 -0.224967 0.809328 0.000000 -0.678343 0.000000 -0.000000 0.000000 2500.000000 0.882453
1 1 6.000000 -0.831120 -0.350111 0.000000 -0.319631 0.910374 0.000000 -0.398038 0.000000 -0.000000 0.000000 2000.000000 0.975376
1 0 12.000000 -0.000000 0.000000 0.584249 0.000000 0.000000 -0.301658 -0.000000 0.000000 -0.210503 0.000000 3500.000000 0.690403
1 0 9.000000 -0.000000 0.000000 0.147355 -0.000000 -0.000000 0.431246 0.000000 0.000000 0.451802 0.000000 3500.000000 0.641726
1 0 4.000000 0.576178 0.000000 0.000000 0.000000 0.576178 0.000000 0.000000 0.000000 0.407419 0.000000 2000.000000 0.705671
0 0 4.000000 0.000000 0.000000 0.000000 0.000000 0.000000 0.000000 0.000000 0.000000 0.000000 0.000000 800.000000 0.000000
1 0 4.000000 0.000000 0.000000 0.000000 0.000000 0.000000 0.000000 0.000000 0.000000 0.000000 0.000000 2000.000000 0.000000
1 0 9.000000 -0.002587 -0.629495 0.000000 -0.013063 0.124691 0.000000 -0.641587 0.000000 -0.000000 0.000000 2000.000000 0.641726
1 0 4.000000 0.576178 0.000000 0.000000 0.000000 0.576178 0.000000 0.000000 0.000000 0.407419 5.000000 800.000000 0.705671
1 0 9.000000 -0.010155 0.215591 0.000000 0.003622 0.604427 -0.000000 -0.641635 0.000000 -0.000000 0.000000 2000.000000 0.641726
1 1 11.000000 -0.000000 0.000000 -0.622132 -0.000000 -0.000000 -0.270372 -0.000000 0.000000 0.564424 0.000000 2500.000000 0.882453
1 0 9.000000 0.137201 -0.624644 0.000000 0.582707 0.147075 0.000000 -0.231171 0.000000 0.000000 0.000000 2000.000000 0.641726
1 1 9.000000 -0.603740 0.383632 -0.000000 -0.281742 -0.822078 -0.000000 -0.615716 0.000000 0.000000 0.000000 2000.000000 0.907186
1 1 6.000000 0.087176 -0.954802 -0.000000 0.417687 0.199277 -0.000000 0.877096 0.000000 0.000000 8.000000 1500.000000 0.975376
1 1 6.000000 0.087176 -0.954802 -0.000000 0.417687 0.199277 -0.000000 0.877096 0.000000 0.000000 8.000000 3000.000000 0.975376
1 1 9.000000 -0.603740 -0.383632 0.000000 -0.281742 0.822078 0.000000 -0.615716 0.000000 -0.000000 0.000000 2000.000000 0.907186
1 0 9.000000 0.523967 0.000000 0.000000 0.000000 0.523967 0.000000 0.000000 0.000000 0.370500 0.000000 3500.000000 0.641726
1 1 6.000000 -0.057729 0.077791 -0.000000 -0.004619 -0.972269 -0.000000 -0.973655 0.000000 0.000000 0.000000 2000.000000 0.975376
1 1 12.000000 -0.019220 0.933492 -0.000000 -0.062974 -0.284901 -0.000000 -0.973777 0.000000 0.000000 0.000000 3500.000000 0.976000
1 0 11.000000 0.150160 0.438743 -0.000000 0.148370 -0.444035 -0.000000 -0.587453 0.000000 -0.000000 0.000000 2500.000000 0.624230
1 0 4.000000 0.000000 0.000000 0.000000 0.000000 0.000000 0.000000 0.000000 0.000000 0.000000 5.000000 3500.000000 0.000000
0 0 4.000000 0.000000 0.000000 0.000000 0.000000 0.000000 0.000000 0.000000 0.000000 0.000000 2.000000 1500.000000 0.000000
1 0 9.000000 -0.000000 -0.000000 0.394685 -0.000000 0.000000 0.184184 -0.000000 0.000000 -0.471287 0.000000 2000.000000 0.641726
1 0 6.000000 0.000000 0.000000 0.352127 -0.000000 0.000000 -0.440794 -0.000000 0.000000 0.397184 0.000000 2000.000000 0.689962
1 0 6.000000 0.061666 -0.675409 -0.000000 0.295464 0.140965 -0.000000 0.620440 0.000000 0.000000 8.000000 3000.000000 0.689962
1 1 12.000000 -0.000000 -0.000000 0.544425 -0.000000 0.000000 0.792547 -0.000000 0.000000 -0.167470 0.000000 3500.000000 0.976000
1 1 9.000000 0.558383 0.673905 -0.000000 0.619602 -0.607320 -0.000000 -0.356774 0.000000 -0.000000 0.000000 2000.000000 0.907186
1 0 6.000000 0.344876 0.531233 -0.000000 0.416127 -0.440272 -0.000000 -0.428891 0.000000 -0.000000 0.000000 2000.000000 0.689962
1 0 6.000000 -0.000000 -0.000000 -0.260309 0.000000 -0.000000 0.558291 -0.000000 0.000000 0.310803 0.000000 2000.000000 0.689962
1 1 9.000000 -0.206518 0.858454 0.000000 -0.604388 -0.293331 0.000000 0.644245 0.000000 0.000000 0.000000 3500.000000 0.907186
1 1 6.000000 0.000000 -0.000000 -0.179198 0.000000 0.000000 -0.858595 0.000000 0.000000 0.426687 8.000000 1500.000000 0.975376
1 1 9.000000 0.000000 -0.000000 0.740008 0.000000 0.000000 0.402431 -0.000000 0.000000 0.336785 0.000000 2000.000000 0.907186
1 1 12.000000 -0.831651 -0.350335 0.000000 -0.319836 0.910956 0.000000 -0.398293 0.000000 -0.000000 0.000000 3500.000000 0.976000
1 1 11.000000 -0.255800 0.793861 0.000000 0.526951 0.385366 -0.000000 -0.660009 0.000000 -0.000000 0.000000 2500.000000 0.882453
1 0 9.000000 0.000000 -0.000000 0.523467 0.000000 0.000000 0.284672 -0.000000 0.000000 0.238235 0.000000 2000.000000 0.641726
1 0 6.000000 -0.000000 0.000000 0.158431 -0.000000 -0.000000 0.463661 0.000000 0.000000 0.485763 8.000000 3000.000000 0.689962
1 1 9.000000 -0.000000 0.000000 -0.557953 -0.000000 -0.000000 -0.260375 -0.000000 0.000000 0.666243 0.000000 2000.000000 0.907186
1 0 4.000000 0.576178 0.000000 0.000000 0.000000 0.576178 0.000000 0.000000 0.000000 0.407419 16.000000 3500.000000 0.705671
1 1 9.000000 -0.000000 0.000000 0.208311 -0.000000 -0.000000 0.609637 0.000000 0.000000 0.638698 0.000000 3500.000000 0.907186
1 0 9.000000 0.000000 0.000000 -0.620035 0.000000 -0.000000 -0.072190 -0.000000 0.000000 -0.148851 0.000000 2000.000000 0.641726
1 0 6.000000 -0.157067 0.652899 0.000000 -0.459669 -0.223094 0.000000 0.489982 0.000000 0.000000 8.000000 1500.000000 0.689962
1 0 12.000000 0.000000 -0.000000 0.423082 0.000000 0.000000 0.250306 -0.000000 0.000000 0.484773 0.000000 3500.000000 0.690403
1 1 11.000000 0.767205 -0.361301 -0.000000 -0.344295 -0.805099 0.000000 -0.267544 0.000000 -0.000000 0.000000 2500.000000 0.882453
1 1 6.000000 0.796391 0.000000 0.000000 0.000000 0.796391 0.000000 0.000000 0.000000 0.563134 8.000000 1500.000000 0.975376
1 0 12.000000 0.000000 0.000000 0.352353 -0.000000 0.000000 -0.441075 -0.000000 0.000000 0.397438 0.000000 3500.000000 0.690403
1 1 6.000000 0.608477 0.761368 0.000000 -0.759898 0.609654 -0.000000 -0.060571 0.000000 0.000000 8.000000 1500.000000 0.975376
1 1 6.000000 -0.000000 0.000000 -0.371512 -0.000000 -0.000000 -0.142876 -0.000000 0.000000 0.890463 0.000000 2000.000000 0.975376
1 0 6.000000 0.416956 -0.351319 0.000000 0.246682 0.593820 0.000000 -0.491267 0.000000 0.000000 0.000000 2000.000000 0.689962
1 0 11.000000 0.000000 -0.000000 0.417875 0.000000 0.000000 0.412895 -0.000000 0.000000 0.211096 0.000000 2500.000000 0.624230
1 1 6.000000 0.000000 0.000000 0.037860 -0.000000 0.000000 -0.047281 -0.000000 0.000000 0.973494 8.000000 1500.000000 0.975376
1 1 11.000000 0.212276 -0.620237 0.000000 0.209746 0.627718 0.000000 -0.830463 0.000000 0.000000 0.000000 2500.000000 0.882453
1 0 12.000000 0.248059 0.539417 0.000000 -0.310521 0.430913 -0.000000 -0.564535 0.000000 0.000000 0.000000 3500.000000 0.690403
1 0 4.000000 0.576178 0.000000 0.000000 0.000000 0.576178 0.000000 0.000000 0.000000 0.407419 5.000000 2000.000000 0.705671
1 1 6.000000 -0.000000 -0.000000 0.371512 -0.000000 0.000000 0.142876 -0.000000 0.000000 -0.890463 0.000000 2000.000000 0.975376
1 0 9.000000 -0.492828 0.166215 -0.044912 -0.164852 -0.496904 -0.015023 -0.066975 0.000000 0.367461 0.000000 2000.000000 0.641726
1 0 4.000000 0.000000 0.000000 0.000000 0.000000 0.000000 0.000000 0.000000 0.000000 0.000000 5.000000 800.000000 0.000000
1 1 12.000000 -0.000000 -0.000000 -0.368225 0.000000 -0.000000 0.789742 -0.000000 0.000000 0.439652 0.000000 3500.000000 0.976000
1 1 11.000000 0.027878 -0.878183 -0.000000 -0.282375 -0.086701 0.000000 -0.835590 0.000000 -0.000000 0.000000 2500.000000 0.882453
1 1 6.000000 -0.000000 0.000000 -0.284070 -0.000000 -0.000000 -0.930770 -0.000000 0.000000 0.065799 0.000000 2000.000000 0.975376
1 1 6.000000 -0.831120 0.350111 -0.000000 -0.319631 -0.910374 -0.000000 -0.398038 0.000000 0.000000 0.000000 2000.000000 0.975376
1 1 9.000000 -0.000000 0.000000 -0.109970 -0.000000 -0.000000 -0.036785 -0.000000 0.000000 0.899744 0.000000 3500.000000 0.907186
1 0 12.000000 0.000000 0.000000 0.000000 0.000000 0.000000 0.000000 0.000000 0.000000 0.000000 0.000000 3500.000000 0.000000
1 0 9.000000 0.000000 0.000000 0.000000 0.000000 0.000000 0.000000 0.000000 0.000000 0.000000 0.000000 2000.000000 0.000000
1 0 4.000000 0.576178 0.000000 0.000000 0.000000 0.576178 0.000000 0.000000 0.000000 0.407419 16.000000 2000.000000 0.705671
1 0 11.000000 0.000000 0.000000 0.578291 -0.000000 0.000000 -0.212153 -0.000000 0.000000 0.101164 0.000000 2500.000000 0.624230
1 1 9.000000 0.000000 -0.000000 0.074898 0.000000 0.000000 0.318101 -0.000000 0.000000 0.846279 0.000000 2000.000000 0.907186
1 0 6.000000 -0.157067 0.652899 0.000000 -0.459669 -0.223094 0.000000 0.489982 0.000000 0.000000 8.000000 3000.000000 0.689962
1 1 12.000000 -0.000000 -0.000000 0.371749 -0.000000 0.000000 0.142967 -0.000000 0.000000 -0.891032 0.000000 3500.000000 0.976000
1 0 12.000000 -0.000000 0.000000 -0.686990 -0.000000 -0.000000 -0.054966 -0.000000 0.000000 0.040993 0.000000 3500.000000 0.690403
1 0 11.000000 -0.180948 0.561562 0.000000 0.372755 0.272601 -0.000000 -0.466878 0.000000 -0.000000 0.000000 2500.000000 0.624230
1 0 11.000000 -0.366178 0.248804 -0.000000 -0.159137 -0.572503 -0.000000 -0.479846 0.000000 0.000000 0.000000 2500.000000 0.624230
1 1 12.000000 -0.000000 0.000000 -0.284252 -0.000000 -0.000000 -0.931365 -0.000000 0.000000 0.065842 0.000000 3500.000000 0.976000
1 0 4.000000 0.395720 0.000000 0.000000 0.000000 0.395720 0.000000 0.000000 0.000000 0.279817 0.000000 3500.000000 0.484657
1 1 6.000000 0.350449 -0.762069 -0.000000 -0.438693 -0.608778 0.000000 -0.797554 0.000000 -0.000000 0.000000 2000.000000 0.975376
1 0 12.000000 -0.131424 -0.625729 -0.000000 0.281868 -0.291753 0.000000 -0.616389 0.000000 0.000000 0.000000 3500.000000 0.690403
1 1 11.000000 0.000000 -0.000000 -0.244091 -0.000000 -0.000000 0.109540 -0.000000 0.000000 -0.840918 0.000000 2500.000000 0.882453
1 0 9.000000 0.326871 0.409003 0.014381 -0.408213 0.327503 -0.017960 -0.032539 0.000000 0.369785 0.000000 2000.000000 0.641726
1 0 4.000000 0.000000 0.000000 0.000000 0.000000 0.000000 0.000000 0.000000 0.000000 0.000000 16.000000 2000.000000 0.000000
1 0 6.000000 0.000000 -0.000000 -0.126761 0.000000 0.000000 -0.607353 0.000000 0.000000 0.301830 8.000000 3000.000000 0.689962
1 0 6.000000 -0.648959 0.218873 -0.000000 -0.217077 -0.654326 -0.000000 -0.088193 0.000000 0.000000 8.000000 1500.000000 0.689962
1 0 9.000000 -0.000000 0.000000 -0.077790 -0.000000 -0.000000 -0.026021 -0.000000 0.000000 0.636462 0.000000 3500.000000 0.641726
1 1 9.000000 0.193956 -0.883039 0.000000 0.823753 0.207915 0.000000 -0.326799 0.000000 0.000000 0.000000 2000.000000 0.907186
1 1 6.000000 -0.000000 -0.000000 0.544077 -0.000000 0.000000 0.792041 -0.000000 0.000000 -0.167363 0.000000 2000.000000 0.975376
1 0 11.000000 0.019720 -0.621210 -0.000000 -0.199746 -0.061330 0.000000 -0.591080 0.000000 -0.000000 0.000000 2500.000000 0.624230
1 0 9.000000 -0.000000 0.000000 -0.259342 -0.000000 -0.000000 -0.586540 -0.000000 0.000000 0.022902 0.000000 2000.000000 0.641726
1 0 12.000000 -0.000000 0.000000 -0.262968 -0.000000 -0.000000 -0.101132 -0.000000 0.000000 0.630299 0.000000 3500.000000 0.690403
1 0 12.000000 -0.000000 -0.000000 0.262968 -0.000000 0.000000 0.101132 -0.000000 0.000000 -0.630299 0.000000 3500.000000 0.690403
1 0 11.000000 0.317959 0.397852 0.013989 -0.397084 0.318574 -0.017470 -0.031651 0.000000 0.359704 0.000000 2500.000000 0.624230
1 0 12.000000 -0.013596 0.660334 -0.000000 -0.044547 -0.201533 -0.000000 -0.688831 0.000000 0.000000 0.000000 3500.000000 0.690403
1 0 11.000000 -0.000000 0.000000 -0.440084 -0.000000 -0.000000 -0.191256 -0.000000 0.000000 0.399263 0.000000 2500.000000 0.624230
1 0 4.000000 0.000000 0.000000 0.000000 0.000000 0.000000 0.000000 0.000000 0.000000 0.000000 0.000000 3500.000000 0.000000
1 0 9.000000 0.147852 0.074214 -0.000000 0.017214 -0.637420 -0.000000 -0.624224 0.000000 -0.000000 0.000000 2000.000000 0.641726
1 0 11.000000 0.000000 0.000000 -0.417875 0.000000 -0.000000 -0.412895 -0.000000 0.000000 -0.211096 0.000000 2500.000000 0.624230
1 0 11.000000 0.000000 -0.000000 -0.058073 -0.000000 -0.000000 0.588220 -0.000000 0.000000 -0.200717 0.000000 2500.000000 0.624230
1 1 6.000000 0.000000 -0.000000 -0.179198 0.000000 0.000000 -0.858595 0.000000 0.000000 0.426687 8.000000 3000.000000 0.975376
1 1 6.000000 -0.264248 0.447479 0.000000 0.136436 0.866673 -0.000000 -0.928933 0.000000 -0.000000 0.000000 2000.000000 0.975376
1 0 9.000000 0.394989 0.476707 -0.000000 0.438295 -0.429607 -0.000000 -0.252375 0.000000 -0.000000 0.000000 2000.000000 0.641726
1 1 9.000000 0.000000 0.000000 -0.876523 0.000000 -0.000000 -0.102052 -0.000000 0.000000 -0.210426 0.000000 2000.000000 0.907186
1 1 11.000000 0.000000 0.000000 -0.590735 0.000000 -0.000000 -0.583695 -0.000000 0.000000 -0.298420 0.000000 2500.000000 0.882453
1 0 4.000000 0.000000 0.000000 0.000000 0.000000 0.000000 0.000000 0.000000 0.000000 0.000000 5.000000 2000.000000 0.000000
1 1 9.000000 -0.000000 -0.000000 0.557953 -0.000000 0.000000 0.260375 -0.000000 0.000000 -0.666243 0.000000 2000.000000 0.907186
1 1 9.000000 0.000000 0.000000 0.327513 -0.000000 0.000000 -0.565413 -0.000000 0.000000 0.629309 0.000000 2000.000000 0.907186
1 1 12.000000 0.350673 -0.762556 -0.000000 -0.438973 -0.609167 0.000000 -0.798064 0.000000 -0.000000 0.000000 3500.000000 0.976000
1 1 6.000000 -0.185671 -0.884007 -0.000000 0.398213 -0.412177 0.000000 -0.870811 0.000000 0.000000 0.000000 2000.000000 0.975376
1 0 11.000000 0.542706 0.255577 0.000000 -0.243548 0.569512 -0.000000 -0.189255 0.000000 0.000000 0.000000 2500.000000 0.624230
1 1 6.000000 -0.917411 0.309413 -0.000000 -0.306875 -0.924999 -0.000000 -0.124675 0.000000 0.000000 8.000000 3000.000000 0.975376
1 1 12.000000 -0.264417 0.447765 0.000000 0.136523 0.867227 -0.000000 -0.929527 0.000000 -0.000000 0.000000 3500.000000 0.976000
1 1 12.000000 -0.057766 0.077841 -0.000000 -0.004622 -0.972891 -0.000000 -0.974278 0.000000 0.000000 0.000000 3500.000000 0.976000
1 1 12.000000 -0.185789 -0.884572 -0.000000 0.398468 -0.412441 0.000000 -0.871368 0.000000 0.000000 0.000000 3500.000000 0.976000
1 0 6.000000 0.000000 -0.000000 -0.126761 0.000000 0.000000 -0.607353 0.000000 0.000000 0.301830 8.000000 1500.000000 0.689962
1 1 6.000000 -0.222041 0.922981 0.000000 -0.649819 -0.315380 0.000000 0.692671 0.000000 0.000000 8.000000 1500.000000 0.975376
1 0 11.000000 -0.116027 0.482303 0.082756 -0.339562 -0.164801 0.242192 0.361954 0.000000 0.253737 0.000000 2500.000000 0.624230
1 0 4.000000 0.576178 0.000000 0.000000 0.000000 0.576178 0.000000 0.000000 0.000000 0.407419 0.000000 800.000000 0.705671
1 0 6.000000 0.061666 -0.675409 -0.000000 0.295464 0.140965 -0.000000 0.620440 0.000000 0.000000 8.000000 1500.000000 0.689962
1 0 9.000000 0.000000 0.000000 0.231676 -0.000000 0.000000 -0.399962 -0.000000 0.000000 0.445161 0.000000 2000.000000 0.641726
1 1 12.000000 0.796901 0.000000 0.000000 0.000000 0.796901 0.000000 0.000000 0.000000 0.563494 0.000000 3500.000000 0.976000
1 0 11.000000 -0.000000 0.000000 0.203885 0.000000 0.000000 -0.420007 -0.000000 0.000000 -0.414353 0.000000 2500.000000 0.624230
1 0 9.000000 0.223128 -0.555294 -0.000000 -0.385204 -0.321652 0.000000 -0.462216 0.000000 -0.000000 0.000000 2000.000000 0.641726
1 0 11.000000 0.000000 0.000000 0.000000 0.000000 0.000000 0.000000 0.000000 0.000000 0.000000 0.000000 2500.000000 0.000000
1 0 9.000000 0.046830 -0.512915 -0.068069 0.224379 0.107051 -0.326141 0.471171 0.000000 0.162079 0.000000 2000.000000 0.641726
1 1 9.000000 -0.014356 0.304773 0.000000 0.005120 0.854459 -0.000000 -0.907058 0.000000 -0.000000 0.000000 2000.000000 0.907186
1 1 6.000000 0.796391 0.000000 0.000000 0.000000 0.796391 0.000000 0.000000 0.000000 0.563134 0.000000 2000.000000 0.975376
1 0 12.000000 0.248059 -0.539417 -0.000000 -0.310521 -0.430913 0.000000 -0.564535 0.000000 -0.000000 0.000000 3500.000000 0.690403
1 0 6.000000 0.000000 -0.000000 -0.352127 -0.000000 -0.000000 0.440794 -0.000000 0.000000 -0.397184 0.000000 2000.000000 0.689962
1 0 6.000000 -0.000000 0.000000 0.583876 0.000000 0.000000 -0.301466 -0.000000 0.000000 -0.210369 0.000000 2000.000000 0.689962
1 0 9.000000 -0.146087 0.607254 0.000000 -0.427533 -0.207497 0.000000 0.455726 0.000000 0.000000 0.000000 3500.000000 0.641726
1 1 9.000000 -0.853273 0.287781 -0.000000 -0.285421 -0.860330 -0.000000 -0.115959 0.000000 0.000000 0.000000 3500.000000 0.907186
1 1 11.000000 -0.255800 -0.793861 -0.000000 0.526951 -0.385366 0.000000 -0.660009 0.000000 0.000000 0.000000 2500.000000 0.882453
1 0 11.000000 0.000000 0.000000 0.172666 -0.000000 0.000000 -0.077486 -0.000000 0.000000 0.594849 0.000000 2500.000000 0.624230
1 0 6.000000 0.563352 0.000000 0.000000 0.000000 0.563352 0.000000 0.000000 0.000000 0.398350 8.000000 3000.000000 0.689962
1 1 6.000000 -0.000000 -0.000000 -0.367990 0.000000 -0.000000 0.789237 -0.000000 0.000000 0.439371 0.000000 2000.000000 0.975376
1 1 12.000000 0.000000 0.000000 0.498109 -0.000000 0.000000 -0.623534 -0.000000 0.000000 0.561845 0.000000 3500.000000 0.976000
0 0 4.000000 0.000000 0.000000 0.000000 0.000000 0.000000 0.000000 0.000000 0.000000 0.000000 4.000000 1500.000000 0.000000
1 0 9.000000 -0.149175 -0.446903 -0.000000 0.144760 -0.460532 0.000000 -0.607127 0.000000 0.000000 0.000000 2000.000000 0.641726
1 0 6.000000 0.000000 0.000000 0.000000 0.000000 0.000000 0.000000 0.000000 0.000000 0.000000 8.000000 1500.000000 0.000000
1 0 9.000000 -0.119279 0.495820 0.085076 -0.349079 -0.169420 0.248980 0.372099 0.000000 0.260848 0.000000 2000.000000 0.641726
1 0 12.000000 -0.000000 -0.000000 -0.260475 0.000000 -0.000000 0.558648 -0.000000 0.000000 0.311001 0.000000 3500.000000 0.690403
1 1 9.000000 -0.013092 0.829700 -0.000000 -0.029610 -0.366857 -0.000000 -0.906608 0.000000 0.000000 0.000000 2000.000000 0.907186
1 1 6.000000 -0.000000 0.000000 0.223969 -0.000000 -0.000000 0.655462 0.000000 0.000000 0.686707 8.000000 3000.000000 0.975376
1 0 9.000000 0.000000 0.000000 0.000000 0.000000 0.000000 0.000000 0.000000 0.000000 0.000000 0.000000 3500.000000 0.000000
1 1 9.000000 0.209014 0.104914 -0.000000 0.024335 -0.901099 -0.000000 -0.882444 0.000000 -0.000000 0.000000 2000.000000 0.907186
1 0 4.000000 0.395720 0.000000 0.000000 0.000000 0.395720 0.000000 0.000000 0.000000 0.279817 16.000000 3500.000000 0.484657
1 1 6.000000 -0.094763 -0.803964 0.000000 -0.137951 0.552268 0.000000 -0.960910 0.000000 -0.000000 0.000000 2000.000000 0.975376
1 1 6.000000 0.000000 -0.000000 0.597715 0.000000 0.000000 0.353623 -0.000000 0.000000 0.684869 0.000000 2000.000000 0.975376
1 0 11.000000 0.094940 -0.214996 -0.000000 -0.034830 -0.586037 0.000000 -0.615984 0.000000 -0.000000 0.000000 2500.000000 0.624230
1 1 12.000000 0.350673 0.762556 0.000000 -0.438973 0.609167 -0.000000 -0.798064 0.000000 0.000000 0.000000 3500.000000 0.976000
1 1 6.000000 -0.019207 0.932895 -0.000000 -0.062934 -0.284719 -0.000000 -0.973154 0.000000 0.000000 0.000000 2000.000000 0.975376
1 1 9.000000 0.000000 -0.000000 -0.166670 0.000000 0.000000 -0.798569 0.000000 0.000000 0.396857 0.000000 3500.000000 0.907186
1 0 6.000000 0.247901 -0.539073 -0.000000 -0.310323 -0.430637 0.000000 -0.564174 0.000000 -0.000000 0.000000 2000.000000 0.689962
1 1 9.000000 0.000000 0.000000 0.035213 -0.000000 0.000000 -0.043976 -0.000000 0.000000 0.905435 0.000000 3500.000000 0.907186
1 1 11.000000 -0.000000 -0.000000 0.622131 -0.000000 0.000000 0.270372 -0.000000 0.000000 -0.564424 0.000000 2500.000000 0.882453
1 0 4.000000 0.395720 0.000000 0.000000 0.000000 0.395720 0.000000 0.000000 0.000000 0.279817 16.000000 800.000000 0.484657
1 1 6.000000 -0.000000 0.000000 0.825406 0.000000 0.000000 -0.426172 -0.000000 0.000000 -0.297391 0.000000 2000.000000 0.975376
1 0 6.000000 -0.040836 0.055028 -0.000000 -0.003267 -0.687764 -0.000000 -0.688745 0.000000 0.000000 0.000000 2000.000000 0.689962
1 1 6.000000 -0.000000 0.000000 0.223969 -0.000000 -0.000000 0.655462 0.000000 0.000000 0.686707 8.000000 1500.000000 0.975376
1 0 9.000000 0.209289 -0.306581 0.000000 0.113815 0.563755 0.000000 -0.595866 0.000000 0.000000 0.000000 2000.000000 0.641726
1 0 12.000000 0.563712 0.000000 0.000000 0.000000 0.563712 0.000000 0.000000 0.000000 0.398605 0.000000 3500.000000 0.690403
1 0 4.000000 0.395720 0.000000 0.000000 0.000000 0.395720 0.000000 0.000000 0.000000 0.279817 16.000000 2000.000000 0.484657
1 1 9.000000 -0.000000 0.000000 0.322993 0.000000 0.000000 -0.726361 -0.000000 0.000000 -0.437106 0.000000 2000.000000 0.907186
1 1 11.000000 0.767205 0.361301 0.000000 -0.344295 0.805099 -0.000000 -0.267544 0.000000 0.000000 0.000000 2500.000000 0.882453
1 0 12.000000 0.345096 0.531572 -0.000000 0.416393 -0.440554 -0.000000 -0.429165 0.000000 -0.000000 0.000000 3500.000000 0.690403
1 0 6.000000 0.430425 0.538577 0.000000 -0.537537 0.431257 -0.000000 -0.042847 0.000000 0.000000 8.000000 1500.000000 0.689962
1 0 6.000000 0.000000 -0.000000 0.422812 0.000000 0.000000 0.250146 -0.000000 0.000000 0.484463 0.000000 2000.000000 0.689962
1 1 9.000000 0.295865 -0.433403 0.000000 0.160897 0.796962 0.000000 -0.842355 0.000000 0.000000 0.000000 2000.000000 0.907186
1 1 9.000000 -0.000000 -0.000000 0.176233 -0.000000 0.000000 0.889704 -0.000000 0.000000 -0.018825 0.000000 2000.000000 0.907186
1 0 6.000000 -0.000000 -0.000000 0.262800 -0.000000 0.000000 0.101067 -0.000000 0.000000 -0.629896 0.000000 2000.000000 0.689962
1 0 6.000000 0.000000 0.000000 0.026781 -0.000000 0.000000 -0.033446 -0.000000 0.000000 0.688630 8.000000 1500.000000 0.689962
1 1 11.000000 -0.517653 0.351726 -0.000000 -0.224967 -0.809328 -0.000000 -0.678343 0.000000 0.000000 0.000000 2500.000000 0.882453
1 0 9.000000 -0.427074 0.271374 -0.000000 -0.199299 -0.581522 -0.000000 -0.435546 0.000000 0.000000 0.000000 2000.000000 0.641726
1 0 6.000000 -0.067033 -0.568709 0.000000 -0.097584 0.390664 0.000000 -0.679729 0.000000 -0.000000 0.000000 2000.000000 0.689962
1 0 11.000000 0.000000 -0.000000 -0.578296 -0.000000 -0.000000 0.212156 -0.000000 0.000000 -0.101127 0.000000 2500.000000 0.624230
1 1 9.000000 -0.000000 0.000000 -0.366623 -0.000000 -0.000000 -0.829172 -0.000000 0.000000 0.032375 0.000000 2000.000000 0.907186
1 0 12.000000 -0.067076 -0.569072 0.000000 -0.097646 0.390913 0.000000 -0.680164 0.000000 -0.000000 0.000000 3500.000000 0.690403
1 1 11.000000 0.212276 0.620237 -0.000000 0.209746 -0.627718 -0.000000 -0.830463 0.000000 -0.000000 0.000000 2500.000000 0.882453
1 0 6.000000 0.000000 0.000000 0.000000 0.000000 0.000000 0.000000 0.000000 0.000000 0.000000 0.000000 2000.000000 0.000000
1 0 6.000000 0.563352 0.000000 0.000000 0.000000 0.563352 0.000000 0.000000 0.000000 0.398350 0.000000 2000.000000 0.689962
1 0 4.000000 0.395720 0.000000 0.000000 0.000000 0.395720 0.000000 0.000000 0.000000 0.279817 5.000000 2000.000000 0.484657
1 1 11.000000 -0.000000 -0.000000 -0.288225 0.000000 -0.000000 0.593749 -0.000000 0.000000 0.585757 0.000000 2500.000000 0.882453
1 0 4.000000 0.576178 0.000000 0.000000 0.000000 0.576178 0.000000 0.000000 0.000000 0.407419 0.000000 3500.000000 0.705671
1 0 11.000000 -0.366178 -0.248804 0.000000 -0.159137 0.572503 0.000000 -0.479846 0.000000 -0.000000 0.000000 2500.000000 0.624230
1 1 12.000000 0.000000 0.000000 -0.387139 0.000000 -0.000000 -0.467122 -0.000000 0.000000 -0.764523 0.000000 3500.000000 0.976000
1 0 9.000000 -0.000000 0.000000 -0.394685 -0.000000 -0.000000 -0.184184 -0.000000 0.000000 0.471287 0.000000 2000.000000 0.641726
1 0 11.000000 0.150160 -0.438743 0.000000 0.148370 0.444035 0.000000 -0.587453 0.000000 0.000000 0.000000 2500.000000 0.624230
1 1 9.000000 0.066202 -0.725090 -0.096227 0.317197 0.151334 -0.461054 0.666079 0.000000 0.229125 0.000000 2000.000000 0.907186
1 0 12.000000 -0.588294 0.247820 -0.000000 -0.226246 -0.644393 -0.000000 -0.281745 0.000000 0.000000 0.000000 3500.000000 0.690403
1 1 11.000000 0.134263 0.303931 0.000000 -0.049256 0.828462 -0.000000 -0.870787 0.000000 0.000000 0.000000 2500.000000 0.882453
1 1 11.000000 0.064397 -0.705322 -0.093603 0.308549 0.147208 -0.448484 0.647919 0.000000 0.222879 0.000000 2500.000000 0.882453
1 1 11.000000 0.000000 -0.000000 -0.082097 -0.000000 -0.000000 0.831547 -0.000000 0.000000 -0.283747 0.000000 2500.000000 0.882453
1 0 9.000000 0.000000 -0.000000 0.052981 0.000000 0.000000 0.225018 -0.000000 0.000000 0.598641 0.000000 2000.000000 0.641726
1 1 12.000000 -0.000000 0.000000 -0.371749 -0.000000 -0.000000 -0.142967 -0.000000 0.000000 0.891032 0.000000 3500.000000 0.976000
1 1 6.000000 -0.000000 0.000000 -0.118236 -0.000000 -0.000000 -0.039550 -0.000000 0.000000 0.967375 8.000000 3000.000000 0.975376
1 0 9.000000 0.000000 0.000000 0.024909 -0.000000 0.000000 -0.031108 -0.000000 0.000000 0.640487 0.000000 3500.000000 0.641726
1 0 9.000000 0.057355 -0.628189 -0.000000 0.274807 0.131110 -0.000000 0.577064 0.000000 0.000000 0.000000 3500.000000 0.641726
1 0 9.000000 0.000000 0.000000 -0.168954 0.000000 -0.000000 -0.187477 -0.000000 0.000000 -0.590016 0.000000 2000.000000 0.641726
1 1 9.000000 -0.003658 -0.889896 0.000000 -0.018466 0.176271 0.000000 -0.906991 0.000000 -0.000000 0.000000 2000.000000 0.907186
1 0 6.000000 0.247901 0.539073 0.000000 -0.310323 0.430637 -0.000000 -0.564174 0.000000 0.000000 0.000000 2000.000000 0.689962
1 0 9.000000 -0.603589 0.203571 -0.000000 -0.201901 -0.608581 -0.000000 -0.082027 0.000000 0.000000 0.000000 3500.000000 0.641726
1 1 12.000000 -0.000000 0.000000 -0.971174 -0.000000 -0.000000 -0.077703 -0.000000 0.000000 0.057950 0.000000 3500.000000 0.976000
1 1 9.000000 0.315428 0.785001 0.000000 -0.544550 0.454708 -0.000000 -0.653419 0.000000 0.000000 0.000000 2000.000000 0.907186
1 0 9.000000 -0.000000 0.000000 0.604342 0.000000 0.000000 -0.215560 -0.000000 0.000000 -0.010782 0.000000 2000.000000 0.641726
1 1 6.000000 0.796391 0.000000 0.000000 0.000000 0.796391 0.000000 0.000000 0.000000 0.563134 8.000000 3000.000000 0.975376
1 1 11.000000 0.000000 0.000000 0.082100 -0.000000 0.000000 -0.831547 -0.000000 0.000000 0.283745 0.000000 2500.000000 0.882453
1 0 4.000000 0.576178 0.000000 0.000000 0.000000 0.576178 0.000000 0.000000 0.000000 0.407419 16.000000 800.000000 0.705671
1 0 9.000000 -0.125632 0.586367 0.000000 0.282527 0.260741 -0.000000 -0.562323 0.000000 -0.000000 0.000000 2000.000000 0.641726
1 1 9.000000 0.000000 0.000000 -0.238844 0.000000 -0.000000 -0.265030 -0.000000 0.000000 -0.834085 0.000000 2000.000000 0.907186
1 0 11.000000 0.542706 -0.255577 -0.000000 -0.243548 -0.569512 0.000000 -0.189255 0.000000 -0.000000 0.000000 2500.000000 0.624230
1 0 12.000000 0.000000 0.000000 -0.273855 0.000000 -0.000000 -0.330433 -0.000000 0.000000 -0.540809 0.000000 3500.000000 0.690403
1 1 12.000000 0.000000 -0.000000 0.598097 0.000000 0.000000 0.353850 -0.000000 0.000000 0.685307 0.000000 3500.000000 0.976000
1 0 4.000000 0.576178 0.000000 0.000000 0.000000 0.576178 0.000000 0.000000 0.000000 0.407419 5.000000 3500.000000 0.705671
1 0 12.000000 -0.000000 0.000000 -0.201074 -0.000000 -0.000000 -0.658830 -0.000000 0.000000 0.046575 0.000000 3500.000000 0.690403
0 0 4.000000 0.000000 0.000000 0.000000 0.000000 0.000000 0.000000 0.000000 0.000000 0.000000 4.000000 3000.000000 0.000000
1 0 12.000000 -0.040862 0.055063 -0.000000 -0.003269 -0.688204 -0.000000 -0.689185 0.000000 0.000000 0.000000 3500.000000 0.690403
1 0 6.000000 -0.648959 0.218873 -0.000000 -0.217077 -0.654326 -0.000000 -0.088193 0.000000 0.000000 8.000000 3000.000000 0.689962
1 0 6.000000 -0.587918 0.247662 -0.000000 -0.226101 -0.643981 -0.000000 -0.281565 0.000000 0.000000 0.000000 2000.000000 0.689962
1 1 11.000000 0.449488 0.562430 0.019776 -0.561344 0.450357 -0.024697 -0.044745 0.000000 0.508501 0.000000 2500.000000 0.882453
1 0 6.000000 0.563352 0.000000 0.000000 0.000000 0.563352 0.000000 0.000000 0.000000 0.398350 8.000000 1500.000000 0.689962
1 1 11.000000 0.000000 0.000000 0.244091 -0.000000 0.000000 -0.109540 -0.000000 0.000000 0.840918 0.000000 2500.000000 0.882453
1 0 6.000000 0.000000 0.000000 0.000000 0.000000 0.000000 0.000000 0.000000 0.000000 0.000000 8.000000 3000.000000 0.000000
1 1 9.000000 -0.177602 0.828927 0.000000 0.399399 0.368601 -0.000000 -0.794937 0.000000 -0.000000 0.000000 2000.000000 0.907186
1 1 9.000000 -0.000000 0.000000 0.854338 0.000000 0.000000 -0.304730 -0.000000 0.000000 -0.015242 0.000000 2000.000000 0.907186
1 0 6.000000 -0.000000 0.000000 -0.200946 -0.000000 -0.000000 -0.658409 -0.000000 0.000000 0.046545 0.000000 2000.000000 0.689962
1 1 11.000000 0.000000 0.000000 0.817510 -0.000000 0.000000 -0.299913 -0.000000 0.000000 0.143013 0.000000 2500.000000 0.882453
1 1 6.000000 -0.000000 0.000000 -0.118236 -0.000000 -0.000000 -0.039550 -0.000000 0.000000 0.967375 8.000000 1500.000000 0.975376
1 0 4.000000 0.000000 0.000000 0.000000 0.000000 0.000000 0.000000 0.000000 0.000000 0.000000 0.000000 800.000000 0.000000
1 1 6.000000 0.487539 0.750986 -0.000000 0.588265 -0.622398 -0.000000 -0.606308 0.000000 -0.000000 0.000000 2000.000000 0.975376
1 0 11.000000 -0.000000 -0.000000 -0.203885 0.000000 -0.000000 0.420007 -0.000000 0.000000 0.414353 0.000000 2500.000000 0.624230
1 0 9.000000 0.400333 0.500924 0.000000 -0.499957 0.401107 -0.000000 -0.039851 0.000000 0.000000 0.000000 3500.000000 0.641726
1 0 4.000000 0.395720 0.000000 0.000000 0.000000 0.395720 0.000000 0.000000 0.000000 0.279817 0.000000 2000.000000 0.484657
1 0 6.000000 -0.000000 0.000000 -0.083638 -0.000000 -0.000000 -0.027977 -0.000000 0.000000 0.684302 8.000000 3000.000000 0.689962
1 0 9.000000 -0.009261 0.586914 -0.000000 -0.020945 -0.259507 -0.000000 -0.641317 0.000000 0.000000 0.000000 2000.000000 0.641726
1 0 4.000000 0.395720 0.000000 0.000000 0.000000 0.395720 0.000000 0.000000 0.000000 0.279817 5.000000 800.000000 0.484657
1 0 6.000000 0.000000 0.000000 -0.273680 0.000000 -0.000000 -0.330222 -0.000000 0.000000 -0.540463 0.000000 2000.000000 0.689962
1 0 11.000000 -0.000000 -0.000000 0.440084 -0.000000 0.000000 0.191256 -0.000000 0.000000 -0.399263 0.000000 2500.000000 0.624230
1 0 12.000000 -0.187043 0.316740 0.000000 0.096574 0.613459 -0.000000 -0.657530 0.000000 -0.000000 0.000000 3500.000000 0.690403
1 0 12.000000 0.417223 -0.351544 0.000000 0.246840 0.594200 0.000000 -0.491581 0.000000 0.000000 0.000000 3500.000000 0.690403
1 1 12.000000 0.000000 -0.000000 -0.498109 -0.000000 -0.000000 0.623534 -0.000000 0.000000 -0.561845 0.000000 3500.000000 0.976000
1 0 9.000000 0.223128 0.555294 0.000000 -0.385204 0.321652 -0.000000 -0.462216 0.000000 0.000000 0.000000 2000.000000 0.641726
1 1 6.000000 0.350449 0.762069 0.000000 -0.438693 0.608778 -0.000000 -0.797554 0.000000 0.000000 0.000000 2000.000000 0.975376
1 0 9.000000 -0.000000 0.000000 0.228479 0.000000 0.000000 -0.513813 -0.000000 0.000000 -0.309200 0.000000 2000.000000 0.641726
1 1 11.000000 0.134214 -0.303932 -0.000000 -0.049238 -0.828461 0.000000 -0.870796 0.000000 -0.000000 0.000000 2500.000000 0.882453
1 1 6.000000 -0.000000 0.000000 -0.970554 -0.000000 -0.000000 -0.077654 -0.000000 0.000000 0.057913 0.000000 2000.000000 0.975376
1 0 9.000000 0.000000 -0.000000 -0.231676 -0.000000 -0.000000 0.399962 -0.000000 0.000000 -0.445161 0.000000 2000.000000 0.641726
1 0 11.000000 0.094975 0.214995 0.000000 -0.034843 0.586038 -0.000000 -0.615978 0.000000 0.000000 0.000000 2500.000000 0.624230
1 0 11.000000 0.000000 0.000000 0.058076 -0.000000 0.000000 -0.588220 -0.000000 0.000000 0.200716 0.000000 2500.000000 0.624230
1 0 11.000000 0.019721 0.621210 0.000000 -0.199745 0.061333 -0.000000 -0.591081 0.000000 0.000000 0.000000 2500.000000 0.624230
1 1 12.000000 -0.094823 -0.804479 0.000000 -0.138039 0.552621 0.000000 -0.961525 0.000000 -0.000000 0.000000 3500.000000 0.976000
##END
