##LIST_SIZE=303
##LISTDATA
0 0 4.000000 0.000000 0.000000 0.000000 0.000000 0.000000 0.000000 0.000000 0.000000 0.000000 0.000000 3000.000000 0.000000
1 2 14.000000 -0.000000 -0.000000 0.562200 0.000000 -0.000000 -0.645577 0.000000 0.000000 0.516683 0.000000 3500.000000 0.999900
1 0 12.000000 0.272547 -0.464455 -0.000000 0.435672 0.290553 -0.000000 0.189863 0.000000 0.000000 0.000000 2500.000000 0.547850
1 2 10.000000 -0.232453 -0.696387 -0.000000 0.225573 -0.717625 0.000000 -0.946056 0.000000 0.000000 0.000000 2000.000000 0.999970
1 0 10.000000 0.000000 0.000000 0.021268 -0.000000 0.000000 -0.026560 -0.000000 0.000000 0.546857 0.000000 3500.000000 0.547915
1 0 10.000000 0.117144 -0.533331 0.000000 0.497524 0.125575 0.000000 -0.197378 0.000000 0.000000 0.000000 2000.000000 0.547915
0 0 4.000000 0.000000 0.000000 0.000000 0.000000 0.000000 0.000000 0.000000 0.000000 0.000000 2.000000 800.000000 0.000000
1 0 12.000000 0.039980 -0.437882 -0.058111 0.191556 0.091391 -0.278431 0.402245 0.000000 0.138369 0.000000 2500.000000 0.547850
1 0 7.000000 -0.000000 0.000000 -0.066372 -0.000000 -0.000000 -0.022201 -0.000000 0.000000 0.543035 8.000000 1500.000000 0.547526
1 2 7.000000 0.000000 -0.000000 -0.183586 0.000000 0.000000 -0.879620 0.000000 0.000000 0.437136 8.000000 1500.000000 0.999261
1 0 4.000000 0.445954 0.000000 0.000000 0.000000 0.445954 0.000000 0.000000 0.000000 0.315337 0.000000 3500.000000 0.546180
1 0 4.000000 0.279817 0.000000 0.000000 0.000000 0.279817 0.000000 0.000000 0.000000 0.197860 0.000000 3500.000000 0.342704
1 2 10.000000 0.089374 -0.978877 -0.000000 0.428219 0.204302 -0.000000 0.899211 0.000000 0.000000 0.000000 3500.000000 0.999970
1 0 4.000000 0.445954 0.000000 0.000000 0.000000 0.445954 0.000000 0.000000 0.000000 0.315337 0.000000 800.000000 0.546180
1 2 12.000000 0.509286 0.637254 0.022407 -0.636024 0.510271 -0.027983 -0.050697 0.000000 0.576150 0.000000 2500.000000 0.999852
1 0 12.000000 -0.101830 0.423289 0.072630 -0.298014 -0.144636 0.212557 0.317666 0.000000 0.222690 0.000000 2500.000000 0.547850
1 0 10.000000 -0.007907 0.501116 -0.000000 -0.017884 -0.221571 -0.000000 -0.547566 0.000000 0.000000 0.000000 2000.000000 0.547915
1 0 10.000000 0.000000 -0.000000 -0.197809 -0.000000 -0.000000 0.341494 -0.000000 0.000000 -0.380085 0.000000 2000.000000 0.547915
1 0 4.000000 0.445954 0.000000 0.000000 0.000000 0.445954 0.000000 0.000000 0.000000 0.315337 20.000000 3500.000000 0.546180
1 1 10.000000 0.000000 -0.000000 0.063949 0.000000 0.000000 0.271599 -0.000000 0.000000 0.722566 0.000000 2000.000000 0.774569
1 0 7.000000 -0.032406 0.043668 -0.000000 -0.002593 -0.545782 -0.000000 -0.546560 0.000000 0.000000 0.000000 2000.000000 0.547526
1 2 14.000000 -0.000000 -0.000000 0.000818 0.000000 -0.000000 -0.063326 0.000000 0.000000 0.997892 0.000000 3500.000000 0.999900
1 0 10.000000 -0.000000 0.000000 0.125814 -0.000000 -0.000000 0.368204 0.000000 0.000000 0.385756 0.000000 3500.000000 0.547915
1 2 12.000000 0.000000 -0.000000 0.056165 0.000000 0.000000 0.654147 -0.000000 0.000000 0.754083 0.000000 2500.000000 0.999852
0 0 4.000000 0.000000 0.000000 0.000000 0.000000 0.000000 0.000000 0.000000 0.000000 0.000000 2.000000 1500.000000 0.000000
1 1 10.000000 -0.011178 0.708410 -0.000000 -0.025281 -0.313228 -0.000000 -0.774075 0.000000 0.000000 0.000000 2000.000000 0.774569
1 2 14.000000 -0.339321 -0.754050 0.000000 0.389644 -0.656664 -0.000000 0.856060 0.000000 0.000000 0.000000 3500.000000 0.999900
1 0 4.000000 0.000000 0.000000 0.000000 0.000000 0.000000 0.000000 0.000000 0.000000 0.000000 20.000000 3500.000000 0.000000
1 1 10.000000 -0.515482 -0.327551 0.000000 -0.240556 0.701903 0.000000 -0.525708 0.000000 -0.000000 0.000000 2000.000000 0.774569
1 0 12.000000 -0.523553 0.087066 -0.000000 -0.084276 -0.540887 -0.000000 -0.137584 0.000000 0.000000 0.000000 2500.000000 0.547850
1 2 12.000000 0.825312 0.559939 0.000000 -0.557882 0.828355 -0.000000 -0.085624 0.000000 0.000000 0.000000 2500.000000 0.999852
1 0 12.000000 -0.306562 -0.289712 -0.000000 0.191007 -0.464981 0.000000 -0.411917 0.000000 0.000000 0.000000 2500.000000 0.547850
1 2 10.000000 0.623820 0.780565 0.000000 -0.779059 0.625026 -0.000000 -0.062099 0.000000 0.000000 0.000000 3500.000000 0.999970
1 2 14.000000 0.680280 -0.523146 -0.000000 0.417645 0.852125 -0.000000 0.602156 0.000000 0.000000 0.000000 3500.000000 0.999900
1 1 10.000000 0.269317 -0.670246 -0.000000 -0.464945 -0.388237 0.000000 -0.557899 0.000000 -0.000000 0.000000 2000.000000 0.774569
1 0 14.000000 -0.000000 -0.000000 -0.186887 0.000000 -0.000000 0.419226 -0.000000 0.000000 0.299151 0.000000 3500.000000 0.547877
1 0 4.000000 0.000000 0.000000 0.000000 0.000000 0.000000 0.000000 0.000000 0.000000 0.000000 20.000000 800.000000 0.000000
1 0 4.000000 0.000000 0.000000 0.000000 0.000000 0.000000 0.000000 0.000000 0.000000 0.000000 0.000000 800.000000 0.000000
1 0 12.000000 -0.420734 0.141900 -0.038342 -0.140736 -0.424214 -0.012826 -0.057177 0.000000 0.313707 0.000000 2500.000000 0.547850
1 2 7.000000 -0.000000 0.000000 -0.380609 -0.000000 -0.000000 -0.146374 -0.000000 0.000000 0.912268 0.000000 2000.000000 0.999261
1 2 7.000000 0.089310 -0.978183 -0.000000 0.427915 0.204157 -0.000000 0.898574 0.000000 0.000000 8.000000 3000.000000 0.999261
1 2 10.000000 -0.665488 0.422869 -0.000000 -0.310558 -0.906158 -0.000000 -0.678690 0.000000 0.000000 0.000000 2000.000000 0.999970
1 0 7.000000 -0.124642 0.518115 0.000000 -0.364775 -0.177038 0.000000 0.388830 0.000000 0.000000 8.000000 3000.000000 0.547526
1 2 14.000000 -0.012895 -0.999816 0.000000 0.997809 -0.012921 -0.000000 0.063332 0.000000 0.000000 0.000000 3500.000000 0.999900
1 0 12.000000 0.311561 0.204552 0.000000 -0.125396 0.508231 -0.000000 -0.432834 0.000000 0.000000 0.000000 2500.000000 0.547850
1 2 10.000000 -0.665488 -0.422869 0.000000 -0.310558 0.906158 0.000000 -0.678690 0.000000 -0.000000 0.000000 2000.000000 0.999970
1 2 7.000000 -0.000000 -0.000000 0.380609 -0.000000 0.000000 0.146374 -0.000000 0.000000 -0.912268 0.000000 2000.000000 0.999261
1 0 4.000000 0.000000 0.000000 0.000000 0.000000 0.000000 0.000000 0.000000 0.000000 0.000000 7.000000 2000.000000 0.000000
1 2 12.000000 -0.185845 0.772522 0.132553 -0.543889 -0.263968 0.387927 0.579755 0.000000 0.406419 0.000000 2500.000000 0.999852
1 2 10.000000 -0.000000 -0.000000 0.615018 -0.000000 0.000000 0.287005 -0.000000 0.000000 -0.734384 0.000000 2000.000000 0.999970
1 2 10.000000 -0.014431 0.914559 -0.000000 -0.032638 -0.404377 -0.000000 -0.999333 0.000000 0.000000 0.000000 2000.000000 0.999970
1 0 12.000000 -0.000000 -0.000000 -0.349609 0.000000 -0.000000 0.217828 -0.000000 0.000000 0.361198 0.000000 2500.000000 0.547850
1 2 10.000000 -0.000000 -0.000000 0.194258 -0.000000 0.000000 0.980700 -0.000000 0.000000 -0.020750 0.000000 2000.000000 0.999970
1 0 4.000000 0.445954 0.000000 0.000000 0.000000 0.445954 0.000000 0.000000 0.000000 0.315337 7.000000 800.000000 0.546180
1 1 10.000000 -0.000000 0.000000 -0.476388 -0.000000 -0.000000 -0.222312 -0.000000 0.000000 0.568848 0.000000 2000.000000 0.774569
1 0 7.000000 -0.000000 0.000000 -0.544819 -0.000000 -0.000000 -0.043591 -0.000000 0.000000 0.032510 0.000000 2000.000000 0.547526
1 0 7.000000 0.196724 -0.427786 -0.000000 -0.246260 -0.341737 0.000000 -0.447706 0.000000 -0.000000 0.000000 2000.000000 0.547526
1 2 10.000000 0.000000 -0.000000 -0.183716 0.000000 0.000000 -0.880244 0.000000 0.000000 0.437446 0.000000 3500.000000 0.999970
1 0 10.000000 -0.000000 0.000000 -0.066419 -0.000000 -0.000000 -0.022217 -0.000000 0.000000 0.543420 0.000000 3500.000000 0.547915
0 0 4.000000 0.000000 0.000000 0.000000 0.000000 0.000000 0.000000 0.000000 0.000000 0.000000 4.000000 1500.000000 0.000000
1 0 14.000000 0.000000 0.000000 0.000000 0.000000 0.000000 0.000000 0.000000 0.000000 0.000000 0.000000 3500.000000 0.000000
1 2 14.000000 -0.000000 -0.000000 -0.029671 0.000000 -0.000000 0.014503 -0.000000 0.000000 0.999354 0.000000 3500.000000 0.999900
1 1 10.000000 0.178459 0.089577 -0.000000 0.020778 -0.769372 -0.000000 -0.753444 0.000000 -0.000000 0.000000 2000.000000 0.774569
1 2 7.000000 -0.000000 -0.000000 0.557400 -0.000000 0.000000 0.811436 -0.000000 0.000000 -0.171462 0.000000 2000.000000 0.999261
1 2 14.000000 0.000000 -0.000000 -0.513164 0.000000 0.000000 -0.315047 0.000000 0.000000 0.798253 0.000000 3500.000000 0.999900
1 0 4.000000 0.000000 0.000000 0.000000 0.000000 0.000000 0.000000 0.000000 0.000000 0.000000 0.000000 3500.000000 0.000000
1 0 10.000000 0.000000 0.000000 0.197809 -0.000000 0.000000 -0.341494 -0.000000 0.000000 0.380085 0.000000 2000.000000 0.547915
1 0 14.000000 -0.185925 -0.413168 0.000000 0.213498 -0.359807 -0.000000 0.469062 0.000000 0.000000 0.000000 3500.000000 0.547877
1 0 4.000000 0.000000 0.000000 0.000000 0.000000 0.000000 0.000000 0.000000 0.000000 0.000000 0.000000 2000.000000 0.000000
1 0 7.000000 0.341568 0.427393 0.000000 -0.426568 0.342229 -0.000000 -0.034002 0.000000 0.000000 8.000000 1500.000000 0.547526
1 0 12.000000 0.452214 0.306808 0.000000 -0.305681 0.453882 -0.000000 -0.046916 0.000000 0.000000 0.000000 2500.000000 0.547850
1 2 7.000000 -0.000000 0.000000 -0.291027 -0.000000 -0.000000 -0.953563 -0.000000 0.000000 0.067411 0.000000 2000.000000 0.999261
1 2 7.000000 0.000000 0.000000 0.509980 -0.000000 0.000000 -0.638394 -0.000000 0.000000 0.575235 0.000000 2000.000000 0.999261
1 0 7.000000 0.000000 0.000000 -0.217181 0.000000 -0.000000 -0.262051 -0.000000 0.000000 -0.428890 0.000000 2000.000000 0.547526
1 0 7.000000 0.447053 0.000000 0.000000 0.000000 0.447053 0.000000 0.000000 0.000000 0.316115 8.000000 1500.000000 0.547526
1 0 7.000000 0.000000 0.000000 0.021253 -0.000000 0.000000 -0.026541 -0.000000 0.000000 0.546470 8.000000 3000.000000 0.547526
1 0 14.000000 -0.000000 0.000000 0.204424 -0.000000 -0.000000 0.132135 0.000000 0.000000 0.490836 0.000000 3500.000000 0.547877
1 2 14.000000 -0.752319 0.542794 0.000000 -0.486283 -0.839747 0.000000 0.444235 0.000000 0.000000 0.000000 3500.000000 0.999900
1 2 7.000000 -0.000000 0.000000 -0.121131 -0.000000 -0.000000 -0.040518 -0.000000 0.000000 0.991064 8.000000 1500.000000 0.999261
1 1 10.000000 -0.180056 -0.539416 -0.000000 0.174727 -0.555867 0.000000 -0.732808 0.000000 0.000000 0.000000 2000.000000 0.774569
1 0 4.000000 0.445954 0.000000 0.000000 0.000000 0.445954 0.000000 0.000000 0.000000 0.315337 0.000000 2000.000000 0.546180
1 0 7.000000 -0.124642 0.518115 0.000000 -0.364775 -0.177038 0.000000 0.388830 0.000000 0.000000 8.000000 1500.000000 0.547526
1 0 10.000000 -0.127368 -0.381572 -0.000000 0.123599 -0.393209 0.000000 -0.518374 0.000000 0.000000 0.000000 2000.000000 0.547915
1 0 10.000000 0.126238 0.063365 -0.000000 0.014698 -0.544239 -0.000000 -0.532971 0.000000 -0.000000 0.000000 2000.000000 0.547915
1 1 10.000000 -0.143971 0.598460 0.102687 -0.421342 -0.204492 0.300521 0.449127 0.000000 0.314846 0.000000 2000.000000 0.774569
1 1 10.000000 -0.012257 0.260220 0.000000 0.004372 0.729549 -0.000000 -0.774460 0.000000 -0.000000 0.000000 2000.000000 0.774569
1 0 4.000000 0.000000 0.000000 0.000000 0.000000 0.000000 0.000000 0.000000 0.000000 0.000000 7.000000 800.000000 0.000000
1 0 4.000000 0.279817 0.000000 0.000000 0.000000 0.279817 0.000000 0.000000 0.000000 0.197860 7.000000 800.000000 0.342704
1 2 10.000000 0.230391 0.115644 -0.000000 0.026824 -0.993260 -0.000000 -0.972697 0.000000 -0.000000 0.000000 2000.000000 0.999970
1 2 10.000000 -0.000000 -0.000000 -0.678934 0.000000 -0.000000 0.658841 -0.000000 0.000000 0.323910 0.000000 2000.000000 0.999970
1 0 4.000000 0.000000 0.000000 0.000000 0.000000 0.000000 0.000000 0.000000 0.000000 0.000000 7.000000 3500.000000 0.000000
1 2 10.000000 0.000000 -0.000000 0.815694 0.000000 0.000000 0.443590 -0.000000 0.000000 0.371230 0.000000 2000.000000 0.999970
1 0 14.000000 -0.007066 -0.547831 0.000000 0.546731 -0.007080 -0.000000 0.034701 0.000000 0.000000 0.000000 3500.000000 0.547877
0 0 4.000000 0.000000 0.000000 0.000000 0.000000 0.000000 0.000000 0.000000 0.000000 0.000000 0.000000 800.000000 0.000000
1 2 7.000000 -0.227478 0.945583 0.000000 -0.665731 -0.323103 0.000000 0.709632 0.000000 0.000000 8.000000 3000.000000 0.999261
1 2 12.000000 0.000000 0.000000 0.070937 -0.000000 0.000000 -0.047951 -0.000000 0.000000 0.996179 0.000000 2500.000000 0.999852
1 2 7.000000 0.815893 0.000000 0.000000 0.000000 0.815893 0.000000 0.000000 0.000000 0.576924 0.000000 2000.000000 0.999261
1 2 7.000000 -0.270719 0.458436 0.000000 0.139777 0.887896 -0.000000 -0.951681 0.000000 -0.000000 0.000000 2000.000000 0.999261
1 0 10.000000 -0.002209 -0.537472 0.000000 -0.011153 0.106463 0.000000 -0.547797 0.000000 -0.000000 0.000000 2000.000000 0.547915
1 1 10.000000 -0.000000 0.000000 0.729446 0.000000 0.000000 -0.260183 -0.000000 0.000000 -0.013013 0.000000 2000.000000 0.774569
1 2 7.000000 0.359031 0.780730 0.000000 -0.449435 0.623685 -0.000000 -0.817084 0.000000 0.000000 0.000000 2000.000000 0.999261
1 0 10.000000 -0.124731 0.518482 0.000000 -0.365034 -0.177164 0.000000 0.389106 0.000000 0.000000 0.000000 3500.000000 0.547915
1 1 10.000000 -0.594848 0.200623 -0.054210 -0.198977 -0.599768 -0.018133 -0.080839 0.000000 0.443529 0.000000 2000.000000 0.774569
1 2 14.000000 -0.897838 -0.439096 -0.000000 0.438857 -0.898329 0.000000 -0.033026 0.000000 0.000000 0.000000 3500.000000 0.999900
1 0 14.000000 -0.000000 -0.000000 0.308047 0.000000 -0.000000 -0.353732 0.000000 0.000000 0.283107 0.000000 3500.000000 0.547877
1 0 10.000000 0.000000 0.000000 -0.529395 0.000000 -0.000000 -0.061637 -0.000000 0.000000 -0.127091 0.000000 2000.000000 0.547915
1 0 10.000000 0.190510 0.474119 0.000000 -0.328893 0.274631 -0.000000 -0.394647 0.000000 0.000000 0.000000 2000.000000 0.547915
1 1 10.000000 0.269317 0.670246 0.000000 -0.464945 0.388237 -0.000000 -0.557899 0.000000 0.000000 0.000000 2000.000000 0.774569
1 0 4.000000 0.279817 0.000000 0.000000 0.000000 0.279817 0.000000 0.000000 0.000000 0.197860 0.000000 2000.000000 0.342704
1 0 10.000000 -0.364642 0.231703 -0.000000 -0.170164 -0.496512 -0.000000 -0.371875 0.000000 0.000000 0.000000 2000.000000 0.547915
1 0 14.000000 -0.121804 -0.500406 -0.000000 0.273231 -0.223076 0.000000 -0.458996 0.000000 0.000000 0.000000 3500.000000 0.547877
0 0 4.000000 0.000000 0.000000 0.000000 0.000000 0.000000 0.000000 0.000000 0.000000 0.000000 4.000000 3000.000000 0.000000
1 0 14.000000 -0.491954 -0.240595 -0.000000 0.240463 -0.492222 0.000000 -0.018096 0.000000 0.000000 0.000000 3500.000000 0.547877
1 2 7.000000 -0.059142 0.079696 -0.000000 -0.004732 -0.996078 -0.000000 -0.997498 0.000000 0.000000 0.000000 2000.000000 0.999261
1 0 14.000000 0.372747 -0.286648 -0.000000 0.228841 0.466906 -0.000000 0.329940 0.000000 0.000000 0.000000 3500.000000 0.547877
1 0 7.000000 -0.000000 0.000000 -0.159463 -0.000000 -0.000000 -0.522487 -0.000000 0.000000 0.036936 0.000000 2000.000000 0.547526
1 2 7.000000 -0.851472 0.358684 -0.000000 -0.327458 -0.932667 -0.000000 -0.407785 0.000000 0.000000 0.000000 2000.000000 0.999261
1 2 14.000000 -0.000000 0.000000 0.373083 -0.000000 -0.000000 0.241152 0.000000 0.000000 0.895798 0.000000 3500.000000 0.999900
1 2 10.000000 -0.000000 0.000000 0.356028 0.000000 0.000000 -0.800651 -0.000000 0.000000 -0.481812 0.000000 2000.000000 0.999970
1 0 10.000000 -0.000000 0.000000 -0.221430 -0.000000 -0.000000 -0.500797 -0.000000 0.000000 0.019554 0.000000 2000.000000 0.547915
1 0 14.000000 0.000000 -0.000000 -0.281179 0.000000 0.000000 -0.172624 0.000000 0.000000 0.437388 0.000000 3500.000000 0.547877
1 2 10.000000 -0.015824 0.335945 0.000000 0.005644 0.941850 -0.000000 -0.999829 0.000000 -0.000000 0.000000 2000.000000 0.999970
1 0 10.000000 0.447371 0.000000 0.000000 0.000000 0.447371 0.000000 0.000000 0.000000 0.316339 0.000000 3500.000000 0.547915
1 0 7.000000 -0.514988 0.173689 -0.000000 -0.172264 -0.519247 -0.000000 -0.069986 0.000000 0.000000 8.000000 3000.000000 0.547526
1 2 12.000000 0.072965 -0.799155 -0.106056 0.349598 0.166792 -0.508149 0.734116 0.000000 0.252530 0.000000 2500.000000 0.999852
1 1 10.000000 0.000000 -0.000000 -0.279635 -0.000000 -0.000000 0.482758 -0.000000 0.000000 -0.537313 0.000000 2000.000000 0.774569
1 0 10.000000 0.190510 -0.474119 -0.000000 -0.328893 -0.274631 0.000000 -0.394647 0.000000 -0.000000 0.000000 2000.000000 0.547915
1 2 10.000000 0.213793 -0.973353 0.000000 0.908004 0.229180 0.000000 -0.360223 0.000000 0.000000 0.000000 2000.000000 0.999970
1 2 12.000000 0.000000 0.000000 0.732815 -0.000000 0.000000 -0.294942 -0.000000 0.000000 0.612939 0.000000 2500.000000 0.999852
1 0 14.000000 -0.412219 0.297414 0.000000 -0.266449 -0.460124 0.000000 0.243411 0.000000 0.000000 0.000000 3500.000000 0.547877
1 2 7.000000 0.000000 -0.000000 -0.183586 0.000000 0.000000 -0.879620 0.000000 0.000000 0.437136 8.000000 3000.000000 0.999261
1 2 7.000000 0.000000 -0.000000 -0.509980 -0.000000 -0.000000 0.638394 -0.000000 0.000000 -0.575235 0.000000 2000.000000 0.999261
1 0 12.000000 0.000000 -0.000000 -0.221484 0.000000 0.000000 -0.460560 0.000000 0.000000 0.197405 0.000000 2500.000000 0.547850
1 2 10.000000 -0.000000 0.000000 -0.615018 -0.000000 -0.000000 -0.287005 -0.000000 0.000000 0.734384 0.000000 2000.000000 0.999970
1 0 10.000000 -0.000000 0.000000 0.515996 0.000000 0.000000 -0.184049 -0.000000 0.000000 -0.009205 0.000000 2000.000000 0.547915
1 0 7.000000 -0.000000 -0.000000 0.305417 -0.000000 0.000000 0.444611 -0.000000 0.000000 -0.093949 0.000000 2000.000000 0.547526
1 2 10.000000 -0.185867 0.772613 0.132569 -0.543953 -0.263999 0.387973 0.579824 0.000000 0.406467 0.000000 2000.000000 0.999970
1 0 10.000000 0.048971 -0.536358 -0.000000 0.234635 0.111943 -0.000000 0.492706 0.000000 0.000000 0.000000 3500.000000 0.547915
1 2 7.000000 -0.939876 0.316990 -0.000000 -0.314390 -0.947650 -0.000000 -0.127728 0.000000 0.000000 8.000000 1500.000000 0.999261
1 2 7.000000 -0.227478 0.945583 0.000000 -0.665731 -0.323103 0.000000 0.709632 0.000000 0.000000 8.000000 1500.000000 0.999261
1 2 7.000000 0.499478 0.769376 -0.000000 0.602670 -0.637639 -0.000000 -0.621155 0.000000 -0.000000 0.000000 2000.000000 0.999261
1 0 10.000000 0.000000 -0.000000 0.045236 0.000000 0.000000 0.192124 -0.000000 0.000000 0.511129 0.000000 2000.000000 0.547915
1 2 14.000000 -0.000000 -0.000000 -0.341077 0.000000 -0.000000 0.765107 -0.000000 0.000000 0.545965 0.000000 3500.000000 0.999900
1 2 10.000000 -0.767950 0.259005 -0.069985 -0.256880 -0.774302 -0.023410 -0.104364 0.000000 0.572597 0.000000 2000.000000 0.999970
1 0 10.000000 0.000000 -0.000000 -0.100664 0.000000 0.000000 -0.482313 0.000000 0.000000 0.239690 0.000000 3500.000000 0.547915
1 0 10.000000 0.000000 0.000000 -0.144255 0.000000 -0.000000 -0.160071 -0.000000 0.000000 -0.503764 0.000000 2000.000000 0.547915
1 2 7.000000 0.623377 0.780012 0.000000 -0.778507 0.624583 -0.000000 -0.062054 0.000000 0.000000 8.000000 1500.000000 0.999261
1 2 12.000000 0.199195 0.979410 0.000000 -0.969919 0.201144 -0.000000 -0.138856 0.000000 0.000000 0.000000 2500.000000 0.999852
1 0 12.000000 0.000000 -0.000000 0.214938 0.000000 0.000000 0.138850 -0.000000 0.000000 0.484419 0.000000 2500.000000 0.547850
1 2 10.000000 0.347689 0.865288 0.000000 -0.600245 0.501214 -0.000000 -0.720249 0.000000 0.000000 0.000000 2000.000000 0.999970
1 0 10.000000 -0.008670 0.184075 0.000000 0.003093 0.516069 -0.000000 -0.547838 0.000000 -0.000000 0.000000 2000.000000 0.547915
1 2 12.000000 -0.000000 0.000000 -0.247906 -0.000000 -0.000000 -0.039905 -0.000000 0.000000 0.967809 0.000000 2500.000000 0.999852
1 0 10.000000 -0.000000 -0.000000 0.336988 -0.000000 0.000000 0.157259 -0.000000 0.000000 -0.402392 0.000000 2000.000000 0.547915
1 2 12.000000 -0.559490 -0.528737 -0.000000 0.348596 -0.848611 0.000000 -0.751768 0.000000 0.000000 0.000000 2500.000000 0.999852
1 0 12.000000 0.035346 -0.545842 0.000000 0.411671 0.046866 0.000000 -0.359746 0.000000 0.000000 0.000000 2500.000000 0.547850
1 0 7.000000 0.447053 0.000000 0.000000 0.000000 0.447053 0.000000 0.000000 0.000000 0.316115 0.000000 2000.000000 0.547526
1 0 10.000000 -0.000000 0.000000 -0.336988 -0.000000 -0.000000 -0.157259 -0.000000 0.000000 0.402392 0.000000 2000.000000 0.547915
1 0 12.000000 0.000000 0.000000 0.015306 -0.000000 0.000000 -0.074528 -0.000000 0.000000 0.542541 0.000000 2500.000000 0.547850
1 0 10.000000 -0.364642 -0.231703 0.000000 -0.170164 0.496512 0.000000 -0.371875 0.000000 -0.000000 0.000000 2000.000000 0.547915
1 0 7.000000 0.447053 0.000000 0.000000 0.000000 0.447053 0.000000 0.000000 0.000000 0.316115 8.000000 3000.000000 0.547526
1 0 4.000000 0.279817 0.000000 0.000000 0.000000 0.279817 0.000000 0.000000 0.000000 0.197860 20.000000 800.000000 0.342704
1 1 10.000000 -0.003123 -0.759806 0.000000 -0.015767 0.150503 0.000000 -0.774402 0.000000 -0.000000 0.000000 2000.000000 0.774569
1 2 7.000000 -0.000000 0.000000 0.229454 -0.000000 -0.000000 0.671513 0.000000 0.000000 0.703523 8.000000 3000.000000 0.999261
1 2 10.000000 0.326125 -0.477730 0.000000 0.177353 0.878472 0.000000 -0.928509 0.000000 0.000000 0.000000 2000.000000 0.999970
1 2 12.000000 0.000000 0.000000 0.027934 -0.000000 0.000000 -0.136017 -0.000000 0.000000 0.990163 0.000000 2500.000000 0.999852
1 1 10.000000 -0.000000 -0.000000 0.476388 -0.000000 0.000000 0.222312 -0.000000 0.000000 -0.568848 0.000000 2000.000000 0.774569
1 2 7.000000 0.000000 -0.000000 0.612352 0.000000 0.000000 0.362283 -0.000000 0.000000 0.701640 0.000000 2000.000000 0.999261
1 2 12.000000 0.568612 0.373316 0.000000 -0.228854 0.927544 -0.000000 -0.789943 0.000000 0.000000 0.000000 2500.000000 0.999852
1 0 7.000000 -0.000000 0.000000 -0.066372 -0.000000 -0.000000 -0.022201 -0.000000 0.000000 0.543035 8.000000 3000.000000 0.547526
1 2 7.000000 -0.939876 0.316990 -0.000000 -0.314390 -0.947650 -0.000000 -0.127728 0.000000 0.000000 8.000000 3000.000000 0.999261
1 2 10.000000 -0.004032 -0.980912 0.000000 -0.020355 0.194300 0.000000 -0.999755 0.000000 -0.000000 0.000000 2000.000000 0.999970
1 0 10.000000 -0.000000 0.000000 0.195079 0.000000 0.000000 -0.438702 -0.000000 0.000000 -0.264000 0.000000 2000.000000 0.547915
1 0 10.000000 0.178694 -0.261763 0.000000 0.097177 0.481343 0.000000 -0.508759 0.000000 0.000000 0.000000 2000.000000 0.547915
1 0 12.000000 0.000000 0.000000 0.000000 0.000000 0.000000 0.000000 0.000000 0.000000 0.000000 0.000000 2500.000000 0.000000
1 0 10.000000 -0.101842 0.423339 0.072639 -0.298049 -0.144654 0.212583 0.317704 0.000000 0.222716 0.000000 2000.000000 0.547915
1 0 7.000000 0.000000 -0.000000 -0.100592 0.000000 0.000000 -0.481971 0.000000 0.000000 0.239520 8.000000 3000.000000 0.547526
1 0 14.000000 0.447339 0.000000 0.000000 0.000000 0.447339 0.000000 0.000000 0.000000 0.316317 0.000000 3500.000000 0.547877
1 0 4.000000 0.445954 0.000000 0.000000 0.000000 0.445954 0.000000 0.000000 0.000000 0.315337 20.000000 2000.000000 0.546180
1 2 12.000000 0.000000 -0.000000 0.392273 0.000000 0.000000 0.253407 -0.000000 0.000000 0.884087 0.000000 2500.000000 0.999852
1 0 12.000000 0.000000 0.000000 0.401533 -0.000000 0.000000 -0.161608 -0.000000 0.000000 0.335848 0.000000 2500.000000 0.547850
1 2 10.000000 -0.227640 0.946254 0.000000 -0.666203 -0.323332 0.000000 0.710136 0.000000 0.000000 0.000000 3500.000000 0.999970
1 0 7.000000 0.330880 -0.278793 0.000000 0.195757 0.471232 0.000000 -0.389850 0.000000 0.000000 0.000000 2000.000000 0.547526
1 2 10.000000 0.000000 0.000000 0.361010 -0.000000 0.000000 -0.623242 -0.000000 0.000000 0.693673 0.000000 2000.000000 0.999970
1 0 7.000000 -0.000000 0.000000 0.125725 -0.000000 -0.000000 0.367943 0.000000 0.000000 0.385482 8.000000 1500.000000 0.547526
1 0 7.000000 -0.000000 -0.000000 0.208548 -0.000000 0.000000 0.080203 -0.000000 0.000000 -0.499860 0.000000 2000.000000 0.547526
1 0 12.000000 0.279054 0.349171 0.012277 -0.348497 0.279594 -0.015333 -0.027779 0.000000 0.315691 0.000000 2500.000000 0.547850
1 2 10.000000 0.509347 0.637329 0.022409 -0.636099 0.510332 -0.027986 -0.050703 0.000000 0.576219 0.000000 2000.000000 0.999970
1 1 10.000000 0.000000 0.000000 -0.203929 0.000000 -0.000000 -0.226287 -0.000000 0.000000 -0.712155 0.000000 2000.000000 0.774569
1 1 10.000000 0.000000 0.000000 -0.748388 0.000000 -0.000000 -0.087134 -0.000000 0.000000 -0.179665 0.000000 2000.000000 0.774569
1 2 12.000000 0.742613 -0.542542 0.000000 0.479725 0.839852 0.000000 -0.467004 0.000000 0.000000 0.000000 2500.000000 0.999852
1 2 10.000000 -0.000000 0.000000 -0.404120 -0.000000 -0.000000 -0.913977 -0.000000 0.000000 0.035686 0.000000 2000.000000 0.999970
0 0 4.000000 0.000000 0.000000 0.000000 0.000000 0.000000 0.000000 0.000000 0.000000 0.000000 0.000000 1500.000000 0.000000
1 0 10.000000 -0.107267 0.500649 0.000000 0.241226 0.222625 -0.000000 -0.480120 0.000000 -0.000000 0.000000 2000.000000 0.547915
1 0 7.000000 0.000000 0.000000 0.000000 0.000000 0.000000 0.000000 0.000000 0.000000 0.000000 0.000000 2000.000000 0.000000
1 2 7.000000 0.623377 0.780012 0.000000 -0.778507 0.624583 -0.000000 -0.062054 0.000000 0.000000 8.000000 3000.000000 0.999261
0 0 4.000000 0.000000 0.000000 0.000000 0.000000 0.000000 0.000000 0.000000 0.000000 0.000000 4.000000 800.000000 0.000000
1 2 7.000000 0.359031 -0.780730 -0.000000 -0.449435 -0.623685 0.000000 -0.817084 0.000000 -0.000000 0.000000 2000.000000 0.999261
1 2 12.000000 0.000000 -0.000000 -0.183772 0.000000 0.000000 -0.293763 0.000000 0.000000 0.937889 0.000000 2500.000000 0.999852
1 0 10.000000 0.337248 0.407020 -0.000000 0.374223 -0.366804 -0.000000 -0.215481 0.000000 -0.000000 0.000000 2000.000000 0.547915
1 0 12.000000 -0.000000 0.000000 -0.135835 -0.000000 -0.000000 -0.021865 -0.000000 0.000000 0.530293 0.000000 2500.000000 0.547850
1 0 7.000000 -0.000000 0.000000 -0.208548 -0.000000 -0.000000 -0.080203 -0.000000 0.000000 0.499860 0.000000 2000.000000 0.547526
1 0 7.000000 -0.104226 -0.496237 -0.000000 0.223536 -0.231375 0.000000 -0.488829 0.000000 0.000000 0.000000 2000.000000 0.547526
1 2 7.000000 -0.851472 -0.358684 0.000000 -0.327458 0.932667 0.000000 -0.407785 0.000000 -0.000000 0.000000 2000.000000 0.999261
1 2 7.000000 0.089310 -0.978183 -0.000000 0.427915 0.204157 -0.000000 0.898574 0.000000 0.000000 8.000000 1500.000000 0.999261
1 2 10.000000 -0.000000 0.000000 0.229617 -0.000000 -0.000000 0.671989 0.000000 0.000000 0.704022 0.000000 3500.000000 0.999970
1 2 12.000000 -0.767859 0.258974 -0.069976 -0.256850 -0.774210 -0.023407 -0.104351 0.000000 0.572529 0.000000 2500.000000 0.999852
1 2 7.000000 0.000000 0.000000 -0.396366 0.000000 -0.000000 -0.478255 -0.000000 0.000000 -0.782744 0.000000 2000.000000 0.999261
1 1 10.000000 0.165603 -0.753952 0.000000 0.703333 0.177521 0.000000 -0.279026 0.000000 0.000000 0.000000 2000.000000 0.774569
1 0 12.000000 0.000000 0.000000 0.038869 -0.000000 0.000000 -0.026274 -0.000000 0.000000 0.545838 0.000000 2500.000000 0.547850
1 0 4.000000 0.279817 0.000000 0.000000 0.000000 0.279817 0.000000 0.000000 0.000000 0.197860 20.000000 2000.000000 0.342704
1 2 10.000000 0.816472 0.000000 0.000000 0.000000 0.816472 0.000000 0.000000 0.000000 0.577333 0.000000 3500.000000 0.999970
1 1 10.000000 -0.000000 0.000000 0.275776 0.000000 0.000000 -0.620178 -0.000000 0.000000 -0.373208 0.000000 2000.000000 0.774569
1 0 10.000000 0.279087 0.349213 0.012279 -0.348539 0.279627 -0.015334 -0.027782 0.000000 0.315728 0.000000 2000.000000 0.547915
1 0 10.000000 -0.000000 -0.000000 -0.372009 0.000000 -0.000000 0.361000 -0.000000 0.000000 0.177480 0.000000 2000.000000 0.547915
1 0 10.000000 0.341810 0.427696 0.000000 -0.426871 0.342471 -0.000000 -0.034026 0.000000 0.000000 0.000000 3500.000000 0.547915
1 0 14.000000 -0.000000 -0.000000 -0.016258 0.000000 -0.000000 0.007947 -0.000000 0.000000 0.547578 0.000000 3500.000000 0.547877
1 0 10.000000 0.039984 -0.437934 -0.058118 0.191578 0.091401 -0.278464 0.402293 0.000000 0.138385 0.000000 2000.000000 0.547915
1 2 7.000000 0.815893 0.000000 0.000000 0.000000 0.815893 0.000000 0.000000 0.000000 0.576924 8.000000 3000.000000 0.999261
1 0 7.000000 0.000000 0.000000 0.279434 -0.000000 0.000000 -0.349796 -0.000000 0.000000 0.315189 0.000000 2000.000000 0.547526
1 1 10.000000 -0.000000 -0.000000 -0.525897 0.000000 -0.000000 0.510333 -0.000000 0.000000 0.250898 0.000000 2000.000000 0.774569
1 0 4.000000 0.445954 0.000000 0.000000 0.000000 0.445954 0.000000 0.000000 0.000000 0.315337 7.000000 2000.000000 0.546180
1 2 10.000000 0.072973 -0.799250 -0.106069 0.349639 0.166812 -0.508209 0.734203 0.000000 0.252560 0.000000 2000.000000 0.999970
1 0 4.000000 0.445954 0.000000 0.000000 0.000000 0.445954 0.000000 0.000000 0.000000 0.315337 7.000000 3500.000000 0.546180
1 2 10.000000 0.615493 0.742830 -0.000000 0.682973 -0.669435 -0.000000 -0.393264 0.000000 -0.000000 0.000000 2000.000000 0.999970
1 0 7.000000 0.000000 -0.000000 -0.100592 0.000000 0.000000 -0.481971 0.000000 0.000000 0.239520 8.000000 1500.000000 0.547526
1 1 10.000000 0.000000 -0.000000 0.631830 0.000000 0.000000 0.343601 -0.000000 0.000000 0.287552 0.000000 2000.000000 0.774569
1 0 10.000000 0.000000 0.000000 0.000000 0.000000 0.000000 0.000000 0.000000 0.000000 0.000000 0.000000 3500.000000 0.000000
1 0 4.000000 0.279817 0.000000 0.000000 0.000000 0.279817 0.000000 0.000000 0.000000 0.197860 7.000000 2000.000000 0.342704
1 0 7.000000 0.341568 0.427393 0.000000 -0.426568 0.342229 -0.000000 -0.034002 0.000000 0.000000 8.000000 3000.000000 0.547526
1 0 7.000000 -0.466548 0.196534 -0.000000 -0.179425 -0.511038 -0.000000 -0.223438 0.000000 0.000000 0.000000 2000.000000 0.547526
1 0 7.000000 -0.000000 -0.000000 -0.206571 0.000000 -0.000000 0.443037 -0.000000 0.000000 0.246641 0.000000 2000.000000 0.547526
1 0 12.000000 0.000000 -0.000000 0.030775 0.000000 0.000000 0.358428 -0.000000 0.000000 0.413186 0.000000 2500.000000 0.547850
1 2 12.000000 0.497411 -0.847652 -0.000000 0.795121 0.530273 -0.000000 0.346509 0.000000 0.000000 0.000000 2500.000000 0.999852
1 2 10.000000 -0.000000 0.000000 0.941717 0.000000 0.000000 -0.335897 -0.000000 0.000000 -0.016800 0.000000 2000.000000 0.999970
1 0 7.000000 0.048936 -0.535977 -0.000000 0.234468 0.111864 -0.000000 0.492357 0.000000 0.000000 8.000000 3000.000000 0.547526
1 2 10.000000 -0.940543 0.317215 -0.000000 -0.314613 -0.948322 -0.000000 -0.127819 0.000000 0.000000 0.000000 3500.000000 0.999970
1 0 7.000000 -0.000000 0.000000 0.463341 0.000000 0.000000 -0.239231 -0.000000 0.000000 -0.166940 0.000000 2000.000000 0.547526
1 0 14.000000 -0.000000 -0.000000 0.000448 0.000000 -0.000000 -0.034698 0.000000 0.000000 0.546776 0.000000 3500.000000 0.547877
1 0 7.000000 0.048936 -0.535977 -0.000000 0.234468 0.111864 -0.000000 0.492357 0.000000 0.000000 8.000000 1500.000000 0.547526
1 0 4.000000 0.279817 0.000000 0.000000 0.000000 0.279817 0.000000 0.000000 0.000000 0.197860 7.000000 3500.000000 0.342704
1 0 7.000000 0.000000 0.000000 0.000000 0.000000 0.000000 0.000000 0.000000 0.000000 0.000000 8.000000 3000.000000 0.000000
1 2 7.000000 0.000000 0.000000 0.038787 -0.000000 0.000000 -0.048439 -0.000000 0.000000 0.997332 8.000000 1500.000000 0.999261
1 0 7.000000 0.273679 0.421565 -0.000000 0.330222 -0.349382 -0.000000 -0.340350 0.000000 -0.000000 0.000000 2000.000000 0.547526
1 2 10.000000 0.347689 -0.865288 -0.000000 -0.600245 -0.501214 0.000000 -0.720249 0.000000 -0.000000 0.000000 2000.000000 0.999970
1 2 10.000000 0.000000 0.000000 -0.966171 0.000000 -0.000000 -0.112490 -0.000000 0.000000 -0.231947 0.000000 2000.000000 0.999970
1 2 10.000000 0.000000 0.000000 -0.263272 0.000000 -0.000000 -0.292137 -0.000000 0.000000 -0.919393 0.000000 2000.000000 0.999970
1 0 10.000000 -0.420784 0.141917 -0.038347 -0.140753 -0.424264 -0.012827 -0.057184 0.000000 0.313744 0.000000 2000.000000 0.547915
1 2 10.000000 0.000000 -0.000000 -0.361010 -0.000000 -0.000000 0.623242 -0.000000 0.000000 -0.693673 0.000000 2000.000000 0.999970
1 2 7.000000 -0.097083 -0.823652 0.000000 -0.141329 0.565792 0.000000 -0.984441 0.000000 -0.000000 0.000000 2000.000000 0.999261
1 1 10.000000 -0.515482 0.327551 -0.000000 -0.240555 -0.701903 -0.000000 -0.525708 0.000000 0.000000 0.000000 2000.000000 0.774569
1 0 12.000000 0.406901 -0.297276 0.000000 0.262857 0.460181 0.000000 -0.255886 0.000000 0.000000 0.000000 2500.000000 0.547850
1 2 14.000000 -0.222298 -0.913263 -0.000000 0.498660 -0.407124 0.000000 -0.837688 0.000000 0.000000 0.000000 3500.000000 0.999900
1 2 10.000000 -0.000000 0.000000 -0.121217 -0.000000 -0.000000 -0.040547 -0.000000 0.000000 0.991767 0.000000 3500.000000 0.999970
1 1 10.000000 0.394536 0.493670 0.017358 -0.492717 0.395299 -0.021678 -0.039274 0.000000 0.446334 0.000000 2000.000000 0.774569
1 0 10.000000 0.000000 -0.000000 0.446944 0.000000 0.000000 0.243057 -0.000000 0.000000 0.203408 0.000000 2000.000000 0.547915
1 0 7.000000 -0.514988 0.173689 -0.000000 -0.172264 -0.519247 -0.000000 -0.069986 0.000000 0.000000 8.000000 1500.000000 0.547526
1 2 12.000000 0.000000 -0.000000 -0.404218 0.000000 0.000000 -0.840544 0.000000 0.000000 0.360273 0.000000 2500.000000 0.999852
1 0 12.000000 0.085554 -0.493726 -0.000000 0.177903 0.237433 -0.000000 0.511049 0.000000 0.000000 0.000000 2500.000000 0.547850
1 0 7.000000 -0.148335 0.251192 0.000000 0.076588 0.486506 -0.000000 -0.521456 0.000000 -0.000000 0.000000 2000.000000 0.547526
1 1 10.000000 -0.151639 0.707750 0.000000 0.341013 0.314717 -0.000000 -0.678729 0.000000 -0.000000 0.000000 2000.000000 0.774569
1 2 10.000000 0.000000 0.000000 0.038814 -0.000000 0.000000 -0.048473 -0.000000 0.000000 0.998040 0.000000 3500.000000 0.999970
1 2 12.000000 0.064508 -0.996187 0.000000 0.751319 0.085533 0.000000 -0.656553 0.000000 0.000000 0.000000 2500.000000 0.999852
1 0 7.000000 0.196724 0.427786 0.000000 -0.246260 0.341737 -0.000000 -0.447706 0.000000 0.000000 0.000000 2000.000000 0.547526
1 2 14.000000 0.816415 0.000000 0.000000 0.000000 0.816415 0.000000 0.000000 0.000000 0.577292 0.000000 3500.000000 0.999900
1 2 7.000000 0.603871 -0.508810 0.000000 0.357266 0.860020 0.000000 -0.711494 0.000000 0.000000 0.000000 2000.000000 0.999261
1 0 4.000000 0.445954 0.000000 0.000000 0.000000 0.445954 0.000000 0.000000 0.000000 0.315337 20.000000 800.000000 0.546180
1 2 7.000000 -0.000000 -0.000000 -0.377001 0.000000 -0.000000 0.808564 -0.000000 0.000000 0.450130 0.000000 2000.000000 0.999261
1 2 7.000000 -0.000000 0.000000 0.845618 0.000000 0.000000 -0.436608 -0.000000 0.000000 -0.304674 0.000000 2000.000000 0.999261
1 0 7.000000 -0.000000 0.000000 0.125725 -0.000000 -0.000000 0.367943 0.000000 0.000000 0.385482 8.000000 3000.000000 0.547526
1 0 4.000000 0.000000 0.000000 0.000000 0.000000 0.000000 0.000000 0.000000 0.000000 0.000000 20.000000 2000.000000 0.000000
1 1 10.000000 0.056525 -0.619093 -0.082160 0.270828 0.129211 -0.393655 0.568708 0.000000 0.195631 0.000000 2000.000000 0.774569
1 0 10.000000 -0.000000 -0.000000 0.106440 -0.000000 0.000000 0.537357 -0.000000 0.000000 -0.011370 0.000000 2000.000000 0.547915
1 2 10.000000 0.000000 -0.000000 0.082558 0.000000 0.000000 0.350635 -0.000000 0.000000 0.932834 0.000000 2000.000000 0.999970
1 0 4.000000 0.279817 0.000000 0.000000 0.000000 0.279817 0.000000 0.000000 0.000000 0.197860 20.000000 3500.000000 0.342704
1 2 7.000000 0.000000 0.000000 0.038787 -0.000000 0.000000 -0.048439 -0.000000 0.000000 0.997332 8.000000 3000.000000 0.999261
1 0 10.000000 0.000000 0.000000 0.000000 0.000000 0.000000 0.000000 0.000000 0.000000 0.000000 0.000000 2000.000000 0.000000
1 1 10.000000 0.000000 0.000000 0.279635 -0.000000 0.000000 -0.482758 -0.000000 0.000000 0.537313 0.000000 2000.000000 0.774569
1 2 7.000000 -0.000000 0.000000 -0.994320 -0.000000 -0.000000 -0.079555 -0.000000 0.000000 0.059331 0.000000 2000.000000 0.999261
1 0 7.000000 0.000000 -0.000000 -0.279434 -0.000000 -0.000000 0.349796 -0.000000 0.000000 -0.315189 0.000000 2000.000000 0.547526
1 2 12.000000 -0.955509 0.158900 -0.000000 -0.153807 -0.987145 -0.000000 -0.251097 0.000000 0.000000 0.000000 2500.000000 0.999852
1 0 7.000000 0.000000 -0.000000 0.335527 0.000000 0.000000 0.198506 -0.000000 0.000000 0.384451 0.000000 2000.000000 0.547526
1 2 12.000000 0.156139 -0.901072 -0.000000 0.324681 0.433326 -0.000000 0.932688 0.000000 0.000000 0.000000 2500.000000 0.999852
1 0 7.000000 0.000000 0.000000 0.000000 0.000000 0.000000 0.000000 0.000000 0.000000 0.000000 8.000000 1500.000000 0.000000
1 0 4.000000 0.279817 0.000000 0.000000 0.000000 0.279817 0.000000 0.000000 0.000000 0.197860 0.000000 800.000000 0.342704
1 1 10.000000 -0.000000 -0.000000 0.150471 -0.000000 0.000000 0.759643 -0.000000 0.000000 -0.016073 0.000000 2000.000000 0.774569
1 0 7.000000 -0.466548 -0.196534 0.000000 -0.179425 0.511038 0.000000 -0.223438 0.000000 -0.000000 0.000000 2000.000000 0.547526
1 2 7.000000 -0.190217 -0.905654 -0.000000 0.407964 -0.422271 0.000000 -0.892135 0.000000 0.000000 0.000000 2000.000000 0.999261
1 0 7.000000 -0.053195 -0.451305 0.000000 -0.077439 0.310015 0.000000 -0.539406 0.000000 -0.000000 0.000000 2000.000000 0.547526
1 2 12.000000 -0.000000 -0.000000 -0.638053 0.000000 -0.000000 0.397546 -0.000000 0.000000 0.659203 0.000000 2500.000000 0.999852
1 2 7.000000 -0.000000 0.000000 -0.121131 -0.000000 -0.000000 -0.040518 -0.000000 0.000000 0.991064 8.000000 3000.000000 0.999261
1 0 12.000000 0.000000 -0.000000 -0.100694 0.000000 0.000000 -0.160962 0.000000 0.000000 0.513899 0.000000 2500.000000 0.547850
1 2 7.000000 -0.000000 0.000000 0.229454 -0.000000 -0.000000 0.671513 0.000000 0.000000 0.703523 8.000000 1500.000000 0.999261
1 0 10.000000 -0.515353 0.173812 -0.000000 -0.172386 -0.519615 -0.000000 -0.070036 0.000000 0.000000 0.000000 3500.000000 0.547915
1 1 10.000000 0.476756 0.575390 -0.000000 0.529026 -0.518539 -0.000000 -0.304619 0.000000 -0.000000 0.000000 2000.000000 0.774569
1 1 10.000000 -0.000000 0.000000 -0.313028 -0.000000 -0.000000 -0.707959 -0.000000 0.000000 0.027642 0.000000 2000.000000 0.774569
1 0 7.000000 -0.010782 0.523680 -0.000000 -0.035328 -0.159827 -0.000000 -0.546279 0.000000 0.000000 0.000000 2000.000000 0.547526
1 2 10.000000 -0.195766 0.913707 0.000000 0.440248 0.406301 -0.000000 -0.876240 0.000000 -0.000000 0.000000 2000.000000 0.999970
0 0 4.000000 0.000000 0.000000 0.000000 0.000000 0.000000 0.000000 0.000000 0.000000 0.000000 2.000000 3000.000000 0.000000
1 0 7.000000 0.000000 0.000000 0.021253 -0.000000 0.000000 -0.026541 -0.000000 0.000000 0.546470 8.000000 1500.000000 0.547526
1 2 7.000000 0.815893 0.000000 0.000000 0.000000 0.815893 0.000000 0.000000 0.000000 0.576924 8.000000 1500.000000 0.999261
1 0 12.000000 0.109145 0.536650 0.000000 -0.531449 0.110213 -0.000000 -0.076084 0.000000 0.000000 0.000000 2500.000000 0.547850
1 2 7.000000 -0.019678 0.955740 -0.000000 -0.064475 -0.291691 -0.000000 -0.996985 0.000000 0.000000 0.000000 2000.000000 0.999261
1 1 10.000000 0.252614 -0.370046 0.000000 0.137376 0.680458 0.000000 -0.719216 0.000000 0.000000 0.000000 2000.000000 0.774569
##END
