##LIST_SIZE=303
##LISTDATA
0 0 4.000000 0.000000 0.000000 0.000000 0.000000 0.000000 0.000000 0.000000 0.000000 0.000000 0.000000 3000.000000 0.000000
1 5 20.000000 -0.000000 -0.000000 -0.638093 0.000000 -0.000000 0.397571 -0.000000 0.000000 0.659243 0.000000 2500.000000 0.999913
1 2 16.000000 -0.087363 0.407754 0.000000 0.196467 0.181317 -0.000000 -0.391034 0.000000 -0.000000 0.000000 2000.000000 0.446250
1 5 16.000000 0.347595 -0.865055 -0.000000 -0.600083 -0.501079 0.000000 -0.720054 0.000000 -0.000000 0.000000 2000.000000 0.999700
1 0 6.000000 0.198592 0.000000 0.000000 0.000000 0.198592 0.000000 0.000000 0.000000 0.140426 0.000000 2000.000000 0.243224
1 5 12.000000 0.499612 0.769582 -0.000000 0.602832 -0.637810 -0.000000 -0.621322 0.000000 -0.000000 0.000000 2000.000000 0.999529
1 0 12.000000 0.087838 -0.191008 -0.000000 -0.109956 -0.152587 0.000000 -0.199903 0.000000 -0.000000 0.000000 2000.000000 0.244473
1 0 12.000000 0.000000 0.000000 0.000000 0.000000 0.000000 0.000000 0.000000 0.000000 0.000000 13.000000 1500.000000 0.000000
1 5 20.000000 0.156149 -0.901128 -0.000000 0.324701 0.433353 -0.000000 0.932745 0.000000 0.000000 0.000000 2500.000000 0.999913
1 0 12.000000 0.152512 0.190833 0.000000 -0.190464 0.152806 -0.000000 -0.015182 0.000000 0.000000 13.000000 1500.000000 0.244473
1 5 16.000000 0.615326 0.742629 -0.000000 0.682789 -0.669254 -0.000000 -0.393157 0.000000 -0.000000 0.000000 2000.000000 0.999700
1 5 16.000000 -0.195713 0.913460 0.000000 0.440129 0.406191 -0.000000 -0.876004 0.000000 -0.000000 0.000000 2000.000000 0.999700
1 0 12.000000 0.199611 0.000000 0.000000 0.000000 0.199611 0.000000 0.000000 0.000000 0.141146 13.000000 3000.000000 0.244473
1 2 16.000000 0.000000 0.000000 -0.117489 0.000000 -0.000000 -0.130370 -0.000000 0.000000 -0.410292 0.000000 2000.000000 0.446250
1 0 12.000000 0.000000 -0.000000 -0.044915 0.000000 0.000000 -0.215202 0.000000 0.000000 0.106947 13.000000 3000.000000 0.244473
1 0 16.000000 0.085018 -0.211582 -0.000000 -0.146773 -0.122558 0.000000 -0.176117 0.000000 -0.000000 0.000000 2000.000000 0.244515
1 5 12.000000 0.359127 0.780940 0.000000 -0.449556 0.623853 -0.000000 -0.817304 0.000000 0.000000 0.000000 2000.000000 0.999529
1 5 12.000000 -0.000000 0.000000 -0.380711 -0.000000 -0.000000 -0.146414 -0.000000 0.000000 0.912513 0.000000 2000.000000 0.999529
1 0 20.000000 0.000000 -0.000000 0.095951 0.000000 0.000000 0.061984 -0.000000 0.000000 0.216250 0.000000 2500.000000 0.244567
1 2 16.000000 0.000000 -0.000000 -0.161106 -0.000000 -0.000000 0.278130 -0.000000 0.000000 -0.309561 0.000000 2000.000000 0.446250
1 0 16.000000 0.150501 0.181638 -0.000000 0.167002 -0.163692 -0.000000 -0.096162 0.000000 -0.000000 0.000000 2000.000000 0.244515
1 0 12.000000 0.199611 0.000000 0.000000 0.000000 0.199611 0.000000 0.000000 0.000000 0.141146 0.000000 2000.000000 0.244473
1 2 16.000000 0.095408 -0.434372 0.000000 0.405209 0.102275 0.000000 -0.160755 0.000000 0.000000 0.000000 2000.000000 0.446250
1 5 16.000000 0.000000 0.000000 -0.263201 0.000000 -0.000000 -0.292058 -0.000000 0.000000 -0.919145 0.000000 2000.000000 0.999700
1 5 24.000000 -0.000000 -0.000000 -0.029671 0.000000 -0.000000 0.014503 -0.000000 0.000000 0.999347 0.000000 3500.000000 0.999893
1 0 24.000000 -0.003154 -0.244541 0.000000 0.244050 -0.003160 -0.000000 0.015490 0.000000 0.000000 0.000000 3500.000000 0.244562
1 2 16.000000 -0.006440 0.408135 -0.000000 -0.014565 -0.180459 -0.000000 -0.445966 0.000000 0.000000 0.000000 2000.000000 0.446250
1 5 12.000000 0.000000 0.000000 0.038797 -0.000000 0.000000 -0.048452 -0.000000 0.000000 0.997600 13.000000 3000.000000 0.999529
1 0 6.000000 0.107701 0.000000 0.000000 0.000000 0.107701 0.000000 0.000000 0.000000 0.076156 0.000000 800.000000 0.131907
1 0 16.000000 -0.000000 0.000000 0.230270 0.000000 0.000000 -0.082134 -0.000000 0.000000 -0.004108 0.000000 2000.000000 0.244515
1 0 16.000000 0.152538 0.190865 0.000000 -0.190497 0.152833 -0.000000 -0.015184 0.000000 0.000000 0.000000 3500.000000 0.244515
1 0 16.000000 -0.000000 0.000000 -0.150385 -0.000000 -0.000000 -0.070179 -0.000000 0.000000 0.179573 0.000000 2000.000000 0.244515
1 0 16.000000 -0.003529 0.223630 -0.000000 -0.007981 -0.098879 -0.000000 -0.244359 0.000000 0.000000 0.000000 2000.000000 0.244515
1 0 20.000000 0.000000 0.000000 0.000000 0.000000 0.000000 0.000000 0.000000 0.000000 0.000000 0.000000 2500.000000 0.000000
1 0 20.000000 -0.000000 -0.000000 -0.156070 0.000000 -0.000000 0.097241 -0.000000 0.000000 0.161243 0.000000 2500.000000 0.244567
1 5 16.000000 0.230329 0.115613 -0.000000 0.026817 -0.992992 -0.000000 -0.972435 0.000000 -0.000000 0.000000 2000.000000 0.999700
1 0 20.000000 0.000000 0.000000 0.017351 -0.000000 0.000000 -0.011729 -0.000000 0.000000 0.243668 0.000000 2500.000000 0.244567
1 0 12.000000 0.000000 0.000000 -0.096972 0.000000 -0.000000 -0.117007 -0.000000 0.000000 -0.191501 0.000000 2000.000000 0.244473
1 0 16.000000 -0.000000 0.000000 0.056146 -0.000000 -0.000000 0.164316 0.000000 0.000000 0.172149 0.000000 3500.000000 0.244515
1 5 16.000000 -0.004031 -0.980646 0.000000 -0.020349 0.194247 0.000000 -0.999484 0.000000 -0.000000 0.000000 2000.000000 0.999700
1 0 16.000000 0.124546 0.155841 0.005480 -0.155540 0.124787 -0.006843 -0.012398 0.000000 0.140898 0.000000 2000.000000 0.244515
1 0 16.000000 -0.000000 -0.000000 0.047500 -0.000000 0.000000 0.239803 -0.000000 0.000000 -0.005074 0.000000 2000.000000 0.244515
1 5 20.000000 -0.767907 0.258990 -0.069981 -0.256866 -0.774258 -0.023409 -0.104358 0.000000 0.572565 0.000000 2500.000000 0.999913
1 0 12.000000 -0.000000 0.000000 0.056137 -0.000000 -0.000000 0.164288 0.000000 0.000000 0.172119 13.000000 1500.000000 0.244473
1 0 20.000000 0.000000 -0.000000 -0.098873 0.000000 0.000000 -0.205600 0.000000 0.000000 0.088124 0.000000 2500.000000 0.244567
1 5 16.000000 -0.232390 -0.696199 -0.000000 0.225512 -0.717431 0.000000 -0.945801 0.000000 0.000000 0.000000 2000.000000 0.999700
1 0 20.000000 -0.233720 0.038867 -0.000000 -0.037622 -0.241459 -0.000000 -0.061419 0.000000 0.000000 0.000000 2500.000000 0.244567
1 0 16.000000 -0.000000 -0.000000 -0.166014 0.000000 -0.000000 0.161101 -0.000000 0.000000 0.079203 0.000000 2000.000000 0.244515
1 0 20.000000 0.124573 0.155874 0.005481 -0.155573 0.124814 -0.006845 -0.012401 0.000000 0.140928 0.000000 2500.000000 0.244567
1 2 16.000000 -0.000000 -0.000000 -0.302984 0.000000 -0.000000 0.294017 -0.000000 0.000000 0.144549 0.000000 2000.000000 0.446250
1 0 12.000000 0.000000 -0.000000 0.149814 0.000000 0.000000 0.088634 -0.000000 0.000000 0.171659 0.000000 2000.000000 0.244473
1 0 6.000000 0.198592 0.000000 0.000000 0.000000 0.198592 0.000000 0.000000 0.000000 0.140426 0.000000 3500.000000 0.243224
1 0 12.000000 -0.229944 0.077553 -0.000000 -0.076917 -0.231846 -0.000000 -0.031249 0.000000 0.000000 13.000000 1500.000000 0.244473
1 0 12.000000 0.021850 -0.239316 -0.000000 0.104691 0.049948 -0.000000 0.219839 0.000000 0.000000 13.000000 1500.000000 0.244473
1 0 20.000000 -0.000000 0.000000 -0.060639 -0.000000 -0.000000 -0.009761 -0.000000 0.000000 0.236729 0.000000 2500.000000 0.244567
1 0 20.000000 0.000000 0.000000 0.006833 -0.000000 0.000000 -0.033270 -0.000000 0.000000 0.242197 0.000000 2500.000000 0.244567
1 2 16.000000 -0.000000 -0.000000 0.086690 -0.000000 0.000000 0.437651 -0.000000 0.000000 -0.009260 0.000000 2000.000000 0.446250
1 5 20.000000 -0.000000 0.000000 -0.247921 -0.000000 -0.000000 -0.039908 -0.000000 0.000000 0.967868 0.000000 2500.000000 0.999913
1 2 16.000000 -0.000000 0.000000 -0.180344 -0.000000 -0.000000 -0.407875 -0.000000 0.000000 0.015926 0.000000 2000.000000 0.446250
1 5 12.000000 -0.851701 -0.358781 0.000000 -0.327546 0.932918 0.000000 -0.407895 0.000000 -0.000000 0.000000 2000.000000 0.999529
1 2 16.000000 0.032565 -0.356676 -0.047335 0.156031 0.074442 -0.226795 0.327648 0.000000 0.112708 0.000000 2000.000000 0.446250
1 5 20.000000 0.000000 0.000000 0.027936 -0.000000 0.000000 -0.136026 -0.000000 0.000000 0.990224 0.000000 2500.000000 0.999913
1 5 20.000000 0.000000 0.000000 0.070942 -0.000000 0.000000 -0.047954 -0.000000 0.000000 0.996240 0.000000 2500.000000 0.999913
1 0 12.000000 -0.000000 0.000000 0.056137 -0.000000 -0.000000 0.164288 0.000000 0.000000 0.172119 13.000000 3000.000000 0.244473
1 5 12.000000 -0.940129 0.317075 -0.000000 -0.314474 -0.947904 -0.000000 -0.127762 0.000000 0.000000 13.000000 1500.000000 0.999529
1 0 16.000000 0.000000 0.000000 0.009491 -0.000000 0.000000 -0.011853 -0.000000 0.000000 0.244043 0.000000 3500.000000 0.244515
1 5 24.000000 0.000000 -0.000000 -0.513161 0.000000 0.000000 -0.315045 0.000000 0.000000 0.798247 0.000000 3500.000000 0.999893
1 5 12.000000 -0.000000 0.000000 0.229515 -0.000000 -0.000000 0.671693 0.000000 0.000000 0.703712 13.000000 1500.000000 0.999529
1 0 24.000000 0.000000 0.000000 0.000000 0.000000 0.000000 0.000000 0.000000 0.000000 0.000000 0.000000 3500.000000 0.000000
1 0 24.000000 -0.000000 -0.000000 -0.083423 0.000000 -0.000000 0.187135 -0.000000 0.000000 0.133536 0.000000 3500.000000 0.244562
1 0 12.000000 0.000000 0.000000 0.124769 -0.000000 0.000000 -0.156185 -0.000000 0.000000 0.140733 0.000000 2000.000000 0.244473
1 0 12.000000 -0.000000 -0.000000 0.136370 -0.000000 0.000000 0.198521 -0.000000 0.000000 -0.041949 0.000000 2000.000000 0.244473
1 5 12.000000 0.604033 -0.508947 0.000000 0.357362 0.860251 0.000000 -0.711685 0.000000 0.000000 0.000000 2000.000000 0.999529
1 5 12.000000 0.000000 0.000000 -0.396472 0.000000 -0.000000 -0.478383 -0.000000 0.000000 -0.782955 0.000000 2000.000000 0.999529
1 2 16.000000 -0.082946 0.344789 0.059161 -0.242746 -0.117813 0.173138 0.258754 0.000000 0.181392 0.000000 2000.000000 0.446250
1 0 24.000000 -0.219599 -0.107397 -0.000000 0.107338 -0.219719 0.000000 -0.008078 0.000000 0.000000 0.000000 3500.000000 0.244562
1 0 20.000000 -0.136853 -0.129331 -0.000000 0.085268 -0.207573 0.000000 -0.183885 0.000000 0.000000 0.000000 2500.000000 0.244567
1 5 12.000000 -0.940129 0.317075 -0.000000 -0.314474 -0.947904 -0.000000 -0.127762 0.000000 0.000000 13.000000 3000.000000 0.999529
1 5 12.000000 0.816112 0.000000 0.000000 0.000000 0.816112 0.000000 0.000000 0.000000 0.577078 13.000000 3000.000000 0.999529
1 0 24.000000 0.199684 0.000000 0.000000 0.000000 0.199684 0.000000 0.000000 0.000000 0.141198 0.000000 3500.000000 0.244562
1 2 16.000000 0.102815 0.051608 -0.000000 0.011971 -0.443256 -0.000000 -0.434080 0.000000 -0.000000 0.000000 2000.000000 0.446250
1 0 12.000000 -0.229944 0.077553 -0.000000 -0.076917 -0.231846 -0.000000 -0.031249 0.000000 0.000000 13.000000 3000.000000 0.244473
1 0 16.000000 -0.055663 0.231380 0.000000 -0.162901 -0.079062 0.000000 0.173644 0.000000 0.000000 0.000000 3500.000000 0.244515
1 0 12.000000 0.000000 0.000000 0.009489 -0.000000 0.000000 -0.011851 -0.000000 0.000000 0.244001 13.000000 3000.000000 0.244473
1 5 16.000000 -0.940289 0.317129 -0.000000 -0.314528 -0.948066 -0.000000 -0.127784 0.000000 0.000000 0.000000 3500.000000 0.999700
1 0 12.000000 -0.000000 0.000000 -0.029635 -0.000000 -0.000000 -0.009913 -0.000000 0.000000 0.242467 13.000000 3000.000000 0.244473
1 5 12.000000 0.000000 0.000000 0.510117 -0.000000 0.000000 -0.638566 -0.000000 0.000000 0.575390 0.000000 2000.000000 0.999529
1 0 6.000000 0.198592 0.000000 0.000000 0.000000 0.198592 0.000000 0.000000 0.000000 0.140426 36.000000 800.000000 0.243224
1 5 24.000000 -0.897832 -0.439093 -0.000000 0.438854 -0.898322 0.000000 -0.033025 0.000000 0.000000 0.000000 3500.000000 0.999893
1 5 16.000000 0.072954 -0.799034 -0.106040 0.349545 0.166767 -0.508072 0.734005 0.000000 0.252491 0.000000 2000.000000 0.999700
1 5 24.000000 0.680275 -0.523143 -0.000000 0.417642 0.852119 -0.000000 0.602152 0.000000 0.000000 0.000000 3500.000000 0.999893
1 0 6.000000 0.000000 0.000000 0.000000 0.000000 0.000000 0.000000 0.000000 0.000000 0.000000 0.000000 800.000000 0.000000
1 5 16.000000 0.089350 -0.978613 -0.000000 0.428103 0.204247 -0.000000 0.898968 0.000000 0.000000 0.000000 3500.000000 0.999700
1 5 16.000000 -0.000000 0.000000 0.355931 0.000000 0.000000 -0.800434 -0.000000 0.000000 -0.481682 0.000000 2000.000000 0.999700
1 0 16.000000 0.000000 -0.000000 -0.044923 0.000000 0.000000 -0.215239 0.000000 0.000000 0.106965 0.000000 3500.000000 0.244515
1 5 16.000000 0.213736 -0.973090 0.000000 0.907759 0.229118 0.000000 -0.360126 0.000000 0.000000 0.000000 2000.000000 0.999700
1 0 6.000000 0.000000 0.000000 0.000000 0.000000 0.000000 0.000000 0.000000 0.000000 0.000000 36.000000 2000.000000 0.000000
1 0 24.000000 -0.184007 0.132760 0.000000 -0.118938 -0.205391 0.000000 0.108654 0.000000 0.000000 0.000000 3500.000000 0.244562
1 5 24.000000 -0.000000 -0.000000 -0.341075 0.000000 -0.000000 0.765101 -0.000000 0.000000 0.545961 0.000000 3500.000000 0.999893
1 5 20.000000 -0.559524 -0.528769 -0.000000 0.348618 -0.848663 0.000000 -0.751814 0.000000 0.000000 0.000000 2500.000000 0.999913
1 0 12.000000 -0.000000 0.000000 -0.029635 -0.000000 -0.000000 -0.009913 -0.000000 0.000000 0.242467 13.000000 1500.000000 0.244473
1 0 20.000000 0.038192 -0.220405 -0.000000 0.079418 0.105993 -0.000000 0.228138 0.000000 0.000000 0.000000 2500.000000 0.244567
1 5 12.000000 0.623545 0.780221 0.000000 -0.778716 0.624751 -0.000000 -0.062071 0.000000 0.000000 13.000000 1500.000000 0.999529
1 5 12.000000 0.000000 -0.000000 -0.510117 -0.000000 -0.000000 0.638566 -0.000000 0.000000 -0.575390 0.000000 2000.000000 0.999529
1 0 16.000000 0.000000 -0.000000 0.020187 0.000000 0.000000 0.085738 -0.000000 0.000000 0.228098 0.000000 2000.000000 0.244515
1 0 20.000000 -0.045458 0.188961 0.032423 -0.133037 -0.064567 0.094888 0.141810 0.000000 0.099411 0.000000 2500.000000 0.244567
1 5 16.000000 -0.665308 -0.422755 0.000000 -0.310474 0.905913 0.000000 -0.678506 0.000000 -0.000000 0.000000 2000.000000 0.999700
1 5 16.000000 -0.000000 0.000000 0.229554 -0.000000 -0.000000 0.671808 0.000000 0.000000 0.703832 0.000000 3500.000000 0.999700
1 5 12.000000 -0.059158 0.079717 -0.000000 -0.004733 -0.996345 -0.000000 -0.997766 0.000000 0.000000 0.000000 2000.000000 0.999529
1 5 16.000000 0.347595 0.865055 0.000000 -0.600083 0.501079 -0.000000 -0.720054 0.000000 0.000000 0.000000 2000.000000 0.999700
1 2 16.000000 0.274672 0.331498 -0.000000 0.304786 -0.298745 -0.000000 -0.175499 0.000000 -0.000000 0.000000 2000.000000 0.446250
1 0 16.000000 0.017844 -0.195434 -0.025936 0.085494 0.040789 -0.124268 0.179529 0.000000 0.061756 0.000000 2000.000000 0.244515
1 0 12.000000 -0.014469 0.019498 -0.000000 -0.001158 -0.243694 -0.000000 -0.244042 0.000000 0.000000 0.000000 2000.000000 0.244473
1 0 16.000000 -0.000986 -0.239854 0.000000 -0.004977 0.047511 0.000000 -0.244462 0.000000 -0.000000 0.000000 2000.000000 0.244515
1 0 24.000000 0.000000 -0.000000 -0.125513 0.000000 0.000000 -0.077056 0.000000 0.000000 0.195242 0.000000 3500.000000 0.244562
1 5 20.000000 0.000000 -0.000000 0.392297 0.000000 0.000000 0.253422 -0.000000 0.000000 0.884142 0.000000 2500.000000 0.999913
1 0 24.000000 0.166387 -0.127954 -0.000000 0.102150 0.208418 -0.000000 0.147279 0.000000 0.000000 0.000000 3500.000000 0.244562
1 5 24.000000 0.816409 0.000000 0.000000 0.000000 0.816409 0.000000 0.000000 0.000000 0.577288 0.000000 3500.000000 0.999893
1 0 16.000000 -0.000000 -0.000000 0.150385 -0.000000 0.000000 0.070179 -0.000000 0.000000 -0.179573 0.000000 2000.000000 0.244515
1 0 12.000000 -0.000000 0.000000 0.206884 0.000000 0.000000 -0.106818 -0.000000 0.000000 -0.074540 0.000000 2000.000000 0.244473
1 2 16.000000 0.155161 0.386147 0.000000 -0.267868 0.223674 -0.000000 -0.321421 0.000000 0.000000 0.000000 2000.000000 0.446250
1 0 12.000000 -0.046537 -0.221572 -0.000000 0.099810 -0.103310 0.000000 -0.218264 0.000000 0.000000 0.000000 2000.000000 0.244473
1 5 12.000000 -0.000000 0.000000 -0.291105 -0.000000 -0.000000 -0.953819 -0.000000 0.000000 0.067429 0.000000 2000.000000 0.999529
1 0 16.000000 0.000000 0.000000 -0.236250 0.000000 -0.000000 -0.027506 -0.000000 0.000000 -0.056716 0.000000 2000.000000 0.244515
1 2 16.000000 -0.296983 -0.188711 0.000000 -0.138591 0.404385 0.000000 -0.302874 0.000000 -0.000000 0.000000 2000.000000 0.446250
1 5 12.000000 -0.019683 0.955997 -0.000000 -0.064492 -0.291769 -0.000000 -0.997252 0.000000 0.000000 0.000000 2000.000000 0.999529
1 0 12.000000 -0.000000 0.000000 -0.093117 -0.000000 -0.000000 -0.035811 -0.000000 0.000000 0.223190 0.000000 2000.000000 0.244473
1 0 12.000000 0.199611 0.000000 0.000000 0.000000 0.199611 0.000000 0.000000 0.000000 0.141146 13.000000 1500.000000 0.244473
1 2 16.000000 -0.000000 0.000000 0.420254 0.000000 0.000000 -0.149899 -0.000000 0.000000 -0.007497 0.000000 2000.000000 0.446250
1 0 16.000000 -0.229983 0.077566 -0.000000 -0.076930 -0.231885 -0.000000 -0.031254 0.000000 0.000000 0.000000 3500.000000 0.244515
1 5 16.000000 -0.000000 0.000000 0.941462 0.000000 0.000000 -0.335806 -0.000000 0.000000 -0.016796 0.000000 2000.000000 0.999700
1 5 16.000000 -0.227578 0.945998 0.000000 -0.666023 -0.323245 0.000000 0.709944 0.000000 0.000000 0.000000 3500.000000 0.999700
1 5 20.000000 0.497441 -0.847704 -0.000000 0.795170 0.530306 -0.000000 0.346530 0.000000 0.000000 0.000000 2500.000000 0.999913
1 0 16.000000 0.000000 -0.000000 -0.088275 -0.000000 -0.000000 0.152396 -0.000000 0.000000 -0.169618 0.000000 2000.000000 0.244515
1 0 24.000000 -0.000000 -0.000000 -0.007257 0.000000 -0.000000 0.003547 -0.000000 0.000000 0.244428 0.000000 3500.000000 0.244562
1 0 12.000000 -0.208316 -0.087753 0.000000 -0.080114 0.228180 0.000000 -0.099766 0.000000 -0.000000 0.000000 2000.000000 0.244473
1 5 24.000000 -0.000000 -0.000000 0.562196 0.000000 -0.000000 -0.645572 0.000000 0.000000 0.516679 0.000000 3500.000000 0.999893
1 5 24.000000 -0.000000 -0.000000 0.000818 0.000000 -0.000000 -0.063326 0.000000 0.000000 0.997885 0.000000 3500.000000 0.999893
1 0 20.000000 -0.187821 0.063346 -0.017116 -0.062826 -0.189374 -0.005725 -0.025525 0.000000 0.140042 0.000000 2500.000000 0.244567
1 0 12.000000 -0.000000 0.000000 -0.243264 -0.000000 -0.000000 -0.019463 -0.000000 0.000000 0.014516 0.000000 2000.000000 0.244473
1 0 12.000000 0.000000 0.000000 0.009489 -0.000000 0.000000 -0.011851 -0.000000 0.000000 0.244001 13.000000 1500.000000 0.244473
1 0 20.000000 0.000000 0.000000 0.179249 -0.000000 0.000000 -0.072144 -0.000000 0.000000 0.149927 0.000000 2500.000000 0.244567
1 5 20.000000 0.199208 0.979471 0.000000 -0.969979 0.201157 -0.000000 -0.138865 0.000000 0.000000 0.000000 2500.000000 0.999913
1 5 20.000000 0.072969 -0.799205 -0.106062 0.349619 0.166802 -0.508180 0.734161 0.000000 0.252545 0.000000 2500.000000 0.999913
1 0 20.000000 0.015779 -0.243670 0.000000 0.183775 0.020922 0.000000 -0.160595 0.000000 0.000000 0.000000 2500.000000 0.244567
1 2 16.000000 0.155161 -0.386147 -0.000000 -0.267868 -0.223674 0.000000 -0.321421 0.000000 -0.000000 0.000000 2000.000000 0.446250
1 5 12.000000 -0.227539 0.945837 0.000000 -0.665910 -0.323189 0.000000 0.709823 0.000000 0.000000 13.000000 3000.000000 0.999529
1 0 12.000000 0.087838 0.191008 0.000000 -0.109956 0.152587 -0.000000 -0.199903 0.000000 0.000000 0.000000 2000.000000 0.244473
1 0 20.000000 0.201874 0.136963 0.000000 -0.136460 0.202618 -0.000000 -0.020944 0.000000 0.000000 0.000000 2500.000000 0.244567
1 2 16.000000 -0.001799 -0.437745 0.000000 -0.009084 0.086709 0.000000 -0.446154 0.000000 -0.000000 0.000000 2000.000000 0.446250
1 5 12.000000 -0.000000 0.000000 -0.994587 -0.000000 -0.000000 -0.079577 -0.000000 0.000000 0.059347 0.000000 2000.000000 0.999529
1 5 12.000000 -0.190268 -0.905898 -0.000000 0.408074 -0.422384 0.000000 -0.892375 0.000000 0.000000 0.000000 2000.000000 0.999529
1 2 16.000000 -0.342708 0.115584 -0.031232 -0.114636 -0.345543 -0.010447 -0.046574 0.000000 0.255529 0.000000 2000.000000 0.446250
0 0 4.000000 0.000000 0.000000 0.000000 0.000000 0.000000 0.000000 0.000000 0.000000 0.000000 4.000000 1500.000000 0.000000
1 0 6.000000 0.198592 0.000000 0.000000 0.000000 0.198592 0.000000 0.000000 0.000000 0.140426 15.000000 2000.000000 0.243224
1 5 16.000000 -0.000000 0.000000 -0.121184 -0.000000 -0.000000 -0.040536 -0.000000 0.000000 0.991499 0.000000 3500.000000 0.999700
1 0 16.000000 0.000000 0.000000 0.088275 -0.000000 0.000000 -0.152396 -0.000000 0.000000 0.169618 0.000000 2000.000000 0.244515
1 5 20.000000 0.568647 0.373339 0.000000 -0.228868 0.927601 -0.000000 -0.789991 0.000000 0.000000 0.000000 2500.000000 0.999913
1 5 12.000000 0.816112 0.000000 0.000000 0.000000 0.816112 0.000000 0.000000 0.000000 0.577078 13.000000 1500.000000 0.999529
1 0 12.000000 0.021850 -0.239316 -0.000000 0.104691 0.049948 -0.000000 0.219839 0.000000 0.000000 13.000000 3000.000000 0.244473
1 0 6.000000 0.000000 0.000000 0.000000 0.000000 0.000000 0.000000 0.000000 0.000000 0.000000 0.000000 2000.000000 0.000000
1 0 12.000000 -0.055653 0.231340 0.000000 -0.162874 -0.079048 0.000000 0.173614 0.000000 0.000000 13.000000 3000.000000 0.244473
1 0 16.000000 -0.162726 0.103401 -0.000000 -0.075938 -0.221575 -0.000000 -0.165954 0.000000 0.000000 0.000000 2000.000000 0.244515
1 0 12.000000 0.147739 -0.124482 0.000000 0.087406 0.210407 0.000000 -0.174070 0.000000 0.000000 0.000000 2000.000000 0.244473
1 0 12.000000 -0.000000 0.000000 -0.071201 -0.000000 -0.000000 -0.233293 -0.000000 0.000000 0.016492 0.000000 2000.000000 0.244473
1 5 16.000000 0.326037 -0.477601 0.000000 0.177305 0.878235 0.000000 -0.928258 0.000000 0.000000 0.000000 2000.000000 0.999700
0 0 4.000000 0.000000 0.000000 0.000000 0.000000 0.000000 0.000000 0.000000 0.000000 0.000000 4.000000 800.000000 0.000000
1 5 16.000000 0.000000 -0.000000 -0.183666 0.000000 0.000000 -0.880006 0.000000 0.000000 0.437328 0.000000 3500.000000 0.999700
1 5 20.000000 0.000000 -0.000000 -0.183783 0.000000 0.000000 -0.293781 0.000000 0.000000 0.937946 0.000000 2500.000000 0.999913
1 2 16.000000 -0.103735 -0.310772 -0.000000 0.100665 -0.320250 0.000000 -0.422191 0.000000 0.000000 0.000000 2000.000000 0.446250
1 5 12.000000 -0.227539 0.945837 0.000000 -0.665910 -0.323189 0.000000 0.709823 0.000000 0.000000 13.000000 1500.000000 0.999529
1 5 12.000000 0.623545 0.780221 0.000000 -0.778716 0.624751 -0.000000 -0.062071 0.000000 0.000000 13.000000 3000.000000 0.999529
1 0 12.000000 -0.000000 -0.000000 0.093117 -0.000000 0.000000 0.035811 -0.000000 0.000000 -0.223190 0.000000 2000.000000 0.244473
1 5 16.000000 -0.000000 -0.000000 0.194206 -0.000000 0.000000 0.980435 -0.000000 0.000000 -0.020745 0.000000 2000.000000 0.999700
1 0 16.000000 0.021854 -0.239357 -0.000000 0.104709 0.049956 -0.000000 0.219877 0.000000 0.000000 0.000000 3500.000000 0.244515
1 0 6.000000 0.198592 0.000000 0.000000 0.000000 0.198592 0.000000 0.000000 0.000000 0.140426 36.000000 2000.000000 0.243224
1 5 24.000000 -0.222296 -0.913257 -0.000000 0.498656 -0.407121 0.000000 -0.837683 0.000000 0.000000 0.000000 3500.000000 0.999893
1 5 16.000000 0.000000 -0.000000 0.082536 0.000000 0.000000 0.350540 -0.000000 0.000000 0.932582 0.000000 2000.000000 0.999700
1 5 24.000000 -0.339319 -0.754045 0.000000 0.389641 -0.656660 -0.000000 0.856054 0.000000 0.000000 0.000000 3500.000000 0.999893
1 5 12.000000 -0.851701 0.358781 -0.000000 -0.327546 -0.932918 -0.000000 -0.407895 0.000000 0.000000 0.000000 2000.000000 0.999529
1 0 16.000000 -0.045449 0.188921 0.032416 -0.133008 -0.064554 0.094868 0.141780 0.000000 0.099390 0.000000 2000.000000 0.244515
1 5 12.000000 -0.000000 0.000000 -0.121164 -0.000000 -0.000000 -0.040529 -0.000000 0.000000 0.991330 13.000000 1500.000000 0.999529
1 0 12.000000 0.000000 -0.000000 -0.044915 0.000000 0.000000 -0.215202 0.000000 0.000000 0.106947 13.000000 1500.000000 0.244473
1 0 6.000000 0.000000 0.000000 0.000000 0.000000 0.000000 0.000000 0.000000 0.000000 0.000000 15.000000 800.000000 0.000000
1 0 6.000000 0.198592 0.000000 0.000000 0.000000 0.198592 0.000000 0.000000 0.000000 0.140426 0.000000 800.000000 0.243224
1 0 6.000000 0.107701 0.000000 0.000000 0.000000 0.107701 0.000000 0.000000 0.000000 0.076156 36.000000 2000.000000 0.131907
1 0 16.000000 -0.000000 0.000000 0.087057 0.000000 0.000000 -0.195777 -0.000000 0.000000 -0.117814 0.000000 2000.000000 0.244515
1 0 6.000000 0.000000 0.000000 0.000000 0.000000 0.000000 0.000000 0.000000 0.000000 0.000000 36.000000 800.000000 0.000000
1 5 16.000000 -0.185817 0.772404 0.132533 -0.543806 -0.263928 0.387868 0.579667 0.000000 0.406357 0.000000 2000.000000 0.999700
1 0 16.000000 0.199645 0.000000 0.000000 0.000000 0.199645 0.000000 0.000000 0.000000 0.141171 0.000000 3500.000000 0.244515
1 2 16.000000 0.145538 -0.213194 0.000000 0.079146 0.392030 0.000000 -0.414360 0.000000 0.000000 0.000000 2000.000000 0.446250
1 5 20.000000 -0.185856 0.772569 0.132562 -0.543922 -0.263984 0.387951 0.579791 0.000000 0.406444 0.000000 2500.000000 0.999913
1 2 16.000000 0.000000 0.000000 -0.431167 0.000000 -0.000000 -0.050200 -0.000000 0.000000 -0.103510 0.000000 2000.000000 0.446250
1 5 20.000000 0.825363 0.559973 0.000000 -0.557916 0.828406 -0.000000 -0.085629 0.000000 0.000000 0.000000 2500.000000 0.999913
0 0 4.000000 0.000000 0.000000 0.000000 0.000000 0.000000 0.000000 0.000000 0.000000 0.000000 2.000000 1500.000000 0.000000
1 0 12.000000 0.000000 0.000000 0.000000 0.000000 0.000000 0.000000 0.000000 0.000000 0.000000 13.000000 3000.000000 0.000000
1 5 12.000000 -0.000000 0.000000 0.229515 -0.000000 -0.000000 0.671693 0.000000 0.000000 0.703712 13.000000 3000.000000 0.999529
1 0 24.000000 -0.000000 0.000000 0.091251 -0.000000 -0.000000 0.058983 0.000000 0.000000 0.219100 0.000000 3500.000000 0.244562
1 0 6.000000 0.107701 0.000000 0.000000 0.000000 0.107701 0.000000 0.000000 0.000000 0.076156 0.000000 2000.000000 0.131907
1 0 6.000000 0.198592 0.000000 0.000000 0.000000 0.198592 0.000000 0.000000 0.000000 0.140426 36.000000 3500.000000 0.243224
1 5 16.000000 -0.665308 0.422755 -0.000000 -0.310474 -0.905913 -0.000000 -0.678506 0.000000 0.000000 0.000000 2000.000000 0.999700
1 5 20.000000 0.000000 -0.000000 -0.404243 0.000000 0.000000 -0.840596 0.000000 0.000000 0.360296 0.000000 2500.000000 0.999913
1 0 12.000000 0.152512 0.190833 0.000000 -0.190464 0.152806 -0.000000 -0.015182 0.000000 0.000000 13.000000 3000.000000 0.244473
1 5 12.000000 -0.000000 0.000000 -0.121164 -0.000000 -0.000000 -0.040529 -0.000000 0.000000 0.991330 13.000000 3000.000000 0.999529
1 5 16.000000 -0.000000 -0.000000 -0.678750 0.000000 -0.000000 0.658663 -0.000000 0.000000 0.323822 0.000000 2000.000000 0.999700
1 0 16.000000 -0.000000 0.000000 -0.029640 -0.000000 -0.000000 -0.009915 -0.000000 0.000000 0.242509 0.000000 3500.000000 0.244515
1 0 12.000000 0.122199 0.188231 -0.000000 0.147445 -0.156001 -0.000000 -0.151968 0.000000 -0.000000 0.000000 2000.000000 0.244473
1 2 16.000000 -0.000000 -0.000000 0.274460 -0.000000 0.000000 0.128080 -0.000000 0.000000 -0.327729 0.000000 2000.000000 0.446250
1 5 20.000000 0.064512 -0.996248 0.000000 0.751365 0.085538 0.000000 -0.656594 0.000000 0.000000 0.000000 2500.000000 0.999913
1 5 20.000000 0.000000 0.000000 0.732860 -0.000000 0.000000 -0.294960 -0.000000 0.000000 0.612977 0.000000 2500.000000 0.999913
1 0 6.000000 0.107701 0.000000 0.000000 0.000000 0.107701 0.000000 0.000000 0.000000 0.076156 0.000000 3500.000000 0.131907
1 5 12.000000 -0.000000 -0.000000 0.557550 -0.000000 0.000000 0.811654 -0.000000 0.000000 -0.171508 0.000000 2000.000000 0.999529
1 0 6.000000 0.000000 0.000000 0.000000 0.000000 0.000000 0.000000 0.000000 0.000000 0.000000 36.000000 3500.000000 0.000000
1 0 16.000000 0.079745 -0.116816 0.000000 0.043367 0.214806 0.000000 -0.227041 0.000000 0.000000 0.000000 2000.000000 0.244515
1 0 20.000000 0.048724 0.239567 0.000000 -0.237245 0.049201 -0.000000 -0.033965 0.000000 0.000000 0.000000 2500.000000 0.244567
1 0 16.000000 -0.187781 0.063332 -0.017113 -0.062813 -0.189334 -0.005724 -0.025519 0.000000 0.140013 0.000000 2000.000000 0.244515
1 0 16.000000 -0.000000 0.000000 -0.098816 -0.000000 -0.000000 -0.223487 -0.000000 0.000000 0.008726 0.000000 2000.000000 0.244515
1 0 24.000000 -0.000000 -0.000000 0.000200 0.000000 -0.000000 -0.015489 0.000000 0.000000 0.244071 0.000000 3500.000000 0.244562
1 0 16.000000 0.000000 0.000000 0.000000 0.000000 0.000000 0.000000 0.000000 0.000000 0.000000 0.000000 3500.000000 0.000000
1 2 16.000000 0.000000 -0.000000 0.036843 0.000000 0.000000 0.156476 -0.000000 0.000000 0.416290 0.000000 2000.000000 0.446250
1 0 20.000000 0.181645 -0.132707 0.000000 0.117342 0.205430 0.000000 -0.114231 0.000000 0.000000 0.000000 2500.000000 0.244567
1 0 12.000000 -0.055653 0.231340 0.000000 -0.162874 -0.079048 0.000000 0.173614 0.000000 0.000000 13.000000 1500.000000 0.244473
1 5 20.000000 0.000000 -0.000000 0.056169 0.000000 0.000000 0.654187 -0.000000 0.000000 0.754129 0.000000 2500.000000 0.999913
1 0 24.000000 -0.054371 -0.223372 -0.000000 0.121965 -0.099577 0.000000 -0.204887 0.000000 0.000000 0.000000 3500.000000 0.244562
1 0 24.000000 -0.082993 -0.184430 0.000000 0.095302 -0.160611 -0.000000 0.209380 0.000000 0.000000 0.000000 3500.000000 0.244562
1 5 12.000000 -0.000000 -0.000000 0.380711 -0.000000 0.000000 0.146414 -0.000000 0.000000 -0.912513 0.000000 2000.000000 0.999529
1 2 16.000000 -0.007062 0.149920 0.000000 0.002519 0.420313 -0.000000 -0.446187 0.000000 -0.000000 0.000000 2000.000000 0.446250
1 5 16.000000 -0.000000 0.000000 -0.404011 -0.000000 -0.000000 -0.913730 -0.000000 0.000000 0.035677 0.000000 2000.000000 0.999700
1 0 20.000000 0.000000 -0.000000 -0.044951 0.000000 0.000000 -0.071855 0.000000 0.000000 0.229410 0.000000 2500.000000 0.244567
1 5 12.000000 0.000000 -0.000000 -0.183635 0.000000 0.000000 -0.879856 0.000000 0.000000 0.437253 13.000000 3000.000000 0.999529
1 0 16.000000 -0.003869 0.082146 0.000000 0.001380 0.230303 -0.000000 -0.244480 0.000000 -0.000000 0.000000 2000.000000 0.244515
1 0 6.000000 0.107701 0.000000 0.000000 0.000000 0.107701 0.000000 0.000000 0.000000 0.076156 15.000000 800.000000 0.131907
1 0 16.000000 0.000000 0.000000 -0.064376 0.000000 -0.000000 -0.071434 -0.000000 0.000000 -0.224812 0.000000 2000.000000 0.244515
1 0 16.000000 0.000000 -0.000000 0.199455 0.000000 0.000000 0.108467 -0.000000 0.000000 0.090774 0.000000 2000.000000 0.244515
1 5 16.000000 0.509209 0.637157 0.022403 -0.635927 0.510194 -0.027979 -0.050690 0.000000 0.576063 0.000000 2000.000000 0.999700
1 0 12.000000 0.000000 0.000000 0.000000 0.000000 0.000000 0.000000 0.000000 0.000000 0.000000 0.000000 2000.000000 0.000000
1 0 6.000000 0.000000 0.000000 0.000000 0.000000 0.000000 0.000000 0.000000 0.000000 0.000000 15.000000 3500.000000 0.000000
1 2 16.000000 -0.000000 0.000000 0.158882 0.000000 0.000000 -0.357301 -0.000000 0.000000 -0.215015 0.000000 2000.000000 0.446250
1 5 16.000000 0.000000 0.000000 -0.965910 0.000000 -0.000000 -0.112459 -0.000000 0.000000 -0.231885 0.000000 2000.000000 0.999700
1 2 16.000000 0.227303 0.284417 0.010001 -0.283868 0.227742 -0.012489 -0.022627 0.000000 0.257145 0.000000 2000.000000 0.446250
1 0 16.000000 -0.047869 0.223421 0.000000 0.107650 0.099349 -0.000000 -0.214260 0.000000 -0.000000 0.000000 2000.000000 0.244515
1 5 16.000000 -0.000000 -0.000000 0.614852 -0.000000 0.000000 0.286928 -0.000000 0.000000 -0.734186 0.000000 2000.000000 0.999700
1 5 20.000000 0.742659 -0.542575 0.000000 0.479755 0.839904 0.000000 -0.467033 0.000000 0.000000 0.000000 2500.000000 0.999913
1 2 16.000000 -0.296983 0.188711 -0.000000 -0.138591 -0.404385 -0.000000 -0.302874 0.000000 0.000000 0.000000 2000.000000 0.446250
1 0 12.000000 -0.000000 -0.000000 -0.092235 0.000000 -0.000000 0.197818 -0.000000 0.000000 0.110126 0.000000 2000.000000 0.244473
1 0 20.000000 0.121668 -0.207338 -0.000000 0.194489 0.129706 -0.000000 0.084757 0.000000 0.000000 0.000000 2500.000000 0.244567
1 0 6.000000 0.107701 0.000000 0.000000 0.000000 0.107701 0.000000 0.000000 0.000000 0.076156 36.000000 800.000000 0.131907
1 5 16.000000 0.623651 0.780355 0.000000 -0.778848 0.624857 -0.000000 -0.062082 0.000000 0.000000 0.000000 3500.000000 0.999700
1 0 20.000000 0.000000 -0.000000 0.013738 0.000000 0.000000 0.160006 -0.000000 0.000000 0.184451 0.000000 2500.000000 0.244567
1 5 16.000000 -0.014427 0.914312 -0.000000 -0.032629 -0.404268 -0.000000 -0.999063 0.000000 0.000000 0.000000 2000.000000 0.999700
1 5 16.000000 0.000000 -0.000000 -0.360912 -0.000000 -0.000000 0.623073 -0.000000 0.000000 -0.693485 0.000000 2000.000000 0.999700
1 5 16.000000 -0.015820 0.335854 0.000000 0.005643 0.941595 -0.000000 -0.999559 0.000000 -0.000000 0.000000 2000.000000 0.999700
1 5 16.000000 0.000000 0.000000 0.038804 -0.000000 0.000000 -0.048460 -0.000000 0.000000 0.997770 0.000000 3500.000000 0.999700
1 5 20.000000 0.509318 0.637293 0.022408 -0.636063 0.510303 -0.027985 -0.050700 0.000000 0.576186 0.000000 2500.000000 0.999913
1 5 12.000000 -0.270791 0.458559 0.000000 0.139814 0.888134 -0.000000 -0.951936 0.000000 -0.000000 0.000000 2000.000000 0.999529
1 5 16.000000 0.816251 0.000000 0.000000 0.000000 0.816251 0.000000 0.000000 0.000000 0.577177 0.000000 3500.000000 0.999700
1 0 20.000000 0.139084 0.091314 0.000000 -0.055978 0.226880 -0.000000 -0.193222 0.000000 0.000000 0.000000 2500.000000 0.244567
1 2 16.000000 -0.000000 0.000000 -0.274460 -0.000000 -0.000000 -0.128080 -0.000000 0.000000 0.327729 0.000000 2000.000000 0.446250
1 5 16.000000 0.000000 0.000000 0.360912 -0.000000 0.000000 -0.623073 -0.000000 0.000000 0.693485 0.000000 2000.000000 0.999700
0 0 4.000000 0.000000 0.000000 0.000000 0.000000 0.000000 0.000000 0.000000 0.000000 0.000000 4.000000 3000.000000 0.000000
1 5 12.000000 -0.000000 -0.000000 -0.377102 0.000000 -0.000000 0.808781 -0.000000 0.000000 0.450251 0.000000 2000.000000 0.999529
1 0 16.000000 -0.162726 -0.103401 0.000000 -0.075938 0.221575 0.000000 -0.165954 0.000000 -0.000000 0.000000 2000.000000 0.244515
1 0 12.000000 -0.208316 0.087753 -0.000000 -0.080114 -0.228180 -0.000000 -0.099766 0.000000 0.000000 0.000000 2000.000000 0.244473
1 0 6.000000 0.198592 0.000000 0.000000 0.000000 0.198592 0.000000 0.000000 0.000000 0.140426 15.000000 3500.000000 0.243224
1 0 6.000000 0.000000 0.000000 0.000000 0.000000 0.000000 0.000000 0.000000 0.000000 0.000000 15.000000 2000.000000 0.000000
1 5 12.000000 0.089334 -0.978446 -0.000000 0.428030 0.204212 -0.000000 0.898815 0.000000 0.000000 13.000000 1500.000000 0.999529
1 0 12.000000 -0.004814 0.233825 -0.000000 -0.015774 -0.071363 -0.000000 -0.243916 0.000000 0.000000 0.000000 2000.000000 0.244473
1 0 12.000000 -0.066232 0.112158 0.000000 0.034197 0.217227 -0.000000 -0.232832 0.000000 -0.000000 0.000000 2000.000000 0.244473
1 5 12.000000 0.816112 0.000000 0.000000 0.000000 0.816112 0.000000 0.000000 0.000000 0.577078 0.000000 2000.000000 0.999529
1 0 6.000000 0.198592 0.000000 0.000000 0.000000 0.198592 0.000000 0.000000 0.000000 0.140426 15.000000 800.000000 0.243224
0 0 4.000000 0.000000 0.000000 0.000000 0.000000 0.000000 0.000000 0.000000 0.000000 0.000000 2.000000 800.000000 0.000000
1 5 16.000000 0.000000 -0.000000 0.815473 0.000000 0.000000 0.443470 -0.000000 0.000000 0.371129 0.000000 2000.000000 0.999700
1 5 12.000000 0.089334 -0.978446 -0.000000 0.428030 0.204212 -0.000000 0.898815 0.000000 0.000000 13.000000 3000.000000 0.999529
0 0 4.000000 0.000000 0.000000 0.000000 0.000000 0.000000 0.000000 0.000000 0.000000 0.000000 0.000000 800.000000 0.000000
1 2 16.000000 0.000000 0.000000 0.161106 -0.000000 0.000000 -0.278130 -0.000000 0.000000 0.309561 0.000000 2000.000000 0.446250
1 0 6.000000 0.107701 0.000000 0.000000 0.000000 0.107701 0.000000 0.000000 0.000000 0.076156 15.000000 2000.000000 0.131907
1 5 24.000000 -0.752314 0.542790 0.000000 -0.486279 -0.839741 0.000000 0.444232 0.000000 0.000000 0.000000 3500.000000 0.999893
1 0 16.000000 0.052277 -0.238006 0.000000 0.222027 0.056040 0.000000 -0.088082 0.000000 0.000000 0.000000 2000.000000 0.244515
1 0 16.000000 0.056336 0.028277 -0.000000 0.006559 -0.242874 -0.000000 -0.237846 0.000000 -0.000000 0.000000 2000.000000 0.244515
1 5 12.000000 -0.000000 0.000000 0.845845 0.000000 0.000000 -0.436725 -0.000000 0.000000 -0.304756 0.000000 2000.000000 0.999529
1 0 6.000000 0.000000 0.000000 0.000000 0.000000 0.000000 0.000000 0.000000 0.000000 0.000000 0.000000 3500.000000 0.000000
1 0 16.000000 -0.056840 -0.170282 -0.000000 0.055158 -0.175475 0.000000 -0.231331 0.000000 0.000000 0.000000 2000.000000 0.244515
1 0 16.000000 0.000000 0.000000 0.000000 0.000000 0.000000 0.000000 0.000000 0.000000 0.000000 0.000000 2000.000000 0.000000
1 5 16.000000 -0.767743 0.258935 -0.069966 -0.256811 -0.774092 -0.023404 -0.104335 0.000000 0.572442 0.000000 2000.000000 0.999700
1 5 24.000000 -0.012895 -0.999809 0.000000 0.997802 -0.012921 -0.000000 0.063331 0.000000 0.000000 0.000000 3500.000000 0.999893
1 0 6.000000 0.107701 0.000000 0.000000 0.000000 0.107701 0.000000 0.000000 0.000000 0.076156 36.000000 3500.000000 0.131907
1 5 12.000000 0.000000 -0.000000 -0.183635 0.000000 0.000000 -0.879856 0.000000 0.000000 0.437253 13.000000 1500.000000 0.999529
1 5 20.000000 -0.955568 0.158909 -0.000000 -0.153817 -0.987205 -0.000000 -0.251113 0.000000 0.000000 0.000000 2500.000000 0.999913
1 0 12.000000 -0.023752 -0.201509 0.000000 -0.034577 0.138423 0.000000 -0.240847 0.000000 -0.000000 0.000000 2000.000000 0.244473
1 5 12.000000 0.359127 -0.780940 -0.000000 -0.449556 -0.623853 0.000000 -0.817304 0.000000 -0.000000 0.000000 2000.000000 0.999529
1 5 16.000000 -0.000000 0.000000 -0.614852 -0.000000 -0.000000 -0.286928 -0.000000 0.000000 0.734186 0.000000 2000.000000 0.999700
1 5 12.000000 0.000000 0.000000 0.038797 -0.000000 0.000000 -0.048452 -0.000000 0.000000 0.997600 13.000000 1500.000000 0.999529
1 0 20.000000 0.017847 -0.195476 -0.025942 0.085513 0.040798 -0.124295 0.179567 0.000000 0.061770 0.000000 2500.000000 0.244567
1 2 16.000000 0.000000 -0.000000 0.364014 0.000000 0.000000 0.197958 -0.000000 0.000000 0.165666 0.000000 2000.000000 0.446250
1 0 6.000000 0.107701 0.000000 0.000000 0.000000 0.107701 0.000000 0.000000 0.000000 0.076156 15.000000 3500.000000 0.131907
1 0 24.000000 -0.000000 -0.000000 0.137506 0.000000 -0.000000 -0.157899 0.000000 0.000000 0.126374 0.000000 3500.000000 0.244562
1 5 12.000000 -0.097109 -0.823873 0.000000 -0.141367 0.565944 0.000000 -0.984705 0.000000 -0.000000 0.000000 2000.000000 0.999529
1 5 24.000000 -0.000000 0.000000 0.373080 -0.000000 -0.000000 0.241151 0.000000 0.000000 0.895792 0.000000 3500.000000 0.999893
1 5 12.000000 0.000000 -0.000000 0.612516 0.000000 0.000000 0.362380 -0.000000 0.000000 0.701829 0.000000 2000.000000 0.999529
0 0 4.000000 0.000000 0.000000 0.000000 0.000000 0.000000 0.000000 0.000000 0.000000 0.000000 0.000000 1500.000000 0.000000
0 0 4.000000 0.000000 0.000000 0.000000 0.000000 0.000000 0.000000 0.000000 0.000000 0.000000 2.000000 3000.000000 0.000000
1 0 16.000000 0.085018 0.211582 0.000000 -0.146773 0.122558 -0.000000 -0.176117 0.000000 0.000000 0.000000 2000.000000 0.244515
1 0 12.000000 0.000000 -0.000000 -0.124769 -0.000000 -0.000000 0.156185 -0.000000 0.000000 -0.140733 0.000000 2000.000000 0.244473
##END
