##LIST_SIZE=55
##LISTDATA
0 0 4.000000 0.000000 0.000000 0.000000 0.000000 0.000000 0.000000 0.000000 0.000000 0.000000 0.000000 800.000000 0.000000
0 0 4.000000 0.000000 0.000000 0.000000 0.000000 0.000000 0.000000 0.000000 0.000000 0.000000 0.000000 1500.000000 0.000000
0 0 4.000000 0.000000 0.000000 0.000000 0.000000 0.000000 0.000000 0.000000 0.000000 0.000000 0.000000 3000.000000 0.000000
0 0 4.000000 0.000000 0.000000 0.000000 0.000000 0.000000 0.000000 0.000000 0.000000 0.000000 2.000000 800.000000 0.000000
0 0 4.000000 0.000000 0.000000 0.000000 0.000000 0.000000 0.000000 0.000000 0.000000 0.000000 2.000000 1500.000000 0.000000
0 0 4.000000 0.000000 0.000000 0.000000 0.000000 0.000000 0.000000 0.000000 0.000000 0.000000 2.000000 3000.000000 0.000000
0 0 4.000000 0.000000 0.000000 0.000000 0.000000 0.000000 0.000000 0.000000 0.000000 0.000000 4.000000 800.000000 0.000000
0 0 4.000000 0.000000 0.000000 0.000000 0.000000 0.000000 0.000000 0.000000 0.000000 0.000000 4.000000 1500.000000 0.000000
0 0 4.000000 0.000000 0.000000 0.000000 0.000000 0.000000 0.000000 0.000000 0.000000 0.000000 4.000000 3000.000000 0.000000
1 0 6.000000 0.000000 0.000000 0.000000 0.000000 0.000000 0.000000 0.000000 0.000000 0.000000 0.000000 800.000000 0.000000
1 0 6.000000 0.000000 0.000000 0.000000 0.000000 0.000000 0.000000 0.000000 0.000000 0.000000 0.000000 2000.000000 0.000000
1 0 6.000000 0.000000 0.000000 0.000000 0.000000 0.000000 0.000000 0.000000 0.000000 0.000000 0.000000 3500.000000 0.000000
1 0 6.000000 0.000000 0.000000 0.000000 0.000000 0.000000 0.000000 0.000000 0.000000 0.000000 15.000000 800.000000 0.000000
1 0 6.000000 0.000000 0.000000 0.000000 0.000000 0.000000 0.000000 0.000000 0.000000 0.000000 15.000000 2000.000000 0.000000
1 0 6.000000 0.000000 0.000000 0.000000 0.000000 0.000000 0.000000 0.000000 0.000000 0.000000 15.000000 3500.000000 0.000000
1 0 6.000000 0.000000 0.000000 0.000000 0.000000 0.000000 0.000000 0.000000 0.000000 0.000000 36.000000 800.000000 0.000000
1 0 6.000000 0.000000 0.000000 0.000000 0.000000 0.000000 0.000000 0.000000 0.000000 0.000000 36.000000 2000.000000 0.000000
1 0 6.000000 0.000000 0.000000 0.000000 0.000000 0.000000 0.000000 0.000000 0.000000 0.000000 36.000000 3500.000000 0.000000
1 0 6.000000 0.107701 0.000000 0.000000 0.000000 0.107701 0.000000 0.000000 0.000000 0.076156 0.000000 800.000000 0.131907
1 0 6.000000 0.107701 0.000000 0.000000 0.000000 0.107701 0.000000 0.000000 0.000000 0.076156 0.000000 2000.000000 0.131907
1 0 6.000000 0.107701 0.000000 0.000000 0.000000 0.107701 0.000000 0.000000 0.000000 0.076156 0.000000 3500.000000 0.131907
1 0 6.000000 0.107701 0.000000 0.000000 0.000000 0.107701 0.000000 0.000000 0.000000 0.076156 15.000000 800.000000 0.131907
1 0 6.000000 0.107701 0.000000 0.000000 0.000000 0.107701 0.000000 0.000000 0.000000 0.076156 15.000000 2000.000000 0.131907
1 0 6.000000 0.107701 0.000000 0.000000 0.000000 0.107701 0.000000 0.000000 0.000000 0.076156 15.000000 3500.000000 0.131907
1 0 6.000000 0.107701 0.000000 0.000000 0.000000 0.107701 0.000000 0.000000 0.000000 0.076156 36.000000 800.000000 0.131907
1 0 6.000000 0.107701 0.000000 0.000000 0.000000 0.107701 0.000000 0.000000 0.000000 0.076156 36.000000 2000.000000 0.131907
1 0 6.000000 0.107701 0.000000 0.000000 0.000000 0.107701 0.000000 0.000000 0.000000 0.076156 36.000000 3500.000000 0.131907
1 0 6.000000 0.198592 0.000000 0.000000 0.000000 0.198592 0.000000 0.000000 0.000000 0.140426 0.000000 800.000000 0.243224
1 0 6.000000 0.198592 0.000000 0.000000 0.000000 0.198592 0.000000 0.000000 0.000000 0.140426 0.000000 2000.000000 0.243224
1 0 6.000000 0.198592 0.000000 0.000000 0.000000 0.198592 0.000000 0.000000 0.000000 0.140426 0.000000 3500.000000 0.243224
1 0 6.000000 0.198592 0.000000 0.000000 0.000000 0.198592 0.000000 0.000000 0.000000 0.140426 15.000000 800.000000 0.243224
1 0 6.000000 0.198592 0.000000 0.000000 0.000000 0.198592 0.000000 0.000000 0.000000 0.140426 15.000000 2000.000000 0.243224
1 0 6.000000 0.198592 0.000000 0.000000 0.000000 0.198592 0.000000 0.000000 0.000000 0.140426 15.000000 3500.000000 0.243224
1 0 6.000000 0.198592 0.000000 0.000000 0.000000 0.198592 0.000000 0.000000 0.000000 0.140426 36.000000 800.000000 0.243224
1 0 6.000000 0.198592 0.000000 0.000000 0.000000 0.198592 0.000000 0.000000 0.000000 0.140426 36.000000 2000.000000 0.243224
1 0 6.000000 0.198592 0.000000 0.000000 0.000000 0.198592 0.000000 0.000000 0.000000 0.140426 36.000000 3500.000000 0.243224
1 0 12.000000 0.000000 0.000000 0.000000 0.000000 0.000000 0.000000 0.000000 0.000000 0.000000 13.000000 1500.000000 0.000000
1 0 12.000000 0.000000 0.000000 0.000000 0.000000 0.000000 0.000000 0.000000 0.000000 0.000000 13.000000 3000.000000 0.000000
1 0 12.000000 0.199611 0.000000 0.000000 0.000000 0.199611 0.000000 0.000000 0.000000 0.141146 13.000000 1500.000000 0.244473
1 0 12.000000 0.199611 0.000000 0.000000 0.000000 0.199611 0.000000 0.000000 0.000000 0.141146 13.000000 3000.000000 0.244473
1 5 12.000000 0.816112 0.000000 0.000000 0.000000 0.816112 0.000000 0.000000 0.000000 0.577078 13.000000 1500.000000 0.999529
1 5 12.000000 0.816112 0.000000 0.000000 0.000000 0.816112 0.000000 0.000000 0.000000 0.577078 13.000000 3000.000000 0.999529
1 0 12.000000 -0.229944 0.077553 -0.000000 -0.076917 -0.231846 -0.000000 -0.031249 0.000000 0.000000 13.000000 1500.000000 0.244473
1 5 12.000000 -0.227539 0.945837 0.000000 -0.665910 -0.323189 0.000000 0.709823 0.000000 0.000000 13.000000 3000.000000 0.999529
1 0 12.000000 0.021850 -0.239316 -0.000000 0.104691 0.049948 -0.000000 0.219839 0.000000 0.000000 13.000000 1500.000000 0.244473
1 0 12.000000 0.021850 -0.239316 -0.000000 0.104691 0.049948 -0.000000 0.219839 0.000000 0.000000 13.000000 3000.000000 0.244473
1 5 12.000000 0.089334 -0.978446 -0.000000 0.428030 0.204212 -0.000000 0.898815 0.000000 0.000000 13.000000 1500.000000 0.999529
1 5 12.000000 0.089334 -0.978446 -0.000000 0.428030 0.204212 -0.000000 0.898815 0.000000 0.000000 13.000000 3000.000000 0.999529
1 0 12.000000 -0.000000 0.000000 -0.029635 -0.000000 -0.000000 -0.009913 -0.000000 0.000000 0.242467 13.000000 1500.000000 0.244473
1 0 12.000000 -0.000000 0.000000 -0.029635 -0.000000 -0.000000 -0.009913 -0.000000 0.000000 0.242467 13.000000 3000.000000 0.244473
0 0 4.000000 0.000000 0.000000 0.000000 0.000000 0.000000 0.000000 0.000000 0.000000 0.000000 0.000000 1500.000000 0.000000
0 0 4.000000 0.000000 0.000000 0.000000 0.000000 0.000000 0.000000 0.000000 0.000000 0.000000 0.000000 1500.000000 0.000000
0 0 4.000000 0.000000 0.000000 0.000000 0.000000 0.000000 0.000000 0.000000 0.000000 0.000000 0.000000 1500.000000 0.000000
0 0 4.000000 0.000000 0.000000 0.000000 0.000000 0.000000 0.000000 0.000000 0.000000 0.000000 0.000000 1500.000000 0.000000
0 0 4.000000 0.000000 0.000000 0.000000 0.000000 0.000000 0.000000 0.000000 0.000000 0.000000 0.000000 1500.000000 0.000000
##END
