##LIST_SIZE=389
##LISTDATA
0 0 4.000000 0.000000 0.000000 0.000000 0.000000 0.000000 0.000000 0.000000 0.000000 0.000000 0.000000 3000.000000 0.000000
1 1 17.000000 0.775593 -0.246251 0.044975 0.245427 0.778196 0.014232 -0.066713 0.000000 0.575230 0.000000 2000.000000 0.999672
1 1 21.000000 -0.000000 -0.000000 0.562205 0.000000 -0.000000 -0.645583 0.000000 0.000000 0.516688 0.000000 2000.000000 0.999909
1 0 21.000000 0.000000 0.000000 0.000000 0.000000 0.000000 0.000000 0.000000 0.000000 0.000000 0.000000 2000.000000 0.000000
1 1 17.000000 0.000000 0.000000 0.510190 -0.000000 0.000000 -0.638657 -0.000000 0.000000 0.575471 0.000000 2000.000000 0.999672
1 0 10.000000 -0.000000 -0.000000 -0.029654 0.000000 -0.000000 0.014495 -0.000000 0.000000 0.998777 25.000000 1500.000000 0.999322
1 0 12.000000 -0.227599 0.946085 0.000000 -0.666085 -0.323274 0.000000 0.710009 0.000000 0.000000 0.000000 3000.000000 0.999792
1 0 12.000000 -0.000000 0.000000 0.229576 -0.000000 -0.000000 0.671869 0.000000 0.000000 0.703896 26.000000 3000.000000 0.999792
1 1 17.000000 -0.851822 -0.358832 0.000000 -0.327593 0.933050 0.000000 -0.407953 0.000000 -0.000000 0.000000 2000.000000 0.999672
1 0 16.000000 0.000000 -0.000000 0.056169 0.000000 0.000000 0.654191 -0.000000 0.000000 0.754134 0.000000 3000.000000 0.999920
1 1 17.000000 -0.851822 0.358832 -0.000000 -0.327593 -0.933050 -0.000000 -0.407953 0.000000 0.000000 0.000000 2000.000000 0.999672
1 0 10.000000 -0.100655 -0.799394 0.091106 0.492130 -0.163499 -0.445443 0.642993 0.000000 0.355192 0.000000 1500.000000 0.999322
1 1 21.000000 -0.007445 -0.577250 0.000668 0.576090 -0.007460 -0.051706 0.036565 0.000000 0.814783 0.000000 2000.000000 0.999909
1 0 21.000000 0.000000 0.000000 0.000000 0.000000 0.000000 0.000000 0.000000 0.000000 0.000000 0.000000 2700.000000 0.000000
1 0 17.000000 -0.032019 0.043147 -0.000000 -0.002562 -0.539267 -0.000000 -0.540036 0.000000 0.000000 0.000000 2000.000000 0.540991
1 0 21.000000 0.000000 0.000000 0.038391 -0.000000 0.000000 -0.025951 -0.000000 0.000000 0.539131 0.000000 2700.000000 0.541119
1 0 12.000000 0.821824 0.393451 0.000000 -0.351802 0.919119 -0.000000 -0.447687 0.000000 0.000000 0.000000 1500.000000 0.999792
1 0 14.000000 -0.000000 0.000000 0.229570 -0.000000 -0.000000 0.671852 0.000000 0.000000 0.703879 0.000000 700.000000 0.999766
1 0 13.000000 0.509274 0.637238 0.022406 -0.636008 0.510259 -0.027982 -0.050696 0.000000 0.576137 0.000000 1200.000000 0.999827
1 1 17.000000 -0.000000 -0.000000 -0.250105 0.000000 -0.000000 0.354329 -0.000000 0.000000 0.900690 0.000000 1500.000000 0.999672
1 0 13.000000 0.036653 0.575712 0.029361 -0.500931 0.042125 -0.401279 -0.284505 0.000000 0.710317 0.000000 1200.000000 0.999827
1 0 16.000000 0.000000 -0.000000 -0.404246 0.000000 0.000000 -0.840601 0.000000 0.000000 0.360298 0.000000 3000.000000 0.999920
1 0 21.000000 -0.000000 0.000000 -0.134167 -0.000000 -0.000000 -0.021597 -0.000000 0.000000 0.523777 0.000000 2700.000000 0.541119
1 1 21.000000 -0.518372 -0.253515 -0.024226 0.253376 -0.518655 0.011842 -0.019068 0.000000 0.815977 0.000000 2000.000000 0.999909
1 0 12.000000 -0.181576 0.564786 -0.000000 -0.124308 -0.824984 -0.000000 -0.975275 0.000000 0.000000 0.000000 1500.000000 0.999792
1 0 8.000000 -0.227556 0.945908 0.000000 -0.665960 -0.323214 0.000000 0.709877 0.000000 0.000000 34.000000 800.000000 0.999605
1 0 14.000000 -0.000000 0.000000 -0.121192 -0.000000 -0.000000 -0.040539 -0.000000 0.000000 0.991565 0.000000 700.000000 0.999766
1 1 21.000000 0.000000 0.000000 0.070941 -0.000000 0.000000 -0.047954 -0.000000 0.000000 0.996236 0.000000 2700.000000 0.999909
1 0 21.000000 -0.000000 0.000000 0.201902 -0.000000 -0.000000 0.130505 0.000000 0.000000 0.484782 0.000000 2000.000000 0.541119
1 0 12.000000 0.000000 -0.000000 -0.088059 0.000000 0.000000 -0.077158 0.000000 0.000000 0.992913 0.000000 1500.000000 0.999792
1 1 17.000000 -0.000000 0.000000 -0.994729 -0.000000 -0.000000 -0.079588 -0.000000 0.000000 0.059356 0.000000 2000.000000 0.999672
1 0 15.000000 0.000000 0.000000 0.000000 0.000000 0.000000 0.000000 0.000000 0.000000 0.000000 0.000000 1000.000000 0.000000
1 0 15.000000 -0.000000 -0.000000 -0.220746 0.000000 -0.000000 0.569037 -0.000000 0.000000 0.792028 0.000000 1000.000000 0.999920
1 0 21.000000 0.401902 -0.293623 0.000000 0.259627 0.454528 0.000000 -0.252742 0.000000 0.000000 0.000000 2700.000000 0.541119
1 1 21.000000 0.000000 -0.000000 -0.513169 0.000000 0.000000 -0.315050 0.000000 0.000000 0.798260 0.000000 2000.000000 0.999909
1 1 17.000000 0.369039 0.379490 0.325306 -0.322051 0.434859 -0.283886 -0.305299 0.000000 0.692686 0.000000 1500.000000 0.999672
1 0 15.000000 -0.104847 0.326122 -0.657164 -0.071778 -0.476366 -0.449896 -0.563148 0.000000 0.179694 0.000000 2500.000000 0.999920
1 0 21.000000 0.212551 -0.163455 -0.226750 0.130492 0.266244 -0.139209 0.188142 0.000000 0.352721 0.000000 2000.000000 0.541119
1 0 8.000000 -0.000000 0.000000 0.229533 -0.000000 -0.000000 0.671744 0.000000 0.000000 0.703765 34.000000 800.000000 0.999605
1 0 13.000000 0.000000 0.000000 -0.113996 -0.000000 0.000000 0.391753 0.000000 0.000000 0.912792 0.000000 1200.000000 0.999827
1 0 15.000000 0.474541 0.227188 0.336083 -0.203139 0.530722 -0.143869 -0.258506 0.000000 0.730007 0.000000 2500.000000 0.999920
1 1 21.000000 -0.434356 0.313385 0.304623 -0.280758 -0.484832 0.196902 0.256482 0.000000 0.731423 0.000000 2000.000000 0.999909
1 0 14.000000 -0.940352 0.317150 -0.000000 -0.314549 -0.948129 -0.000000 -0.127793 0.000000 0.000000 15.000000 1800.000000 0.999766
1 1 21.000000 0.000000 0.000000 0.732857 -0.000000 0.000000 -0.294959 -0.000000 0.000000 0.612974 0.000000 2700.000000 0.999909
1 0 15.000000 0.000000 0.000000 0.035964 -0.000000 0.000000 -0.491510 -0.000000 0.000000 0.870038 0.000000 2500.000000 0.999920
1 0 12.000000 -0.000000 -0.000000 -0.444573 0.000000 -0.000000 0.098112 -0.000000 0.000000 0.890119 0.000000 1500.000000 0.999792
1 0 8.000000 -0.227556 0.945908 0.000000 -0.665960 -0.323214 0.000000 0.709877 0.000000 0.000000 0.000000 800.000000 0.999605
1 0 21.000000 -0.000000 -0.000000 -0.016057 0.000000 -0.000000 0.007849 -0.000000 0.000000 0.540824 0.000000 2000.000000 0.541119
1 0 8.000000 -0.227556 0.945908 0.000000 -0.665960 -0.323214 0.000000 0.709877 0.000000 0.000000 16.000000 800.000000 0.999605
1 0 16.000000 -0.000000 0.000000 -0.163664 -0.000000 -0.000000 -0.068019 -0.000000 0.000000 0.984087 0.000000 2000.000000 0.999920
1 0 21.000000 -0.302796 -0.286152 -0.000000 0.188660 -0.459268 0.000000 -0.406856 0.000000 0.000000 0.000000 2700.000000 0.541119
1 0 17.000000 -0.283857 0.119870 -0.072299 -0.117972 -0.288424 -0.030048 -0.055362 0.000000 0.434723 0.000000 1500.000000 0.540991
1 0 15.000000 0.000000 0.000000 0.411616 -0.000000 0.000000 -0.176202 -0.000000 0.000000 0.894072 0.000000 2500.000000 0.999920
1 1 21.000000 -0.559522 -0.528767 -0.000000 0.348616 -0.848660 0.000000 -0.751811 0.000000 0.000000 0.000000 2700.000000 0.999909
1 0 13.000000 0.821854 0.393465 0.000000 -0.351814 0.919152 -0.000000 -0.447703 0.000000 0.000000 0.000000 1200.000000 0.999827
1 0 8.000000 0.000000 0.000000 0.000000 0.000000 0.000000 0.000000 0.000000 0.000000 0.000000 0.000000 800.000000 0.000000
1 0 6.000000 0.000000 0.000000 0.000000 0.000000 0.000000 0.000000 0.000000 0.000000 0.000000 0.000000 500.000000 0.000000
1 0 17.000000 -0.052560 -0.445917 0.000000 -0.076514 0.306314 0.000000 -0.532967 0.000000 -0.000000 0.000000 2000.000000 0.540991
1 1 17.000000 -0.190296 -0.906027 -0.000000 0.408132 -0.422444 0.000000 -0.892502 0.000000 0.000000 0.000000 2000.000000 0.999672
1 0 12.000000 -0.233857 -0.761066 -0.127431 0.602834 -0.295240 0.328492 -0.498288 0.000000 0.457219 0.000000 1500.000000 0.999792
1 0 21.000000 0.000000 -0.000000 -0.099457 0.000000 0.000000 -0.158984 0.000000 0.000000 0.507585 0.000000 2700.000000 0.541119
1 0 21.000000 -0.517121 0.085996 -0.000000 -0.083240 -0.534242 -0.000000 -0.135894 0.000000 0.000000 0.000000 2700.000000 0.541119
1 0 12.000000 -0.000000 0.000000 0.229576 -0.000000 -0.000000 0.671869 0.000000 0.000000 0.703896 0.000000 3000.000000 0.999792
1 0 14.000000 0.000000 -0.000000 -0.183679 0.000000 0.000000 -0.880065 0.000000 0.000000 0.437357 15.000000 1800.000000 0.999766
1 1 17.000000 -0.524526 0.221502 -0.133598 -0.217994 -0.532965 -0.055524 -0.102302 0.000000 0.803304 0.000000 1500.000000 0.999672
1 0 8.000000 -0.000000 0.000000 0.229533 -0.000000 -0.000000 0.671744 0.000000 0.000000 0.703765 0.000000 800.000000 0.999605
1 0 12.000000 0.000000 0.000000 -0.113992 -0.000000 0.000000 0.391739 0.000000 0.000000 0.912759 0.000000 1500.000000 0.999792
1 1 17.000000 0.499683 0.769692 -0.000000 0.602918 -0.637901 -0.000000 -0.621410 0.000000 -0.000000 0.000000 2000.000000 0.999672
1 0 17.000000 -0.000000 -0.000000 -0.135349 0.000000 -0.000000 0.191751 -0.000000 0.000000 0.487425 0.000000 1500.000000 0.540991
1 0 10.000000 0.000000 0.000000 0.000000 0.000000 0.000000 0.000000 0.000000 0.000000 0.000000 25.000000 1500.000000 0.000000
1 0 15.000000 -0.284198 0.391610 0.445317 -0.262381 -0.424172 0.411131 0.428565 0.000000 0.547014 0.000000 2500.000000 0.999920
1 0 10.000000 -0.908187 0.383518 -0.000000 -0.377445 -0.922799 -0.000000 -0.177130 0.000000 0.000000 0.000000 800.000000 0.999322
1 0 12.000000 -0.000000 0.000000 -0.804754 -0.000000 -0.000000 -0.550937 -0.000000 0.000000 0.220051 0.000000 1500.000000 0.999792
1 0 10.000000 0.000000 0.000000 0.398277 -0.000000 0.000000 -0.347566 -0.000000 0.000000 0.848067 0.000000 800.000000 0.999322
1 0 13.000000 -0.501853 -0.124399 -0.363006 0.110753 -0.563687 0.080111 -0.262860 0.000000 0.726805 0.000000 1200.000000 0.999827
1 0 13.000000 -0.185840 0.772503 0.132550 -0.543875 -0.263962 0.387918 0.579741 0.000000 0.406409 0.000000 1200.000000 0.999827
1 0 12.000000 0.000000 0.000000 0.038807 -0.000000 0.000000 -0.048465 -0.000000 0.000000 0.997862 0.000000 3000.000000 0.999792
1 0 13.000000 -0.000000 0.000000 -0.804783 -0.000000 -0.000000 -0.550957 -0.000000 0.000000 0.220059 0.000000 1200.000000 0.999827
1 0 14.000000 -0.000000 0.000000 -0.121192 -0.000000 -0.000000 -0.040539 -0.000000 0.000000 0.991565 15.000000 1800.000000 0.999766
1 0 16.000000 0.000000 0.000000 0.000000 0.000000 0.000000 0.000000 0.000000 0.000000 0.000000 0.000000 3000.000000 0.000000
1 0 17.000000 -0.460979 0.194188 -0.000000 -0.177283 -0.504937 -0.000000 -0.220771 0.000000 0.000000 0.000000 2000.000000 0.540991
1 0 17.000000 0.000000 -0.000000 -0.286783 0.000000 0.000000 -0.397669 0.000000 0.000000 0.228660 0.000000 1500.000000 0.540991
1 0 8.000000 0.000000 0.000000 0.038800 -0.000000 0.000000 -0.048456 -0.000000 0.000000 0.997675 34.000000 800.000000 0.999605
1 0 17.000000 -0.102982 -0.490313 -0.000000 0.220868 -0.228613 0.000000 -0.482994 0.000000 0.000000 0.000000 2000.000000 0.540991
1 1 21.000000 0.816422 0.000000 0.000000 0.000000 0.816422 0.000000 0.000000 0.000000 0.577298 0.000000 2000.000000 0.999909
1 0 10.000000 -0.000000 -0.000000 0.561875 0.000000 -0.000000 -0.645204 0.000000 0.000000 0.516384 25.000000 1500.000000 0.999322
1 0 10.000000 0.433523 -0.818391 0.000000 0.618663 0.573481 0.000000 -0.654185 0.000000 0.000000 0.000000 800.000000 0.999322
1 0 17.000000 0.270413 0.416533 -0.000000 0.326280 -0.345212 -0.000000 -0.336288 0.000000 -0.000000 0.000000 2000.000000 0.540991
1 0 15.000000 0.000000 0.000000 0.000000 0.000000 0.000000 0.000000 0.000000 0.000000 0.000000 0.000000 2500.000000 0.000000
1 0 12.000000 0.000000 0.000000 0.035959 -0.000000 0.000000 -0.491446 -0.000000 0.000000 0.869926 0.000000 1500.000000 0.999792
1 0 15.000000 -0.000000 -0.000000 0.157895 0.000000 -0.000000 -0.771992 0.000000 0.000000 0.615579 18.000000 1000.000000 0.999920
1 0 12.000000 -0.501835 -0.124395 -0.362993 0.110749 -0.563667 0.080108 -0.262851 0.000000 0.726779 0.000000 1500.000000 0.999792
0 0 4.000000 0.000000 0.000000 0.000000 0.000000 0.000000 0.000000 0.000000 0.000000 0.000000 10.000000 400.000000 0.000000
1 0 13.000000 0.147244 0.554262 -0.093077 -0.506013 0.161284 0.319865 0.235560 0.000000 0.745292 0.000000 1200.000000 0.999827
1 0 17.000000 0.326930 -0.275465 0.000000 0.193420 0.465607 0.000000 -0.385196 0.000000 0.000000 0.000000 2000.000000 0.540991
1 0 14.000000 0.000000 0.000000 0.000000 0.000000 0.000000 0.000000 0.000000 0.000000 0.000000 0.000000 700.000000 0.000000
1 0 10.000000 -0.012888 -0.999238 0.000000 0.997232 -0.012914 -0.000000 0.063295 0.000000 0.000000 25.000000 1500.000000 0.999322
1 0 8.000000 0.623592 0.780280 0.000000 -0.778774 0.624798 -0.000000 -0.062076 0.000000 0.000000 34.000000 800.000000 0.999605
1 0 17.000000 -0.000000 0.000000 0.457810 0.000000 0.000000 -0.236375 -0.000000 0.000000 -0.164948 0.000000 2000.000000 0.540991
1 0 15.000000 0.522030 0.536813 0.230083 -0.455562 0.615136 -0.200787 -0.431865 0.000000 0.489925 0.000000 2500.000000 0.999920
1 0 21.000000 0.107804 0.530056 0.000000 -0.524920 0.108859 -0.000000 -0.075149 0.000000 0.000000 0.000000 2700.000000 0.541119
0 0 4.000000 0.000000 0.000000 0.000000 0.000000 0.000000 0.000000 0.000000 0.000000 0.000000 10.000000 3000.000000 0.000000
1 0 15.000000 -0.501900 -0.124411 -0.363039 0.110763 -0.563739 0.080118 -0.262885 0.000000 0.726873 0.000000 2500.000000 0.999920
1 0 14.000000 0.000000 0.000000 0.038806 -0.000000 0.000000 -0.048464 -0.000000 0.000000 0.997837 0.000000 700.000000 0.999766
1 0 10.000000 -0.233747 -0.760709 -0.127372 0.602551 -0.295101 0.328337 -0.498054 0.000000 0.457004 0.000000 1500.000000 0.999322
1 1 17.000000 0.000000 -0.000000 -0.510190 -0.000000 -0.000000 0.638657 -0.000000 0.000000 -0.575471 0.000000 2000.000000 0.999672
1 0 6.000000 0.631456 0.000000 0.000000 0.000000 0.631456 0.000000 0.000000 0.000000 0.446507 38.000000 1500.000000 0.773373
1 0 10.000000 0.775321 -0.246165 0.044959 0.245341 0.777924 0.014227 -0.066690 0.000000 0.575028 25.000000 1500.000000 0.999322
1 0 6.000000 0.816021 0.000000 0.000000 0.000000 0.816021 0.000000 0.000000 0.000000 0.577014 38.000000 500.000000 0.999418
1 0 16.000000 0.201846 -0.662198 -0.306033 0.279891 0.477550 -0.424362 0.739918 0.000000 0.244009 0.000000 3000.000000 0.999920
1 0 10.000000 -0.000000 -0.000000 0.561875 0.000000 -0.000000 -0.645204 0.000000 0.000000 0.516384 0.000000 1500.000000 0.999322
1 0 12.000000 0.431163 -0.380405 -0.071900 0.377787 0.434150 -0.062999 0.067596 0.000000 0.810710 0.000000 1500.000000 0.999792
1 0 16.000000 0.000000 -0.000000 0.392299 0.000000 0.000000 0.253424 -0.000000 0.000000 0.884148 0.000000 3000.000000 0.999920
1 1 17.000000 -0.019686 0.956133 -0.000000 -0.064501 -0.291811 -0.000000 -0.997394 0.000000 0.000000 0.000000 2000.000000 0.999672
1 0 13.000000 -0.000000 0.000000 0.545349 -0.000000 -0.000000 0.503484 0.000000 0.000000 0.669891 0.000000 1200.000000 0.999827
1 0 21.000000 0.000000 -0.000000 0.212298 0.000000 0.000000 0.137144 -0.000000 0.000000 0.478468 0.000000 2700.000000 0.541119
1 0 15.000000 -0.000000 -0.000000 -0.444631 0.000000 -0.000000 0.098125 -0.000000 0.000000 0.890233 0.000000 2500.000000 0.999920
1 1 21.000000 -0.000000 -0.000000 0.000818 0.000000 -0.000000 -0.063327 0.000000 0.000000 0.997901 0.000000 2000.000000 0.999909
1 0 15.000000 0.431219 -0.380454 -0.071909 0.377836 0.434206 -0.063007 0.067605 0.000000 0.810814 0.000000 2500.000000 0.999920
1 0 12.000000 -0.940375 0.317158 -0.000000 -0.314556 -0.948153 -0.000000 -0.127796 0.000000 0.000000 0.000000 3000.000000 0.999792
1 0 21.000000 -0.280527 -0.137194 -0.013111 0.137119 -0.280680 0.006408 -0.010319 0.000000 0.441581 0.000000 2000.000000 0.541119
1 0 21.000000 -0.004029 -0.312389 0.000362 0.311762 -0.004037 -0.027982 0.019788 0.000000 0.440935 0.000000 2000.000000 0.541119
1 0 14.000000 -0.000000 0.000000 0.229570 -0.000000 -0.000000 0.671852 0.000000 0.000000 0.703879 15.000000 1800.000000 0.999766
1 0 12.000000 0.000000 -0.000000 -0.183683 0.000000 0.000000 -0.880087 0.000000 0.000000 0.437368 26.000000 3000.000000 0.999792
1 1 21.000000 0.392763 -0.302041 -0.419001 0.241130 0.491979 -0.257238 0.347658 0.000000 0.651777 0.000000 2000.000000 0.999909
1 0 16.000000 0.000000 0.000000 0.027936 -0.000000 0.000000 -0.136027 -0.000000 0.000000 0.990230 0.000000 3000.000000 0.999920
1 0 6.000000 0.816021 0.000000 0.000000 0.000000 0.816021 0.000000 0.000000 0.000000 0.577014 38.000000 1500.000000 0.999418
1 1 17.000000 -0.299876 -0.471528 -0.204210 0.424840 -0.332831 0.289308 -0.250401 0.000000 0.735410 0.000000 1500.000000 0.999672
1 0 10.000000 0.000000 0.000000 0.000000 0.000000 0.000000 0.000000 0.000000 0.000000 0.000000 0.000000 800.000000 0.000000
1 1 21.000000 0.568645 0.373338 0.000000 -0.228867 0.927597 -0.000000 -0.789988 0.000000 0.000000 0.000000 2700.000000 0.999909
1 0 13.000000 -0.492200 0.678225 0.000000 -0.454415 -0.734620 0.000000 0.742227 0.000000 0.000000 0.000000 1200.000000 0.999827
1 0 10.000000 -0.000000 -0.000000 0.000818 0.000000 -0.000000 -0.063290 0.000000 0.000000 0.997315 0.000000 1500.000000 0.999322
1 1 21.000000 -0.128345 -0.527278 -0.278491 0.287904 -0.235055 0.624713 -0.483644 0.000000 0.445783 0.000000 2000.000000 0.999909
1 0 12.000000 -0.940375 0.317158 -0.000000 -0.314556 -0.948153 -0.000000 -0.127796 0.000000 0.000000 26.000000 3000.000000 0.999792
1 0 13.000000 0.431179 -0.380418 -0.071902 0.377801 0.434166 -0.063001 0.067598 0.000000 0.810739 0.000000 1200.000000 0.999827
1 0 21.000000 -0.000000 -0.000000 -0.345314 0.000000 -0.000000 0.215152 -0.000000 0.000000 0.356760 0.000000 2700.000000 0.541119
1 0 21.000000 -0.000000 -0.000000 0.000443 0.000000 -0.000000 -0.034271 0.000000 0.000000 0.540033 0.000000 2000.000000 0.541119
1 0 10.000000 0.000000 0.000000 0.000000 0.000000 0.000000 0.000000 0.000000 0.000000 0.000000 0.000000 1500.000000 0.000000
1 0 13.000000 0.000000 0.000000 0.000000 0.000000 0.000000 0.000000 0.000000 0.000000 0.000000 0.000000 1200.000000 0.000000
1 0 6.000000 0.631456 0.000000 0.000000 0.000000 0.631456 0.000000 0.000000 0.000000 0.446507 0.000000 500.000000 0.773373
1 0 10.000000 0.000000 -0.000000 -0.512867 0.000000 0.000000 -0.314865 0.000000 0.000000 0.797791 25.000000 1500.000000 0.999322
1 0 13.000000 -0.284172 0.391573 0.445276 -0.262357 -0.424133 0.411093 0.428525 0.000000 0.546963 0.000000 1200.000000 0.999827
1 1 17.000000 0.359178 -0.781051 -0.000000 -0.449620 -0.623941 0.000000 -0.817420 0.000000 -0.000000 0.000000 2000.000000 0.999672
1 0 8.000000 0.089341 -0.978520 -0.000000 0.428062 0.204227 -0.000000 0.898883 0.000000 0.000000 34.000000 800.000000 0.999605
1 0 15.000000 0.000000 0.000000 0.000000 0.000000 0.000000 0.000000 0.000000 0.000000 0.000000 18.000000 1000.000000 0.000000
1 0 15.000000 -0.000000 -0.000000 0.157895 0.000000 -0.000000 -0.771992 0.000000 0.000000 0.615579 0.000000 1000.000000 0.999920
1 0 15.000000 0.816431 0.000000 0.000000 0.000000 0.816431 0.000000 0.000000 0.000000 0.577304 0.000000 1000.000000 0.999920
1 0 10.000000 -0.012888 -0.999238 0.000000 0.997232 -0.012914 -0.000000 0.063295 0.000000 0.000000 0.000000 1500.000000 0.999322
1 0 15.000000 0.201846 -0.662198 -0.306033 0.279891 0.477550 -0.424362 0.739919 0.000000 0.244009 0.000000 2500.000000 0.999920
1 0 10.000000 -0.751884 0.542480 0.000000 -0.486001 -0.839261 0.000000 0.443979 0.000000 0.000000 25.000000 1500.000000 0.999322
1 0 10.000000 -0.542671 0.183025 -0.098909 -0.181524 -0.547159 -0.033085 -0.073748 0.000000 0.809250 0.000000 1500.000000 0.999322
1 0 10.000000 -0.000000 0.000000 0.372867 -0.000000 -0.000000 0.241013 0.000000 0.000000 0.895280 25.000000 1500.000000 0.999322
1 0 16.000000 0.354182 -0.668614 0.216877 0.505439 0.468525 0.309496 -0.534460 0.000000 0.436413 0.000000 3000.000000 0.999920
1 1 21.000000 0.000000 -0.000000 0.056168 0.000000 0.000000 0.654184 -0.000000 0.000000 0.754126 0.000000 2700.000000 0.999909
1 0 10.000000 -0.222169 -0.912735 -0.000000 0.498371 -0.406889 0.000000 -0.837204 0.000000 0.000000 25.000000 1500.000000 0.999322
1 0 12.000000 0.000000 0.000000 0.038807 -0.000000 0.000000 -0.048465 -0.000000 0.000000 0.997862 26.000000 3000.000000 0.999792
1 0 8.000000 0.089341 -0.978520 -0.000000 0.428062 0.204227 -0.000000 0.898883 0.000000 0.000000 0.000000 800.000000 0.999605
1 0 15.000000 -0.000000 0.000000 0.545399 -0.000000 -0.000000 0.503531 0.000000 0.000000 0.669953 0.000000 2500.000000 0.999920
1 0 17.000000 0.000000 0.000000 0.000000 0.000000 0.000000 0.000000 0.000000 0.000000 0.000000 0.000000 1500.000000 0.000000
1 0 13.000000 0.000000 0.000000 0.035960 -0.000000 0.000000 -0.491464 -0.000000 0.000000 0.869957 0.000000 1200.000000 0.999827
1 0 6.000000 0.631456 0.000000 0.000000 0.000000 0.631456 0.000000 0.000000 0.000000 0.446507 12.000000 500.000000 0.773373
1 0 12.000000 -0.000000 0.000000 0.545329 -0.000000 -0.000000 0.503466 0.000000 0.000000 0.669867 0.000000 1500.000000 0.999792
1 0 10.000000 -0.000000 -0.000000 0.000818 0.000000 -0.000000 -0.063290 0.000000 0.000000 0.997315 25.000000 1500.000000 0.999322
0 0 4.000000 0.000000 0.000000 0.000000 0.000000 0.000000 0.000000 0.000000 0.000000 0.000000 0.000000 400.000000 0.000000
1 0 16.000000 -0.000000 -0.000000 -0.638097 0.000000 -0.000000 0.397574 -0.000000 0.000000 0.659248 0.000000 3000.000000 0.999920
1 0 10.000000 0.679886 -0.522844 -0.000000 0.417403 0.851633 -0.000000 0.601808 0.000000 0.000000 25.000000 1500.000000 0.999322
1 0 16.000000 0.000000 0.000000 0.000000 0.000000 0.000000 0.000000 0.000000 0.000000 0.000000 0.000000 2000.000000 0.000000
1 0 16.000000 -0.000000 -0.000000 -0.250167 0.000000 -0.000000 0.354417 -0.000000 0.000000 0.900914 0.000000 2000.000000 0.999920
1 0 10.000000 0.000000 -0.815943 0.000000 0.815943 0.000000 0.000000 0.000000 0.000000 0.576959 0.000000 800.000000 0.999322
1 0 14.000000 0.000000 -0.000000 -0.183679 0.000000 0.000000 -0.880065 0.000000 0.000000 0.437357 0.000000 700.000000 0.999766
1 0 10.000000 -0.000000 -0.000000 -0.029654 0.000000 -0.000000 0.014495 -0.000000 0.000000 0.998777 0.000000 1500.000000 0.999322
1 0 10.000000 -0.233747 -0.760709 -0.127372 0.602551 -0.295101 0.328337 -0.498054 0.000000 0.457004 25.000000 1500.000000 0.999322
1 0 12.000000 -0.100702 -0.799770 0.091149 0.492361 -0.163576 -0.445652 0.643295 0.000000 0.355359 0.000000 1500.000000 0.999792
1 0 13.000000 -0.767841 0.258968 -0.069975 -0.256844 -0.774191 -0.023407 -0.104349 0.000000 0.572515 0.000000 1200.000000 0.999827
1 0 8.000000 0.089341 -0.978520 -0.000000 0.428062 0.204227 -0.000000 0.898883 0.000000 0.000000 16.000000 800.000000 0.999605
1 0 6.000000 0.000000 0.000000 0.000000 0.000000 0.000000 0.000000 0.000000 0.000000 0.000000 12.000000 500.000000 0.000000
1 0 16.000000 0.000000 0.000000 0.732865 -0.000000 0.000000 -0.294962 -0.000000 0.000000 0.612981 0.000000 3000.000000 0.999920
1 0 21.000000 -0.235060 0.169594 0.164853 -0.151937 -0.262376 0.106557 0.138800 0.000000 0.395823 0.000000 2000.000000 0.541119
1 0 6.000000 0.000000 0.000000 0.000000 0.000000 0.000000 0.000000 0.000000 0.000000 0.000000 12.000000 1500.000000 0.000000
1 0 13.000000 0.000000 0.000000 0.411578 -0.000000 0.000000 -0.176186 -0.000000 0.000000 0.893989 0.000000 1200.000000 0.999827
1 0 12.000000 0.623708 0.780426 0.000000 -0.778920 0.624914 -0.000000 -0.062087 0.000000 0.000000 0.000000 3000.000000 0.999792
1 0 14.000000 0.816306 0.000000 0.000000 0.000000 0.816306 0.000000 0.000000 0.000000 0.577215 15.000000 1800.000000 0.999766
1 0 8.000000 0.816174 0.000000 0.000000 0.000000 0.816174 0.000000 0.000000 0.000000 0.577122 0.000000 800.000000 0.999605
1 0 17.000000 -0.000000 -0.000000 0.301771 -0.000000 0.000000 0.439304 -0.000000 0.000000 -0.092828 0.000000 2000.000000 0.540991
1 0 17.000000 -0.146565 0.248193 0.000000 0.075674 0.480699 -0.000000 -0.515231 0.000000 -0.000000 0.000000 2000.000000 0.540991
1 0 15.000000 0.354182 -0.668614 0.216877 0.505439 0.468525 0.309496 -0.534460 0.000000 0.436413 0.000000 2500.000000 0.999920
1 0 10.000000 0.000000 0.000000 0.000000 0.000000 0.000000 0.000000 0.000000 0.000000 0.000000 0.000000 1500.000000 0.000000
1 0 21.000000 0.000000 -0.000000 -0.218763 0.000000 0.000000 -0.454902 0.000000 0.000000 0.194980 0.000000 2700.000000 0.541119
1 0 16.000000 0.522030 0.536813 0.230083 -0.455562 0.615136 -0.200787 -0.431865 0.000000 0.489925 0.000000 3000.000000 0.999920
1 1 17.000000 -0.059167 0.079729 -0.000000 -0.004734 -0.996487 -0.000000 -0.997908 0.000000 0.000000 0.000000 2000.000000 0.999672
1 0 12.000000 -0.284161 0.391559 0.445260 -0.262347 -0.424118 0.411078 0.428510 0.000000 0.546944 0.000000 1500.000000 0.999792
1 1 17.000000 0.000000 -0.000000 -0.529933 0.000000 0.000000 -0.734835 0.000000 0.000000 0.422531 0.000000 1500.000000 0.999672
1 1 17.000000 0.250382 -0.472664 0.306634 0.357310 0.331215 0.437585 -0.377826 0.000000 0.617028 0.000000 1500.000000 0.999672
1 1 17.000000 -0.000000 0.000000 0.845966 0.000000 0.000000 -0.436787 -0.000000 0.000000 -0.304799 0.000000 2000.000000 0.999672
1 0 12.000000 0.000000 0.000000 0.000000 0.000000 0.000000 0.000000 0.000000 0.000000 0.000000 0.000000 1500.000000 0.000000
1 0 21.000000 -0.106020 -0.235600 0.248417 0.121743 -0.205172 -0.285259 0.267473 0.000000 0.228305 0.000000 2000.000000 0.541119
1 0 12.000000 -0.000000 0.000000 -0.121195 -0.000000 -0.000000 -0.040540 -0.000000 0.000000 0.991590 26.000000 3000.000000 0.999792
1 0 10.000000 0.247062 -0.810538 -0.000000 0.342590 0.584527 -0.000000 0.905669 0.000000 0.000000 0.000000 800.000000 0.999322
1 0 10.000000 0.051566 -0.564789 -0.149906 0.247072 0.117877 -0.718250 0.518823 0.000000 0.356942 0.000000 1500.000000 0.999322
1 0 13.000000 0.474497 0.227167 0.336052 -0.203120 0.530673 -0.143855 -0.258482 0.000000 0.729939 0.000000 1200.000000 0.999827
1 0 8.000000 0.623592 0.780280 0.000000 -0.778774 0.624798 -0.000000 -0.062076 0.000000 0.000000 0.000000 800.000000 0.999605
1 0 8.000000 0.000000 -0.000000 -0.183649 0.000000 0.000000 -0.879922 0.000000 0.000000 0.437286 0.000000 800.000000 0.999605
1 0 21.000000 -0.054503 -0.432861 0.049333 0.266482 -0.088533 -0.241201 0.348172 0.000000 0.192332 0.000000 2700.000000 0.541119
1 1 17.000000 -0.233829 -0.760975 -0.127416 0.602762 -0.295205 0.328452 -0.498228 0.000000 0.457164 0.000000 2000.000000 0.999672
1 0 8.000000 0.000000 -0.000000 -0.183649 0.000000 0.000000 -0.879922 0.000000 0.000000 0.437286 16.000000 800.000000 0.999605
1 0 15.000000 0.147258 0.554313 -0.093086 -0.506060 0.161299 0.319895 0.235582 0.000000 0.745361 0.000000 2500.000000 0.999920
1 1 21.000000 -0.000000 -0.000000 -0.341080 0.000000 -0.000000 0.765114 -0.000000 0.000000 0.545970 0.000000 2000.000000 0.999909
1 0 17.000000 0.199712 0.205368 0.176045 -0.174284 0.235332 -0.153630 -0.165218 0.000000 0.374860 0.000000 1500.000000 0.540991
1 0 12.000000 0.775686 -0.246280 0.044981 0.245456 0.778290 0.014234 -0.066721 0.000000 0.575299 0.000000 1500.000000 0.999792
1 0 17.000000 0.194376 0.422680 0.000000 -0.243320 0.337657 -0.000000 -0.442362 0.000000 0.000000 0.000000 2000.000000 0.540991
1 0 13.000000 -0.869235 -0.215465 -0.000000 0.191830 -0.976335 0.000000 -0.455287 0.000000 0.000000 0.000000 1200.000000 0.999827
1 0 6.000000 0.816021 0.000000 0.000000 0.000000 0.816021 0.000000 0.000000 0.000000 0.577014 12.000000 500.000000 0.999418
1 0 8.000000 -0.940199 0.317099 -0.000000 -0.314498 -0.947976 -0.000000 -0.127772 0.000000 0.000000 16.000000 800.000000 0.999605
1 0 8.000000 0.816174 0.000000 0.000000 0.000000 0.816174 0.000000 0.000000 0.000000 0.577122 34.000000 800.000000 0.999605
1 1 21.000000 0.000000 -0.000000 -0.183782 0.000000 0.000000 -0.293780 0.000000 0.000000 0.937942 0.000000 2700.000000 0.999909
1 0 15.000000 -0.424194 -0.667006 -0.144434 0.600963 -0.470811 0.204623 -0.354208 0.000000 0.520143 0.000000 2500.000000 0.999920
1 1 17.000000 0.604119 -0.509019 0.000000 0.357413 0.860374 0.000000 -0.711786 0.000000 0.000000 0.000000 2000.000000 0.999672
1 0 21.000000 0.000000 -0.000000 0.030397 0.000000 0.000000 0.354024 -0.000000 0.000000 0.408109 0.000000 2700.000000 0.541119
1 0 12.000000 0.089358 -0.978703 -0.000000 0.428142 0.204265 -0.000000 0.899051 0.000000 0.000000 0.000000 3000.000000 0.999792
1 1 17.000000 0.000000 0.000000 0.398416 -0.000000 0.000000 -0.347688 -0.000000 0.000000 0.848364 0.000000 1500.000000 0.999672
1 0 14.000000 0.089356 -0.978678 -0.000000 0.428132 0.204260 -0.000000 0.899028 0.000000 0.000000 15.000000 1800.000000 0.999766
1 0 12.000000 0.147239 0.554242 -0.093074 -0.505995 0.161278 0.319854 0.235552 0.000000 0.745265 0.000000 1500.000000 0.999792
1 0 12.000000 0.063483 0.997126 0.000000 -0.867606 0.072960 -0.000000 -0.492760 0.000000 0.000000 0.000000 1500.000000 0.999792
1 1 17.000000 0.000000 -0.000000 0.612603 0.000000 0.000000 0.362432 -0.000000 0.000000 0.701929 0.000000 2000.000000 0.999672
1 0 17.000000 0.000000 0.000000 0.276099 -0.000000 0.000000 -0.345621 -0.000000 0.000000 0.311427 0.000000 2000.000000 0.540991
1 0 17.000000 -0.000000 0.000000 -0.157559 -0.000000 -0.000000 -0.516250 -0.000000 0.000000 0.036496 0.000000 2000.000000 0.540991
1 0 6.000000 0.816021 0.000000 0.000000 0.000000 0.816021 0.000000 0.000000 0.000000 0.577014 0.000000 1500.000000 0.999418
1 0 17.000000 0.000000 -0.000000 0.203235 0.000000 0.000000 0.290028 -0.000000 0.000000 0.408962 0.000000 1500.000000 0.540991
1 0 21.000000 0.084502 -0.487660 -0.000000 0.175717 0.234516 -0.000000 0.504770 0.000000 0.000000 0.000000 2700.000000 0.541119
1 0 17.000000 0.000000 -0.000000 -0.276099 -0.000000 -0.000000 0.345621 -0.000000 0.000000 -0.311427 0.000000 2000.000000 0.540991
1 0 10.000000 0.775321 -0.246165 0.044959 0.245341 0.777924 0.014227 -0.066690 0.000000 0.575028 0.000000 1500.000000 0.999322
1 0 10.000000 0.638971 0.657066 0.000000 -0.557614 0.752933 -0.000000 -0.528608 0.000000 0.000000 0.000000 800.000000 0.999322
1 0 14.000000 0.000000 0.000000 0.038806 -0.000000 0.000000 -0.048464 -0.000000 0.000000 0.997837 15.000000 1800.000000 0.999766
1 0 15.000000 0.000000 -0.000000 0.077919 0.000000 0.000000 0.024656 -0.000000 0.000000 0.996575 0.000000 1000.000000 0.999920
1 1 21.000000 0.775777 -0.246309 0.044986 0.245485 0.778381 0.014235 -0.066729 0.000000 0.575366 0.000000 2700.000000 0.999909
1 0 15.000000 0.000000 0.000000 -0.114006 -0.000000 0.000000 0.391790 0.000000 0.000000 0.912877 0.000000 2500.000000 0.999920
1 0 6.000000 0.000000 0.000000 0.000000 0.000000 0.000000 0.000000 0.000000 0.000000 0.000000 0.000000 1500.000000 0.000000
1 1 21.000000 -0.000000 -0.000000 -0.638090 0.000000 -0.000000 0.397569 -0.000000 0.000000 0.659241 0.000000 2700.000000 0.999909
1 0 16.000000 0.000000 -0.000000 -0.183784 0.000000 0.000000 -0.293783 0.000000 0.000000 0.937953 0.000000 3000.000000 0.999920
1 1 17.000000 -0.100690 -0.799674 0.091138 0.492302 -0.163556 -0.445599 0.643218 0.000000 0.355317 0.000000 2000.000000 0.999672
1 0 6.000000 0.816021 0.000000 0.000000 0.000000 0.816021 0.000000 0.000000 0.000000 0.577014 0.000000 500.000000 0.999418
1 0 17.000000 0.194376 -0.422680 -0.000000 -0.243320 -0.337657 0.000000 -0.442362 0.000000 -0.000000 0.000000 2000.000000 0.540991
1 0 12.000000 -0.492182 0.678200 0.000000 -0.454399 -0.734593 0.000000 0.742201 0.000000 0.000000 0.000000 1500.000000 0.999792
1 0 17.000000 -0.000000 -0.000000 -0.204105 0.000000 -0.000000 0.437749 -0.000000 0.000000 0.243697 0.000000 2000.000000 0.540991
1 0 8.000000 -0.000000 0.000000 -0.121173 -0.000000 -0.000000 -0.040532 -0.000000 0.000000 0.991405 16.000000 800.000000 0.999605
1 0 17.000000 -0.460979 -0.194188 0.000000 -0.177283 0.504937 0.000000 -0.220771 0.000000 -0.000000 0.000000 2000.000000 0.540991
1 0 21.000000 0.000000 -0.000000 -0.277711 0.000000 0.000000 -0.170495 0.000000 0.000000 0.431993 0.000000 2000.000000 0.541119
1 0 17.000000 -0.010653 0.517429 -0.000000 -0.034906 -0.157919 -0.000000 -0.539758 0.000000 0.000000 0.000000 2000.000000 0.540991
0 0 4.000000 0.000000 0.000000 0.000000 0.000000 0.000000 0.000000 0.000000 0.000000 0.000000 4.000000 1000.000000 0.000000
1 0 8.000000 0.816174 0.000000 0.000000 0.000000 0.816174 0.000000 0.000000 0.000000 0.577122 16.000000 800.000000 0.999605
1 0 12.000000 -0.104833 0.326080 -0.657079 -0.071769 -0.476305 -0.449838 -0.563075 0.000000 0.179671 0.000000 1500.000000 0.999792
1 0 21.000000 0.307733 0.202039 0.000000 -0.123856 0.501986 -0.000000 -0.427516 0.000000 0.000000 0.000000 2700.000000 0.541119
1 0 15.000000 -0.741976 0.313329 -0.094491 -0.308367 -0.753913 -0.039271 -0.144712 0.000000 0.568163 0.000000 2500.000000 0.999920
0 0 4.000000 0.000000 0.000000 0.000000 0.000000 0.000000 0.000000 0.000000 0.000000 0.000000 0.000000 1000.000000 0.000000
1 0 8.000000 0.000000 0.000000 0.000000 0.000000 0.000000 0.000000 0.000000 0.000000 0.000000 34.000000 800.000000 0.000000
1 0 8.000000 -0.940199 0.317099 -0.000000 -0.314498 -0.947976 -0.000000 -0.127772 0.000000 0.000000 0.000000 800.000000 0.999605
1 0 12.000000 0.623708 0.780426 0.000000 -0.778920 0.624914 -0.000000 -0.062087 0.000000 0.000000 26.000000 3000.000000 0.999792
1 0 21.000000 0.269198 -0.458749 -0.000000 0.430319 0.286983 -0.000000 0.187531 0.000000 0.000000 0.000000 2700.000000 0.541119
1 0 16.000000 0.000000 0.000000 0.398515 -0.000000 0.000000 -0.347774 -0.000000 0.000000 0.848575 0.000000 2000.000000 0.999920
1 1 17.000000 -0.000000 -0.000000 -0.377156 0.000000 -0.000000 0.808896 -0.000000 0.000000 0.450315 0.000000 2000.000000 0.999672
1 0 6.000000 0.000000 0.000000 0.000000 0.000000 0.000000 0.000000 0.000000 0.000000 0.000000 38.000000 500.000000 0.000000
1 0 6.000000 0.631456 0.000000 0.000000 0.000000 0.631456 0.000000 0.000000 0.000000 0.446507 0.000000 1500.000000 0.773373
1 0 13.000000 0.072963 -0.799136 -0.106053 0.349589 0.166788 -0.508137 0.734098 0.000000 0.252524 0.000000 1200.000000 0.999827
1 0 17.000000 -0.000000 0.000000 -0.538316 -0.000000 -0.000000 -0.043070 -0.000000 0.000000 0.032121 0.000000 2000.000000 0.540991
1 0 21.000000 0.419826 -0.133295 0.024345 0.132849 0.421235 0.007704 -0.036112 0.000000 0.311370 0.000000 2700.000000 0.541119
1 0 10.000000 0.815943 0.000000 0.000000 0.000000 0.815943 0.000000 0.000000 0.000000 0.576959 0.000000 800.000000 0.999322
1 0 10.000000 0.359929 0.450368 0.031671 -0.449498 0.360625 -0.039553 -0.035829 0.000000 0.814368 0.000000 1500.000000 0.999322
1 0 16.000000 -0.000000 0.000000 -0.247923 -0.000000 -0.000000 -0.039908 -0.000000 0.000000 0.967875 0.000000 3000.000000 0.999920
1 0 14.000000 0.000000 0.000000 0.000000 0.000000 0.000000 0.000000 0.000000 0.000000 0.000000 15.000000 1800.000000 0.000000
1 0 17.000000 0.135499 -0.255791 0.165941 0.193365 0.179243 0.236807 -0.204468 0.000000 0.333916 0.000000 1500.000000 0.540991
0 0 4.000000 0.000000 0.000000 0.000000 0.000000 0.000000 0.000000 0.000000 0.000000 0.000000 4.000000 400.000000 0.000000
1 0 10.000000 -0.000000 -0.000000 -0.340880 0.000000 -0.000000 0.764664 -0.000000 0.000000 0.545649 0.000000 1500.000000 0.999322
1 1 21.000000 0.064512 -0.996244 0.000000 0.751362 0.085538 0.000000 -0.656591 0.000000 0.000000 0.000000 2700.000000 0.999909
1 0 15.000000 0.816431 0.000000 0.000000 0.000000 0.816431 0.000000 0.000000 0.000000 0.577304 18.000000 1000.000000 0.999920
1 0 10.000000 0.000000 -0.000000 -0.512867 0.000000 0.000000 -0.314865 0.000000 0.000000 0.797791 0.000000 1500.000000 0.999322
1 1 21.000000 0.000000 -0.000000 0.392295 0.000000 0.000000 0.253421 -0.000000 0.000000 0.884138 0.000000 2700.000000 0.999909
1 0 16.000000 0.816431 0.000000 0.000000 0.000000 0.816431 0.000000 0.000000 0.000000 0.577304 0.000000 2000.000000 0.999920
1 1 17.000000 0.359178 0.781051 0.000000 -0.449620 0.623941 -0.000000 -0.817420 0.000000 0.000000 0.000000 2000.000000 0.999672
1 0 8.000000 -0.000000 0.000000 0.229533 -0.000000 -0.000000 0.671744 0.000000 0.000000 0.703765 16.000000 800.000000 0.999605
1 1 17.000000 -0.000000 0.000000 -0.163623 -0.000000 -0.000000 -0.068002 -0.000000 0.000000 0.983843 0.000000 1500.000000 0.999672
1 0 10.000000 -0.000000 -0.000000 -0.340880 0.000000 -0.000000 0.764664 -0.000000 0.000000 0.545649 25.000000 1500.000000 0.999322
1 0 13.000000 0.255034 0.960009 -0.000000 -0.876440 0.279352 0.000000 0.408002 0.000000 0.000000 0.000000 1200.000000 0.999827
1 0 21.000000 -0.126571 -0.411913 -0.068970 0.326273 -0.159793 0.177790 -0.269689 0.000000 0.247461 0.000000 2700.000000 0.541119
0 0 4.000000 0.000000 0.000000 0.000000 0.000000 0.000000 0.000000 0.000000 0.000000 0.000000 10.000000 1000.000000 0.000000
1 0 8.000000 -0.940199 0.317099 -0.000000 -0.314498 -0.947976 -0.000000 -0.127772 0.000000 0.000000 34.000000 800.000000 0.999605
1 1 21.000000 -0.955563 0.158909 -0.000000 -0.153816 -0.987201 -0.000000 -0.251112 0.000000 0.000000 0.000000 2700.000000 0.999909
1 0 12.000000 -0.869204 -0.215458 -0.000000 0.191823 -0.976300 0.000000 -0.455271 0.000000 0.000000 0.000000 1500.000000 0.999792
1 1 21.000000 -0.100714 -0.799864 0.091159 0.492419 -0.163595 -0.445705 0.643370 0.000000 0.355401 0.000000 2700.000000 0.999909
1 0 17.000000 0.000000 0.000000 -0.214589 0.000000 -0.000000 -0.258923 -0.000000 0.000000 -0.423771 0.000000 2000.000000 0.540991
1 1 21.000000 0.000000 0.000000 0.027936 -0.000000 0.000000 -0.136025 -0.000000 0.000000 0.990220 0.000000 2700.000000 0.999909
1 1 21.000000 0.199207 0.979466 0.000000 -0.969975 0.201156 -0.000000 -0.138864 0.000000 0.000000 0.000000 2700.000000 0.999909
1 0 14.000000 -0.227593 0.946061 0.000000 -0.666068 -0.323266 0.000000 0.709991 0.000000 0.000000 15.000000 1800.000000 0.999766
1 0 10.000000 -0.000000 0.000000 0.372867 -0.000000 -0.000000 0.241013 0.000000 0.000000 0.895280 0.000000 1500.000000 0.999322
1 0 12.000000 0.255025 0.959975 -0.000000 -0.876408 0.279342 0.000000 0.407987 0.000000 0.000000 0.000000 1500.000000 0.999792
1 1 17.000000 -0.000000 -0.000000 0.380766 -0.000000 0.000000 0.146435 -0.000000 0.000000 -0.912643 0.000000 2000.000000 0.999672
1 1 21.000000 0.156148 -0.901124 -0.000000 0.324699 0.433351 -0.000000 0.932741 0.000000 0.000000 0.000000 2700.000000 0.999909
1 0 21.000000 0.000000 0.000000 0.396599 -0.000000 0.000000 -0.159623 -0.000000 0.000000 0.331722 0.000000 2700.000000 0.541119
1 0 10.000000 -0.131343 0.545966 0.187360 -0.384383 -0.186555 0.548321 0.409731 0.000000 0.574459 0.000000 1500.000000 0.999322
1 0 14.000000 0.623693 0.780407 0.000000 -0.778900 0.624899 -0.000000 -0.062086 0.000000 0.000000 15.000000 1800.000000 0.999766
1 0 21.000000 -0.000000 -0.000000 0.304248 0.000000 -0.000000 -0.349369 0.000000 0.000000 0.279615 0.000000 2000.000000 0.541119
1 0 17.000000 0.077220 -0.253336 -0.234157 0.107078 0.182696 -0.324696 0.283070 0.000000 0.186700 0.000000 1500.000000 0.540991
1 1 21.000000 0.497439 -0.847701 -0.000000 0.795166 0.530303 -0.000000 0.346529 0.000000 0.000000 0.000000 2700.000000 0.999909
1 0 10.000000 -0.100655 -0.799394 0.091106 0.492130 -0.163499 -0.445443 0.642993 0.000000 0.355192 25.000000 1500.000000 0.999322
1 0 10.000000 -0.897319 -0.438842 -0.000000 0.438603 -0.897809 0.000000 -0.033007 0.000000 0.000000 25.000000 1500.000000 0.999322
1 0 16.000000 0.000000 -0.000000 -0.530065 0.000000 0.000000 -0.735017 0.000000 0.000000 0.422636 0.000000 2000.000000 0.999920
1 1 21.000000 -0.195909 -0.435355 0.459039 0.224963 -0.379129 -0.527116 0.494251 0.000000 0.421874 0.000000 2000.000000 0.999909
1 0 8.000000 -0.000000 0.000000 -0.121173 -0.000000 -0.000000 -0.040532 -0.000000 0.000000 0.991405 0.000000 800.000000 0.999605
1 0 13.000000 0.000000 -0.000000 -0.088062 0.000000 0.000000 -0.077160 0.000000 0.000000 0.992948 0.000000 1200.000000 0.999827
1 0 10.000000 -0.000000 -0.000000 -0.250018 0.000000 -0.000000 0.354205 -0.000000 0.000000 0.900375 0.000000 800.000000 0.999322
1 0 16.000000 -0.741976 0.313328 -0.094491 -0.308367 -0.753913 -0.039271 -0.144712 0.000000 0.568163 0.000000 3000.000000 0.999920
1 1 17.000000 -0.000000 0.000000 -0.380766 -0.000000 -0.000000 -0.146435 -0.000000 0.000000 0.912643 0.000000 2000.000000 0.999672
1 0 10.000000 -0.222169 -0.912735 -0.000000 0.498371 -0.406889 0.000000 -0.837204 0.000000 0.000000 0.000000 1500.000000 0.999322
1 0 6.000000 0.000000 0.000000 0.000000 0.000000 0.000000 0.000000 0.000000 0.000000 0.000000 38.000000 1500.000000 0.000000
1 0 15.000000 -0.000000 -0.000000 -0.220746 0.000000 -0.000000 0.569037 -0.000000 0.000000 0.792028 18.000000 1000.000000 0.999920
1 0 8.000000 -0.000000 0.000000 -0.121173 -0.000000 -0.000000 -0.040532 -0.000000 0.000000 0.991405 34.000000 800.000000 0.999605
1 0 16.000000 0.000000 0.000000 0.070942 -0.000000 0.000000 -0.047954 -0.000000 0.000000 0.996247 0.000000 3000.000000 0.999920
1 1 21.000000 -0.000000 0.000000 0.373086 -0.000000 -0.000000 0.241155 0.000000 0.000000 0.895806 0.000000 2000.000000 0.999909
1 1 21.000000 -0.000000 0.000000 -0.247920 -0.000000 -0.000000 -0.039907 -0.000000 0.000000 0.967864 0.000000 2700.000000 0.999909
1 1 21.000000 -0.233884 -0.761156 -0.127446 0.602905 -0.295275 0.328530 -0.498347 0.000000 0.457272 0.000000 2700.000000 0.999909
1 0 15.000000 0.036656 0.575765 0.029364 -0.500977 0.042129 -0.401316 -0.284532 0.000000 0.710383 0.000000 2500.000000 0.999920
1 0 15.000000 0.000000 -0.000000 -0.088070 0.000000 0.000000 -0.077167 0.000000 0.000000 0.993040 0.000000 2500.000000 0.999920
1 0 12.000000 -0.000000 0.000000 -0.121195 -0.000000 -0.000000 -0.040540 -0.000000 0.000000 0.991590 0.000000 3000.000000 0.999792
1 0 15.000000 0.000000 -0.000000 0.077919 0.000000 0.000000 0.024656 -0.000000 0.000000 0.996575 18.000000 1000.000000 0.999920
1 0 17.000000 -0.162283 -0.255176 -0.110512 0.229910 -0.180117 0.156564 -0.135509 0.000000 0.397981 0.000000 1500.000000 0.540991
1 0 10.000000 -0.339125 -0.753614 0.000000 0.389419 -0.656285 -0.000000 0.855565 0.000000 0.000000 0.000000 1500.000000 0.999322
1 0 16.000000 -0.424194 -0.667006 -0.144434 0.600963 -0.470811 0.204623 -0.354208 0.000000 0.520143 0.000000 3000.000000 0.999920
1 1 21.000000 0.742656 -0.542573 0.000000 0.479753 0.839900 0.000000 -0.467031 0.000000 0.000000 0.000000 2700.000000 0.999909
1 0 21.000000 0.000000 0.000000 0.015118 -0.000000 0.000000 -0.073613 -0.000000 0.000000 0.535876 0.000000 2700.000000 0.541119
1 1 17.000000 -0.000000 -0.000000 0.557629 -0.000000 0.000000 0.811769 -0.000000 0.000000 -0.171532 0.000000 2000.000000 0.999672
1 0 10.000000 -0.897319 -0.438842 -0.000000 0.438603 -0.897809 0.000000 -0.033007 0.000000 0.000000 0.000000 1500.000000 0.999322
1 1 17.000000 0.000000 -0.000000 0.375549 0.000000 0.000000 0.535930 -0.000000 0.000000 0.755702 0.000000 1500.000000 0.999672
1 0 13.000000 -0.000000 -0.000000 -0.444589 0.000000 -0.000000 0.098116 -0.000000 0.000000 0.890151 0.000000 1200.000000 0.999827
1 0 10.000000 0.679886 -0.522844 -0.000000 0.417403 0.851633 -0.000000 0.601808 0.000000 0.000000 0.000000 1500.000000 0.999322
1 1 17.000000 0.142691 -0.468128 -0.432689 0.197864 0.337595 -0.599990 0.523071 0.000000 0.344995 0.000000 1500.000000 0.999672
1 1 21.000000 -0.000000 -0.000000 -0.029671 0.000000 -0.000000 0.014503 -0.000000 0.000000 0.999363 0.000000 2000.000000 0.999909
1 0 6.000000 0.631456 0.000000 0.000000 0.000000 0.631456 0.000000 0.000000 0.000000 0.446507 38.000000 500.000000 0.773373
1 0 10.000000 0.000000 -0.000000 -0.529748 0.000000 0.000000 -0.734577 0.000000 0.000000 0.422383 0.000000 800.000000 0.999322
1 0 6.000000 0.631456 0.000000 0.000000 0.000000 0.631456 0.000000 0.000000 0.000000 0.446507 12.000000 1500.000000 0.773373
1 0 12.000000 -0.227599 0.946085 0.000000 -0.666085 -0.323274 0.000000 0.710009 0.000000 0.000000 26.000000 3000.000000 0.999792
1 1 17.000000 -0.270830 0.458625 0.000000 0.139834 0.888261 -0.000000 -0.952072 0.000000 -0.000000 0.000000 2000.000000 0.999672
1 0 17.000000 -0.000000 -0.000000 0.206058 -0.000000 0.000000 0.079246 -0.000000 0.000000 -0.493894 0.000000 2000.000000 0.540991
1 0 17.000000 0.000000 0.000000 0.215610 -0.000000 0.000000 -0.188158 -0.000000 0.000000 0.459108 0.000000 1500.000000 0.540991
1 0 12.000000 0.036652 0.575691 0.029360 -0.500913 0.042123 -0.401264 -0.284495 0.000000 0.710291 0.000000 1500.000000 0.999792
1 0 12.000000 0.089358 -0.978703 -0.000000 0.428142 0.204265 -0.000000 0.899051 0.000000 0.000000 26.000000 3000.000000 0.999792
1 0 12.000000 0.816326 0.000000 0.000000 0.000000 0.816326 0.000000 0.000000 0.000000 0.577230 26.000000 3000.000000 0.999792
1 0 12.000000 0.000000 0.000000 0.000000 0.000000 0.000000 0.000000 0.000000 0.000000 0.000000 0.000000 3000.000000 0.000000
1 0 8.000000 0.000000 -0.000000 -0.183649 0.000000 0.000000 -0.879922 0.000000 0.000000 0.437286 34.000000 800.000000 0.999605
1 0 10.000000 -0.000000 0.000000 -0.163566 -0.000000 -0.000000 -0.067978 -0.000000 0.000000 0.983498 0.000000 800.000000 0.999322
1 1 17.000000 -0.097123 -0.823990 0.000000 -0.141387 0.566024 0.000000 -0.984845 0.000000 -0.000000 0.000000 2000.000000 0.999672
1 0 17.000000 -0.054490 -0.432758 0.049321 0.266418 -0.088512 -0.241144 0.348089 0.000000 0.192286 0.000000 2000.000000 0.540991
1 1 21.000000 0.825359 0.559971 0.000000 -0.557914 0.828402 -0.000000 -0.085629 0.000000 0.000000 0.000000 2700.000000 0.999909
1 0 6.000000 0.816021 0.000000 0.000000 0.000000 0.816021 0.000000 0.000000 0.000000 0.577014 12.000000 1500.000000 0.999418
1 0 12.000000 0.474480 0.227159 0.336040 -0.203113 0.530654 -0.143850 -0.258472 0.000000 0.729913 0.000000 1500.000000 0.999792
1 0 17.000000 0.000000 0.000000 0.000000 0.000000 0.000000 0.000000 0.000000 0.000000 0.000000 0.000000 2000.000000 0.000000
1 0 10.000000 -0.519218 -0.816424 -0.000000 0.735586 -0.576278 0.000000 -0.433555 0.000000 0.000000 0.000000 800.000000 0.999322
1 0 10.000000 -0.751884 0.542480 0.000000 -0.486001 -0.839261 0.000000 0.443979 0.000000 0.000000 0.000000 1500.000000 0.999322
1 1 21.000000 0.000000 -0.000000 -0.404241 0.000000 0.000000 -0.840592 0.000000 0.000000 0.360294 0.000000 2700.000000 0.999909
1 1 17.000000 0.000000 0.000000 -0.396529 0.000000 -0.000000 -0.478452 -0.000000 0.000000 -0.783066 0.000000 2000.000000 0.999672
1 0 14.000000 0.816306 0.000000 0.000000 0.000000 0.816306 0.000000 0.000000 0.000000 0.577215 0.000000 700.000000 0.999766
1 0 21.000000 0.441822 0.000000 0.000000 0.000000 0.441822 0.000000 0.000000 0.000000 0.312415 0.000000 2000.000000 0.541119
1 0 13.000000 0.063485 0.997162 0.000000 -0.867637 0.072962 -0.000000 -0.492778 0.000000 0.000000 0.000000 1200.000000 0.999827
1 0 17.000000 0.000000 -0.000000 0.331522 0.000000 0.000000 0.196137 -0.000000 0.000000 0.379862 0.000000 2000.000000 0.540991
1 0 21.000000 -0.000000 -0.000000 -0.184582 0.000000 -0.000000 0.414055 -0.000000 0.000000 0.295462 0.000000 2000.000000 0.541119
1 0 13.000000 -0.104837 0.326091 -0.657103 -0.071772 -0.476322 -0.449854 -0.563095 0.000000 0.179677 0.000000 1200.000000 0.999827
1 0 14.000000 0.000000 -0.816306 0.000000 0.816306 0.000000 0.000000 0.000000 0.000000 0.577215 15.000000 1800.000000 0.999766
1 1 17.000000 -0.000000 0.000000 -0.291146 -0.000000 -0.000000 -0.953955 -0.000000 0.000000 0.067438 0.000000 2000.000000 0.999672
1 0 17.000000 -0.000000 0.000000 -0.088548 -0.000000 -0.000000 -0.036801 -0.000000 0.000000 0.532425 0.000000 1500.000000 0.540991
1 0 12.000000 0.746797 -0.658880 -0.000000 0.654347 0.751971 -0.000000 0.117080 0.000000 0.000000 0.000000 1500.000000 0.999792
1 0 8.000000 0.000000 0.000000 0.038800 -0.000000 0.000000 -0.048456 -0.000000 0.000000 0.997675 0.000000 800.000000 0.999605
1 0 16.000000 0.000000 -0.000000 0.375642 0.000000 0.000000 0.536063 -0.000000 0.000000 0.755890 0.000000 2000.000000 0.999920
1 0 12.000000 0.000000 0.000000 0.000000 0.000000 0.000000 0.000000 0.000000 0.000000 0.000000 26.000000 3000.000000 0.000000
1 0 12.000000 0.000000 -0.000000 -0.183683 0.000000 0.000000 -0.880087 0.000000 0.000000 0.437368 0.000000 3000.000000 0.999792
1 0 8.000000 0.000000 0.000000 0.000000 0.000000 0.000000 0.000000 0.000000 0.000000 0.000000 16.000000 800.000000 0.000000
1 0 21.000000 0.034912 -0.539136 0.000000 0.406613 0.046290 0.000000 -0.355326 0.000000 0.000000 0.000000 2700.000000 0.541119
0 0 4.000000 0.000000 0.000000 0.000000 0.000000 0.000000 0.000000 0.000000 0.000000 0.000000 4.000000 3000.000000 0.000000
1 0 12.000000 0.000000 0.000000 0.411563 -0.000000 0.000000 -0.176180 -0.000000 0.000000 0.893957 0.000000 1500.000000 0.999792
1 0 10.000000 -0.339125 -0.753614 0.000000 0.389419 -0.656285 -0.000000 0.855565 0.000000 0.000000 25.000000 1500.000000 0.999322
1 0 15.000000 -0.000000 0.000000 -0.804858 -0.000000 -0.000000 -0.551008 -0.000000 0.000000 0.220079 0.000000 2500.000000 0.999920
1 0 21.000000 0.446658 0.303038 0.000000 -0.301925 0.448305 -0.000000 -0.046339 0.000000 0.000000 0.000000 2700.000000 0.541119
1 0 8.000000 0.000000 0.000000 0.038800 -0.000000 0.000000 -0.048456 -0.000000 0.000000 0.997675 16.000000 800.000000 0.999605
1 0 17.000000 -0.000000 0.000000 -0.206058 -0.000000 -0.000000 -0.079246 -0.000000 0.000000 0.493894 0.000000 2000.000000 0.540991
1 0 12.000000 0.816326 0.000000 0.000000 0.000000 0.816326 0.000000 0.000000 0.000000 0.577230 0.000000 3000.000000 0.999792
1 0 13.000000 0.746824 -0.658904 -0.000000 0.654371 0.751998 -0.000000 0.117084 0.000000 0.000000 0.000000 1200.000000 0.999827
1 0 17.000000 0.419726 -0.133263 0.024339 0.132817 0.421135 0.007702 -0.036103 0.000000 0.311296 0.000000 2000.000000 0.540991
1 0 10.000000 0.000000 -0.000000 0.375417 0.000000 0.000000 0.535743 -0.000000 0.000000 0.755438 0.000000 800.000000 0.999322
1 0 17.000000 -0.126541 -0.411816 -0.068954 0.326196 -0.159755 0.177748 -0.269625 0.000000 0.247403 0.000000 2000.000000 0.540991
1 0 8.000000 0.623592 0.780280 0.000000 -0.778774 0.624798 -0.000000 -0.062076 0.000000 0.000000 16.000000 800.000000 0.999605
1 0 21.000000 -0.069456 -0.285346 -0.150711 0.155804 -0.127205 0.338075 -0.261733 0.000000 0.241243 0.000000 2000.000000 0.541119
1 0 13.000000 -0.181583 0.564807 -0.000000 -0.124312 -0.825014 -0.000000 -0.975310 0.000000 0.000000 0.000000 1200.000000 0.999827
##END
