##LIST_SIZE=21
##LISTDATA
1 0 16.000000 0.000000 0.000000 0.000000 0.000000 0.000000 0.000000 0.000000 0.000000 0.000000 5.000000 2000.000000 0.000000
1 0 16.000000 0.080554 -0.264275 -0.122134 0.111701 0.190585 -0.169358 0.295293 0.000000 0.097381 5.000000 2000.000000 0.399057
1 0 16.000000 -0.169291 -0.266195 -0.057642 0.239837 -0.187895 0.081663 -0.141360 0.000000 0.207583 5.000000 2000.000000 0.399057
1 0 16.000000 0.208336 0.214236 0.091823 -0.181810 0.245494 -0.080132 -0.172352 0.000000 0.195523 5.000000 2000.000000 0.399057
1 0 16.000000 -0.296114 0.125046 -0.037710 -0.123066 -0.300878 -0.015673 -0.057753 0.000000 0.226747 5.000000 2000.000000 0.399057
1 0 16.000000 0.141350 -0.266836 0.086553 0.201715 0.186983 0.123516 -0.213297 0.000000 0.174167 5.000000 2000.000000 0.399057
1 0 16.000000 0.113921 -0.373742 -0.172724 0.157969 0.269528 -0.239509 0.417607 0.000000 0.137718 5.000000 2000.000000 0.564351
1 0 16.000000 -0.239413 -0.376456 -0.081518 0.339181 -0.265724 0.115488 -0.199914 0.000000 0.293567 5.000000 2000.000000 0.564351
1 0 16.000000 0.294632 0.302975 0.129858 -0.257118 0.347180 -0.113324 -0.243743 0.000000 0.276512 5.000000 2000.000000 0.564351
1 0 16.000000 -0.418768 0.176841 -0.053331 -0.174041 -0.425506 -0.022164 -0.081675 0.000000 0.320669 5.000000 2000.000000 0.564351
1 0 16.000000 0.199899 -0.377363 0.122405 0.285268 0.264434 0.174679 -0.301647 0.000000 0.246310 5.000000 2000.000000 0.564351
1 0 16.000000 0.161109 -0.528551 -0.244269 0.223402 0.381170 -0.338716 0.590586 0.000000 0.194762 5.000000 2000.000000 0.798113
1 0 16.000000 -0.338582 -0.532389 -0.115284 0.479675 -0.375790 0.163325 -0.282721 0.000000 0.415166 5.000000 2000.000000 0.798113
1 0 16.000000 0.416672 0.428472 0.183647 -0.363619 0.490987 -0.160264 -0.344705 0.000000 0.391047 5.000000 2000.000000 0.798113
1 0 16.000000 -0.592228 0.250092 -0.075421 -0.246132 -0.601756 -0.031345 -0.115506 0.000000 0.453495 5.000000 2000.000000 0.798113
1 0 16.000000 0.282700 -0.533672 0.173106 0.403429 0.373966 0.247033 -0.426593 0.000000 0.348335 5.000000 2000.000000 0.798113
1 0 16.000000 0.197317 -0.647340 -0.299167 0.273611 0.466836 -0.414841 0.723317 0.000000 0.238534 5.000000 2000.000000 0.977485
1 0 16.000000 -0.414676 -0.652041 -0.141193 0.587479 -0.460247 0.200031 -0.346261 0.000000 0.508472 5.000000 2000.000000 0.977485
1 0 16.000000 0.510317 0.524769 0.224921 -0.445341 0.601334 -0.196282 -0.422175 0.000000 0.478932 5.000000 2000.000000 0.977485
1 0 16.000000 -0.725328 0.306298 -0.092371 -0.301448 -0.736998 -0.038390 -0.141465 0.000000 0.555415 5.000000 2000.000000 0.977485
1 0 16.000000 0.346235 -0.653612 0.212011 0.494098 0.458013 0.302552 -0.522468 0.000000 0.426621 5.000000 2000.000000 0.977485
##END
