##LIST_SIZE=478
##LISTDATA
0 0 4.000000 0.000000 0.000000 0.000000 0.000000 0.000000 0.000000 0.000000 0.000000 0.000000 0.000000 3000.000000 0.000000
1 0 15.000000 0.000000 0.000000 0.070942 -0.000000 0.000000 -0.047954 -0.000000 0.000000 0.996247 0.000000 2500.000000 0.999920
1 0 10.000000 0.746446 -0.658571 -0.000000 0.654040 0.751617 -0.000000 0.117025 0.000000 0.000000 0.000000 800.000000 0.999322
1 0 15.000000 0.000000 0.000000 0.732866 -0.000000 0.000000 -0.294962 -0.000000 0.000000 0.612981 0.000000 2500.000000 0.999920
1 0 10.000000 -0.559193 -0.528457 -0.000000 0.348412 -0.848161 0.000000 -0.751370 0.000000 0.000000 25.000000 1500.000000 0.999322
1 1 17.000000 0.000000 0.000000 -0.263194 0.000000 -0.000000 -0.292050 -0.000000 0.000000 -0.919119 0.000000 2000.000000 0.999672
1 1 21.000000 0.538663 0.058314 -0.281831 -0.054691 0.574345 0.028614 0.200309 0.000000 0.765701 0.000000 2000.000000 0.999909
1 1 21.000000 -0.270894 0.458734 0.000000 0.139867 0.888471 -0.000000 -0.952298 0.000000 -0.000000 0.000000 2700.000000 0.999909
1 0 13.000000 0.000000 -0.000000 -0.404208 0.000000 0.000000 -0.840524 0.000000 0.000000 0.360265 0.000000 1200.000000 0.999827
1 0 12.000000 0.199183 0.979351 0.000000 -0.969861 0.201132 -0.000000 -0.138848 0.000000 0.000000 0.000000 1500.000000 0.999792
1 0 13.000000 -0.955486 0.158896 -0.000000 -0.153803 -0.987121 -0.000000 -0.251091 0.000000 0.000000 0.000000 1200.000000 0.999827
1 0 8.000000 0.000000 0.000000 0.000000 0.000000 0.000000 0.000000 0.000000 0.000000 0.000000 16.000000 800.000000 0.000000
1 1 21.000000 0.000000 0.000000 0.002768 -0.000000 0.000000 -0.008484 -0.000000 0.000000 0.999869 0.000000 2000.000000 0.999909
1 1 21.000000 0.499801 0.769875 -0.000000 0.603061 -0.638053 -0.000000 -0.621558 0.000000 -0.000000 0.000000 2700.000000 0.999909
1 0 8.000000 0.623592 0.780280 0.000000 -0.778774 0.624798 -0.000000 -0.062076 0.000000 0.000000 0.000000 800.000000 0.999605
1 0 6.000000 0.631456 0.000000 0.000000 0.000000 0.631456 0.000000 0.000000 0.000000 0.446507 12.000000 1500.000000 0.773373
1 0 16.000000 0.000000 0.000000 -0.114006 -0.000000 0.000000 0.391790 0.000000 0.000000 0.912877 0.000000 2000.000000 0.999920
1 0 12.000000 -0.000000 -0.000000 0.562139 0.000000 -0.000000 -0.645507 0.000000 0.000000 0.516627 26.000000 3000.000000 0.999792
1 0 13.000000 0.090145 -0.520222 -0.330035 0.187450 0.250175 -0.686285 0.538474 0.000000 0.294155 0.000000 1200.000000 0.999827
1 0 17.000000 -0.000000 0.000000 -0.332729 -0.000000 -0.000000 -0.155272 -0.000000 0.000000 0.397307 0.000000 2000.000000 0.540991
1 0 8.000000 0.816174 0.000000 0.000000 0.000000 0.816174 0.000000 0.000000 0.000000 0.577122 0.000000 800.000000 0.999605
1 0 17.000000 0.000000 0.000000 -0.061681 -0.000000 0.000000 0.211971 0.000000 0.000000 0.493897 0.000000 1500.000000 0.540991
1 1 21.000000 0.434432 -0.377800 -0.060143 0.376002 0.436509 -0.052054 0.056244 0.000000 0.812538 0.000000 2000.000000 0.999909
1 0 10.000000 0.742219 -0.542254 0.000000 0.479471 0.839407 0.000000 -0.466757 0.000000 0.000000 0.000000 1500.000000 0.999322
1 0 13.000000 0.328281 0.215529 0.598327 -0.132126 0.535505 -0.240813 -0.456062 0.000000 0.500450 0.000000 1200.000000 0.999827
1 1 17.000000 -0.000000 -0.000000 0.194200 -0.000000 0.000000 0.980408 -0.000000 0.000000 -0.020744 0.000000 2000.000000 0.999672
1 0 14.000000 -0.000000 -0.000000 -0.341032 0.000000 -0.000000 0.765005 -0.000000 0.000000 0.545892 0.000000 700.000000 0.999766
1 0 15.000000 0.287200 -0.489426 -0.150059 0.459095 0.306174 -0.239873 0.200071 0.000000 0.765835 0.000000 2500.000000 0.999920
1 0 21.000000 -0.461089 0.194235 -0.000000 -0.177325 -0.505057 -0.000000 -0.220824 0.000000 0.000000 0.000000 2700.000000 0.541119
1 0 13.000000 0.115003 0.565449 0.022808 -0.559970 0.116128 -0.111055 -0.080167 0.000000 0.808445 0.000000 1200.000000 0.999827
1 0 10.000000 0.000000 0.000000 0.070900 -0.000000 0.000000 -0.047926 -0.000000 0.000000 0.995651 25.000000 1500.000000 0.999322
1 0 17.000000 0.000000 0.000000 0.222698 -0.000000 0.000000 -0.095331 -0.000000 0.000000 0.483723 0.000000 1500.000000 0.540991
1 0 10.000000 -0.000000 0.000000 -0.804376 -0.000000 -0.000000 -0.550678 -0.000000 0.000000 0.219947 0.000000 800.000000 0.999322
1 1 17.000000 0.213730 -0.973063 0.000000 0.907733 0.229112 0.000000 -0.360116 0.000000 0.000000 0.000000 2000.000000 0.999672
1 0 14.000000 -0.000000 -0.000000 0.000818 0.000000 -0.000000 -0.063318 0.000000 0.000000 0.997759 15.000000 1800.000000 0.999766
1 0 10.000000 0.000000 -0.815943 0.000000 0.815943 0.000000 0.000000 0.000000 0.000000 0.576959 0.000000 800.000000 0.999322
1 0 17.000000 0.000000 0.000000 0.000000 0.000000 0.000000 0.000000 0.000000 0.000000 0.000000 0.000000 1500.000000 0.000000
1 0 12.000000 0.568578 0.373294 0.000000 -0.228840 0.927488 -0.000000 -0.789895 0.000000 0.000000 0.000000 1500.000000 0.999792
1 0 15.000000 0.000000 0.000000 0.398515 -0.000000 0.000000 -0.347774 -0.000000 0.000000 0.848575 0.000000 1000.000000 0.999920
1 0 16.000000 0.000000 0.000000 -0.396627 0.000000 -0.000000 -0.478571 -0.000000 0.000000 -0.783261 0.000000 3000.000000 0.999920
1 1 21.000000 0.359264 -0.781236 -0.000000 -0.449727 -0.624090 0.000000 -0.817614 0.000000 -0.000000 0.000000 2700.000000 0.999909
1 0 17.000000 0.000000 -0.000000 -0.195309 -0.000000 -0.000000 0.337178 -0.000000 0.000000 -0.375282 0.000000 2000.000000 0.540991
1 0 14.000000 0.000000 0.000000 0.000000 0.000000 0.000000 0.000000 0.000000 0.000000 0.000000 15.000000 1800.000000 0.000000
1 0 8.000000 0.816174 0.000000 0.000000 0.000000 0.816174 0.000000 0.000000 0.000000 0.577122 16.000000 800.000000 0.999605
0 0 4.000000 0.000000 0.000000 0.000000 0.000000 0.000000 0.000000 0.000000 0.000000 0.000000 4.000000 800.000000 0.000000
1 0 12.000000 -0.752238 0.542735 0.000000 -0.486230 -0.839656 0.000000 0.444187 0.000000 0.000000 26.000000 3000.000000 0.999792
1 0 15.000000 0.000000 -0.000000 -0.530065 0.000000 0.000000 -0.735017 0.000000 0.000000 0.422636 0.000000 1000.000000 0.999920
1 0 21.000000 -0.062134 0.299429 -0.090385 -0.208722 -0.089137 -0.303622 -0.224004 0.000000 0.307978 0.000000 2000.000000 0.541119
1 0 10.000000 0.063453 0.996657 0.000000 -0.867199 0.072925 -0.000000 -0.492529 0.000000 0.000000 0.000000 800.000000 0.999322
1 0 12.000000 -0.012894 -0.999708 0.000000 0.997701 -0.012920 -0.000000 0.063325 0.000000 0.000000 26.000000 3000.000000 0.999792
1 1 21.000000 -0.000000 0.000000 -0.291215 -0.000000 -0.000000 -0.954181 -0.000000 0.000000 0.067454 0.000000 2700.000000 0.999909
1 0 12.000000 0.000000 -0.000000 0.392249 0.000000 0.000000 0.253391 -0.000000 0.000000 0.884034 0.000000 1500.000000 0.999792
1 1 17.000000 -0.100690 -0.799674 0.091138 0.492302 -0.163556 -0.445599 0.643218 0.000000 0.355317 0.000000 2000.000000 0.999672
1 0 12.000000 0.000000 0.000000 0.070933 -0.000000 0.000000 -0.047948 -0.000000 0.000000 0.996119 0.000000 1500.000000 0.999792
1 0 8.000000 -0.000000 0.000000 0.229533 -0.000000 -0.000000 0.671744 0.000000 0.000000 0.703765 0.000000 800.000000 0.999605
1 1 21.000000 0.000000 -0.000000 0.612749 0.000000 0.000000 0.362518 -0.000000 0.000000 0.702095 0.000000 2700.000000 0.999909
1 0 17.000000 0.000000 -0.000000 -0.047649 0.000000 0.000000 -0.041750 0.000000 0.000000 0.537269 0.000000 1500.000000 0.540991
0 0 4.000000 0.000000 0.000000 0.000000 0.000000 0.000000 0.000000 0.000000 0.000000 0.000000 0.000000 1800.000000 0.000000
1 0 21.000000 0.000000 -0.000000 -0.039862 0.000000 0.000000 -0.034501 0.000000 0.000000 0.538545 0.000000 2000.000000 0.541119
1 0 10.000000 -0.955002 0.158815 -0.000000 -0.153726 -0.986621 -0.000000 -0.250964 0.000000 0.000000 0.000000 1500.000000 0.999322
1 1 17.000000 0.000000 -0.000000 -0.360902 -0.000000 -0.000000 0.623056 -0.000000 0.000000 -0.693466 0.000000 2000.000000 0.999672
1 0 14.000000 -0.000000 -0.000000 0.562125 0.000000 -0.000000 -0.645491 0.000000 0.000000 0.516614 15.000000 1800.000000 0.999766
1 0 17.000000 -0.271545 -0.067310 -0.196417 0.059927 -0.305002 0.043347 -0.142229 0.000000 0.393263 0.000000 1500.000000 0.540991
1 0 12.000000 -0.897741 -0.439049 -0.000000 0.438809 -0.898231 0.000000 -0.033022 0.000000 0.000000 26.000000 3000.000000 0.999792
1 0 10.000000 0.775321 -0.246165 0.044959 0.245341 0.777924 0.014227 -0.066690 0.000000 0.575028 0.000000 1500.000000 0.999322
1 0 6.000000 0.000000 0.000000 0.000000 0.000000 0.000000 0.000000 0.000000 0.000000 0.000000 12.000000 1500.000000 0.000000
1 0 17.000000 -0.056726 0.176443 -0.355548 -0.038834 -0.257730 -0.243409 -0.304682 0.000000 0.097220 0.000000 1500.000000 0.540991
1 1 17.000000 0.431112 -0.380359 -0.071891 0.377742 0.434098 -0.062991 0.067588 0.000000 0.810613 0.000000 1500.000000 0.999672
1 0 10.000000 0.775321 -0.246165 0.044959 0.245341 0.777924 0.014227 -0.066690 0.000000 0.575028 25.000000 1500.000000 0.999322
1 0 14.000000 -0.752219 0.542721 0.000000 -0.486218 -0.839635 0.000000 0.444176 0.000000 0.000000 15.000000 1800.000000 0.999766
1 0 10.000000 0.000000 0.000000 0.411370 -0.000000 0.000000 -0.176097 -0.000000 0.000000 0.893537 0.000000 800.000000 0.999322
1 0 16.000000 -0.424194 -0.667006 -0.144434 0.600963 -0.470811 0.204623 -0.354208 0.000000 0.520143 0.000000 3000.000000 0.999920
1 0 15.000000 -0.000000 0.000000 -0.163664 -0.000000 -0.000000 -0.068019 -0.000000 0.000000 0.984087 0.000000 1000.000000 0.999920
1 0 21.000000 -0.126571 -0.411913 -0.068970 0.326273 -0.159793 0.177790 -0.269689 0.000000 0.247461 0.000000 2700.000000 0.541119
0 0 4.000000 0.000000 0.000000 0.000000 0.000000 0.000000 0.000000 0.000000 0.000000 0.000000 10.000000 1800.000000 0.000000
1 0 21.000000 -0.461089 -0.194235 0.000000 -0.177325 0.505057 0.000000 -0.220824 0.000000 -0.000000 0.000000 2700.000000 0.541119
1 0 10.000000 0.568311 0.373119 0.000000 -0.228733 0.927053 -0.000000 -0.789524 0.000000 0.000000 25.000000 1500.000000 0.999322
1 0 8.000000 0.000000 0.000000 0.038800 -0.000000 0.000000 -0.048456 -0.000000 0.000000 0.997675 34.000000 800.000000 0.999605
1 0 10.000000 0.156056 -0.900595 -0.000000 0.324509 0.433097 -0.000000 0.932193 0.000000 0.000000 25.000000 1500.000000 0.999322
1 1 21.000000 0.216803 -0.512421 0.217687 0.417821 0.265889 0.419526 -0.334208 0.000000 0.665699 0.000000 2000.000000 0.999909
1 0 13.000000 0.000000 0.000000 0.070936 -0.000000 0.000000 -0.047950 -0.000000 0.000000 0.996155 0.000000 1200.000000 0.999827
1 1 17.000000 -0.000000 0.000000 -0.614835 -0.000000 -0.000000 -0.286920 -0.000000 0.000000 0.734165 0.000000 2000.000000 0.999672
1 0 12.000000 -0.233857 -0.761066 -0.127431 0.602834 -0.295240 0.328492 -0.498288 0.000000 0.457219 0.000000 1500.000000 0.999792
1 0 21.000000 0.000000 0.000000 0.001498 -0.000000 0.000000 -0.004591 -0.000000 0.000000 0.541098 0.000000 2000.000000 0.541119
1 0 6.000000 0.816021 0.000000 0.000000 0.000000 0.816021 0.000000 0.000000 0.000000 0.577014 38.000000 1500.000000 0.999418
1 0 14.000000 0.000000 0.000000 0.000000 0.000000 0.000000 0.000000 0.000000 0.000000 0.000000 0.000000 700.000000 0.000000
1 0 16.000000 -0.000000 0.000000 -0.804858 -0.000000 -0.000000 -0.551008 -0.000000 0.000000 0.220079 0.000000 2000.000000 0.999920
1 1 21.000000 0.000000 0.000000 -0.556564 -0.000000 0.000000 0.586002 0.000000 0.000000 0.588775 0.000000 2000.000000 0.999909
1 1 21.000000 -0.852024 -0.358917 0.000000 -0.327671 0.933272 0.000000 -0.408050 0.000000 -0.000000 0.000000 2700.000000 0.999909
1 1 17.000000 0.474424 0.227132 0.336000 -0.203088 0.530590 -0.143833 -0.258441 0.000000 0.729825 0.000000 1500.000000 0.999672
1 0 13.000000 -0.000000 -0.000000 -0.638038 0.000000 -0.000000 0.397537 -0.000000 0.000000 0.659187 0.000000 1200.000000 0.999827
1 1 17.000000 0.000000 -0.000000 0.815450 0.000000 0.000000 0.443458 -0.000000 0.000000 0.371119 0.000000 2000.000000 0.999672
1 1 17.000000 0.000000 -0.000000 -0.088048 0.000000 0.000000 -0.077148 0.000000 0.000000 0.992794 0.000000 1500.000000 0.999672
1 0 12.000000 0.287163 -0.489363 -0.150040 0.459036 0.306135 -0.239842 0.200045 0.000000 0.765737 0.000000 1500.000000 0.999792
1 0 8.000000 -0.227556 0.945908 0.000000 -0.665960 -0.323214 0.000000 0.709877 0.000000 0.000000 34.000000 800.000000 0.999605
1 0 16.000000 -0.000000 0.000000 -0.994976 -0.000000 -0.000000 -0.079608 -0.000000 0.000000 0.059370 0.000000 3000.000000 0.999920
1 1 17.000000 -0.000000 0.000000 0.355921 0.000000 0.000000 -0.800412 -0.000000 0.000000 -0.481668 0.000000 2000.000000 0.999672
1 0 21.000000 0.419826 -0.133295 0.024345 0.132849 0.421235 0.007704 -0.036112 0.000000 0.311370 0.000000 2700.000000 0.541119
1 0 21.000000 -0.000000 0.000000 0.457919 0.000000 0.000000 -0.236432 -0.000000 0.000000 -0.164987 0.000000 2700.000000 0.541119
1 0 16.000000 0.354182 -0.668614 0.216877 0.505439 0.468525 0.309496 -0.534460 0.000000 0.436413 0.000000 3000.000000 0.999920
1 0 12.000000 0.775686 -0.246280 0.044981 0.245456 0.778290 0.014234 -0.066721 0.000000 0.575299 0.000000 1500.000000 0.999792
1 0 10.000000 0.000000 -0.000000 0.056135 0.000000 0.000000 0.653800 -0.000000 0.000000 0.753683 25.000000 1500.000000 0.999322
1 0 13.000000 0.064507 -0.996162 0.000000 0.751300 0.085531 0.000000 -0.656538 0.000000 0.000000 0.000000 1200.000000 0.999827
1 0 21.000000 0.095656 0.057142 0.412766 -0.017796 0.307145 -0.076792 -0.296878 0.000000 0.137600 0.000000 2000.000000 0.541119
1 0 17.000000 0.176436 -0.258455 0.000000 0.095949 0.475260 0.000000 -0.502330 0.000000 0.000000 0.000000 2000.000000 0.540991
1 0 12.000000 0.000000 0.000000 0.027933 -0.000000 0.000000 -0.136009 -0.000000 0.000000 0.990103 0.000000 1500.000000 0.999792
1 0 8.000000 0.000000 -0.000000 -0.183649 0.000000 0.000000 -0.879922 0.000000 0.000000 0.437286 34.000000 800.000000 0.999605
1 0 15.000000 0.115013 0.565501 0.022810 -0.560022 0.116139 -0.111065 -0.080174 0.000000 0.808520 0.000000 2500.000000 0.999920
1 0 12.000000 -0.100702 -0.799770 0.091149 0.492361 -0.163576 -0.445652 0.643295 0.000000 0.355359 0.000000 1500.000000 0.999792
1 1 21.000000 -0.000000 -0.000000 0.380856 -0.000000 0.000000 0.146469 -0.000000 0.000000 -0.912860 0.000000 2700.000000 0.999909
1 0 12.000000 0.428722 -0.313218 0.320270 0.276953 0.484860 0.206893 -0.269609 0.000000 0.721811 0.000000 1500.000000 0.999792
1 0 10.000000 -0.000000 0.000000 0.545073 -0.000000 -0.000000 0.503229 0.000000 0.000000 0.669552 0.000000 800.000000 0.999322
1 1 17.000000 -0.015819 0.335844 0.000000 0.005643 0.941569 -0.000000 -0.999531 0.000000 -0.000000 0.000000 2000.000000 0.999672
1 0 12.000000 -0.000000 -0.000000 -0.341040 0.000000 -0.000000 0.765024 -0.000000 0.000000 0.545906 0.000000 3000.000000 0.999792
1 0 17.000000 0.000000 0.000000 0.195309 -0.000000 0.000000 -0.337178 -0.000000 0.000000 0.375282 0.000000 2000.000000 0.540991
1 0 12.000000 0.816326 0.000000 0.000000 0.000000 0.816326 0.000000 0.000000 0.000000 0.577230 26.000000 3000.000000 0.999792
1 1 17.000000 0.000000 0.000000 0.411514 -0.000000 0.000000 -0.176158 -0.000000 0.000000 0.893850 0.000000 1500.000000 0.999672
1 0 13.000000 0.000000 0.000000 0.732798 -0.000000 0.000000 -0.294935 -0.000000 0.000000 0.612924 0.000000 1200.000000 0.999827
1 0 17.000000 -0.000000 -0.000000 -0.240560 0.000000 -0.000000 0.053089 -0.000000 0.000000 0.481646 0.000000 1500.000000 0.540991
1 0 15.000000 0.428777 -0.313258 0.320311 0.276989 0.484922 0.206920 -0.269643 0.000000 0.721904 0.000000 2500.000000 0.999920
1 0 17.000000 0.000000 -0.000000 0.044665 0.000000 0.000000 0.189696 -0.000000 0.000000 0.504670 0.000000 2000.000000 0.540991
1 0 16.000000 -0.000000 0.000000 0.846176 0.000000 0.000000 -0.436896 -0.000000 0.000000 -0.304875 0.000000 3000.000000 0.999920
1 0 10.000000 0.000000 -0.000000 0.392065 0.000000 0.000000 0.253272 -0.000000 0.000000 0.883619 0.000000 1500.000000 0.999322
1 0 10.000000 -0.000000 0.000000 -0.247775 -0.000000 -0.000000 -0.039884 -0.000000 0.000000 0.967296 0.000000 1500.000000 0.999322
1 0 21.000000 -0.000000 0.000000 -0.538444 -0.000000 -0.000000 -0.043081 -0.000000 0.000000 0.032129 0.000000 2700.000000 0.541119
1 0 10.000000 -0.233747 -0.760709 -0.127372 0.602551 -0.295101 0.328337 -0.498054 0.000000 0.457004 0.000000 1500.000000 0.999322
1 0 15.000000 0.090153 -0.520270 -0.330065 0.187467 0.250198 -0.686348 0.538524 0.000000 0.294182 0.000000 2500.000000 0.999920
1 0 10.000000 -0.542671 0.183025 -0.098909 -0.181524 -0.547159 -0.033085 -0.073748 0.000000 0.809250 0.000000 1500.000000 0.999322
1 0 10.000000 -0.100655 -0.799394 0.091106 0.492130 -0.163499 -0.445443 0.642993 0.000000 0.355192 0.000000 1500.000000 0.999322
1 0 12.000000 0.000000 -0.000000 0.056162 0.000000 0.000000 0.654107 -0.000000 0.000000 0.754037 0.000000 1500.000000 0.999792
1 1 17.000000 -0.284127 0.391512 0.445206 -0.262316 -0.424067 0.411029 0.428458 0.000000 0.546878 0.000000 1500.000000 0.999672
1 1 21.000000 -0.097146 -0.824186 0.000000 -0.141421 0.566159 0.000000 -0.985079 0.000000 -0.000000 0.000000 2700.000000 0.999909
1 0 12.000000 -0.222274 -0.913164 -0.000000 0.498606 -0.407080 0.000000 -0.837598 0.000000 0.000000 0.000000 3000.000000 0.999792
1 0 12.000000 0.000000 0.000000 0.732771 -0.000000 0.000000 -0.294924 -0.000000 0.000000 0.612902 0.000000 1500.000000 0.999792
1 0 12.000000 0.497381 -0.847601 -0.000000 0.795073 0.530241 -0.000000 0.346488 0.000000 0.000000 0.000000 1500.000000 0.999792
1 0 10.000000 0.199090 0.978891 0.000000 -0.969405 0.201038 -0.000000 -0.138783 0.000000 0.000000 25.000000 1500.000000 0.999322
1 0 17.000000 0.233304 -0.205838 -0.038905 0.204422 0.234920 -0.034089 0.036576 0.000000 0.438678 0.000000 1500.000000 0.540991
1 1 21.000000 -0.000000 -0.000000 -0.377245 0.000000 -0.000000 0.809088 -0.000000 0.000000 0.450422 0.000000 2700.000000 0.999909
1 0 15.000000 0.000000 0.000000 0.398515 -0.000000 0.000000 -0.347774 -0.000000 0.000000 0.848575 18.000000 1000.000000 0.999920
1 0 16.000000 -0.000000 -0.000000 0.380860 -0.000000 0.000000 0.146471 -0.000000 0.000000 -0.912870 0.000000 3000.000000 0.999920
1 1 21.000000 0.179029 0.548834 0.002260 -0.548812 0.179036 -0.006927 -0.005152 0.000000 0.816390 0.000000 2000.000000 0.999909
1 0 8.000000 -0.000000 0.000000 -0.121173 -0.000000 -0.000000 -0.040532 -0.000000 0.000000 0.991405 34.000000 800.000000 0.999605
1 0 8.000000 0.000000 0.000000 0.000000 0.000000 0.000000 0.000000 0.000000 0.000000 0.000000 34.000000 800.000000 0.000000
0 0 4.000000 0.000000 0.000000 0.000000 0.000000 0.000000 0.000000 0.000000 0.000000 0.000000 4.000000 1800.000000 0.000000
1 0 15.000000 -0.000000 0.000000 -0.163664 -0.000000 -0.000000 -0.068019 -0.000000 0.000000 0.984087 18.000000 1000.000000 0.999920
1 0 10.000000 0.000000 -0.000000 -0.404004 0.000000 0.000000 -0.840098 0.000000 0.000000 0.360082 0.000000 1500.000000 0.999322
1 0 16.000000 -0.000000 -0.000000 -0.377250 0.000000 -0.000000 0.809097 -0.000000 0.000000 0.450427 0.000000 3000.000000 0.999920
1 0 15.000000 -0.551701 0.091747 -0.202428 -0.088807 -0.569967 -0.032585 -0.144981 0.000000 0.790267 0.000000 2500.000000 0.999920
1 1 21.000000 -0.000000 0.000000 -0.994965 -0.000000 -0.000000 -0.079607 -0.000000 0.000000 0.059370 0.000000 2700.000000 0.999909
1 1 21.000000 0.816422 0.000000 0.000000 0.000000 0.816422 0.000000 0.000000 0.000000 0.577298 0.000000 2000.000000 0.999909
1 1 17.000000 -0.000000 -0.000000 0.614835 -0.000000 0.000000 0.286920 -0.000000 0.000000 -0.734165 0.000000 2000.000000 0.999672
1 0 12.000000 0.742568 -0.542509 0.000000 0.479697 0.839802 0.000000 -0.466976 0.000000 0.000000 0.000000 1500.000000 0.999792
1 1 17.000000 0.326028 -0.477588 0.000000 0.177300 0.878210 0.000000 -0.928232 0.000000 0.000000 0.000000 2000.000000 0.999672
1 1 21.000000 0.000000 -0.000000 0.266611 0.000000 0.000000 0.513812 -0.000000 0.000000 0.815312 0.000000 2000.000000 0.999909
1 1 17.000000 -0.004031 -0.980619 0.000000 -0.020349 0.194242 0.000000 -0.999456 0.000000 -0.000000 0.000000 2000.000000 0.999672
1 0 12.000000 -0.551630 0.091735 -0.202402 -0.088795 -0.569894 -0.032580 -0.144962 0.000000 0.790165 0.000000 1500.000000 0.999792
1 0 10.000000 0.497147 -0.847203 -0.000000 0.794700 0.529992 -0.000000 0.346325 0.000000 0.000000 25.000000 1500.000000 0.999322
1 1 21.000000 0.604263 -0.509140 0.000000 0.357497 0.860578 0.000000 -0.711955 0.000000 0.000000 0.000000 2700.000000 0.999909
1 0 8.000000 -0.940199 0.317099 -0.000000 -0.314498 -0.947976 -0.000000 -0.127772 0.000000 0.000000 16.000000 800.000000 0.999605
1 0 12.000000 0.064505 -0.996127 0.000000 0.751273 0.085528 0.000000 -0.656514 0.000000 0.000000 0.000000 1500.000000 0.999792
1 1 21.000000 -0.852024 0.358917 -0.000000 -0.327671 -0.933272 -0.000000 -0.408050 0.000000 0.000000 0.000000 2700.000000 0.999909
1 0 16.000000 0.000000 0.000000 0.411616 -0.000000 0.000000 -0.176202 -0.000000 0.000000 0.894072 0.000000 2000.000000 0.999920
1 0 15.000000 0.816431 0.000000 0.000000 0.000000 0.816431 0.000000 0.000000 0.000000 0.577304 18.000000 1000.000000 0.999920
1 0 13.000000 0.072963 -0.799136 -0.106053 0.349589 0.166788 -0.508137 0.734098 0.000000 0.252524 0.000000 1200.000000 0.999827
1 0 12.000000 -0.222274 -0.913164 -0.000000 0.498606 -0.407080 0.000000 -0.837598 0.000000 0.000000 26.000000 3000.000000 0.999792
1 0 10.000000 0.568311 0.373119 0.000000 -0.228733 0.927053 -0.000000 -0.789524 0.000000 0.000000 0.000000 1500.000000 0.999322
1 0 17.000000 0.419726 -0.133263 0.024339 0.132817 0.421135 0.007702 -0.036103 0.000000 0.311296 0.000000 2000.000000 0.540991
1 0 21.000000 0.126685 0.226527 -0.245925 -0.133386 0.215148 0.258932 0.252512 0.000000 0.260158 0.000000 2000.000000 0.541119
1 0 8.000000 0.000000 -0.000000 -0.183649 0.000000 0.000000 -0.879922 0.000000 0.000000 0.437286 0.000000 800.000000 0.999605
1 0 16.000000 0.522030 0.536813 0.230083 -0.455562 0.615136 -0.200787 -0.431865 0.000000 0.489925 0.000000 3000.000000 0.999920
1 1 21.000000 -0.000000 0.000000 -0.380856 -0.000000 -0.000000 -0.146469 -0.000000 0.000000 0.912860 0.000000 2700.000000 0.999909
1 0 15.000000 0.000000 -0.000000 0.056169 0.000000 0.000000 0.654191 -0.000000 0.000000 0.754134 0.000000 2500.000000 0.999920
1 0 10.000000 0.000000 -0.000000 0.056135 0.000000 0.000000 0.653800 -0.000000 0.000000 0.753683 0.000000 1500.000000 0.999322
1 0 17.000000 -0.125758 -0.376750 -0.000000 0.122037 -0.388240 0.000000 -0.511823 0.000000 0.000000 0.000000 2000.000000 0.540991
1 1 17.000000 -0.000000 0.000000 0.545264 -0.000000 -0.000000 0.503405 0.000000 0.000000 0.669786 0.000000 1500.000000 0.999672
1 0 10.000000 -0.000000 -0.000000 -0.637715 0.000000 -0.000000 0.397336 -0.000000 0.000000 0.658853 25.000000 1500.000000 0.999322
1 1 17.000000 0.000000 0.000000 0.360902 -0.000000 0.000000 -0.623056 -0.000000 0.000000 0.693466 0.000000 2000.000000 0.999672
1 0 12.000000 -0.000000 -0.000000 0.000818 0.000000 -0.000000 -0.063319 0.000000 0.000000 0.997784 26.000000 3000.000000 0.999792
1 0 17.000000 -0.000000 0.000000 0.509475 0.000000 0.000000 -0.181723 -0.000000 0.000000 -0.009089 0.000000 2000.000000 0.540991
1 1 21.000000 0.775777 -0.246309 0.044986 0.245485 0.778381 0.014235 -0.066729 0.000000 0.575366 0.000000 2700.000000 0.999909
1 0 17.000000 -0.054490 -0.432758 0.049321 0.266418 -0.088512 -0.241144 0.348089 0.000000 0.192286 0.000000 2000.000000 0.540991
1 1 21.000000 -0.114815 0.553302 -0.167018 -0.385687 -0.164712 -0.561050 -0.413927 0.000000 0.569099 0.000000 2000.000000 0.999909
1 1 21.000000 -0.000000 -0.000000 0.557762 -0.000000 0.000000 0.811962 -0.000000 0.000000 -0.171573 0.000000 2700.000000 0.999909
1 1 17.000000 -0.665290 0.422743 -0.000000 -0.310465 -0.905887 -0.000000 -0.678487 0.000000 0.000000 0.000000 2000.000000 0.999672
1 0 10.000000 0.000000 0.000000 0.027919 -0.000000 0.000000 -0.135945 -0.000000 0.000000 0.989638 25.000000 1500.000000 0.999322
1 0 8.000000 0.623592 0.780280 0.000000 -0.778774 0.624798 -0.000000 -0.062076 0.000000 0.000000 34.000000 800.000000 0.999605
1 0 21.000000 0.000000 -0.000000 -0.276164 -0.000000 -0.000000 0.345703 -0.000000 0.000000 -0.311501 0.000000 2700.000000 0.541119
1 0 15.000000 0.000000 -0.000000 -0.404246 0.000000 0.000000 -0.840601 0.000000 0.000000 0.360298 0.000000 2500.000000 0.999920
1 1 17.000000 -0.233829 -0.760975 -0.127416 0.602762 -0.295205 0.328452 -0.498228 0.000000 0.457164 0.000000 2000.000000 0.999672
1 0 14.000000 0.816306 0.000000 0.000000 0.000000 0.816306 0.000000 0.000000 0.000000 0.577215 0.000000 700.000000 0.999766
1 0 6.000000 0.816021 0.000000 0.000000 0.000000 0.816021 0.000000 0.000000 0.000000 0.577014 12.000000 1500.000000 0.999418
1 0 12.000000 -0.000000 -0.000000 0.000818 0.000000 -0.000000 -0.063319 0.000000 0.000000 0.997784 0.000000 3000.000000 0.999792
1 0 14.000000 -0.000000 -0.000000 -0.029667 0.000000 -0.000000 0.014501 -0.000000 0.000000 0.999221 0.000000 700.000000 0.999766
1 0 17.000000 -0.153761 0.211874 0.240932 -0.141957 -0.229492 0.222436 0.231868 0.000000 0.295953 0.000000 1500.000000 0.540991
1 1 17.000000 0.000000 0.000000 0.035955 -0.000000 0.000000 -0.491387 -0.000000 0.000000 0.869821 0.000000 1500.000000 0.999672
1 1 17.000000 0.000000 -0.000000 0.082534 0.000000 0.000000 0.350530 -0.000000 0.000000 0.932556 0.000000 2000.000000 0.999672
1 0 21.000000 0.194422 0.422780 0.000000 -0.243378 0.337738 -0.000000 -0.442467 0.000000 0.000000 0.000000 2700.000000 0.541119
1 0 12.000000 -0.000000 0.000000 -0.247891 -0.000000 -0.000000 -0.039903 -0.000000 0.000000 0.967750 0.000000 1500.000000 0.999792
1 0 14.000000 -0.000000 -0.000000 0.562125 0.000000 -0.000000 -0.645491 0.000000 0.000000 0.516614 0.000000 700.000000 0.999766
1 1 17.000000 -0.000000 -0.000000 -0.444520 0.000000 -0.000000 0.098100 -0.000000 0.000000 0.890012 0.000000 1500.000000 0.999672
1 1 21.000000 0.000000 0.000000 -0.345171 -0.000000 0.000000 0.035045 0.000000 0.000000 0.937788 0.000000 2000.000000 0.999909
1 0 6.000000 0.000000 0.000000 0.000000 0.000000 0.000000 0.000000 0.000000 0.000000 0.000000 38.000000 500.000000 0.000000
1 0 21.000000 0.261183 0.121303 0.171302 -0.110045 0.287904 -0.072175 -0.131441 0.000000 0.400815 0.000000 2000.000000 0.541119
1 0 21.000000 0.194422 -0.422780 -0.000000 -0.243378 -0.337738 0.000000 -0.442467 0.000000 -0.000000 0.000000 2700.000000 0.541119
1 0 15.000000 -0.000000 -0.000000 -0.250167 0.000000 -0.000000 0.354417 -0.000000 0.000000 0.900914 18.000000 1000.000000 0.999920
1 0 12.000000 -0.955451 0.158890 -0.000000 -0.153798 -0.987085 -0.000000 -0.251082 0.000000 0.000000 0.000000 1500.000000 0.999792
1 0 16.000000 0.816431 0.000000 0.000000 0.000000 0.816431 0.000000 0.000000 0.000000 0.577304 0.000000 2000.000000 0.999920
1 0 21.000000 0.327008 -0.275530 0.000000 0.193466 0.465718 0.000000 -0.385288 0.000000 0.000000 0.000000 2700.000000 0.541119
1 1 21.000000 -0.000000 0.000000 0.846167 0.000000 0.000000 -0.436891 -0.000000 0.000000 -0.304871 0.000000 2700.000000 0.999909
1 0 12.000000 0.328269 0.215521 0.598305 -0.132121 0.535486 -0.240805 -0.456046 0.000000 0.500432 0.000000 1500.000000 0.999792
1 1 17.000000 0.036647 0.575622 0.029357 -0.500853 0.042118 -0.401216 -0.284461 0.000000 0.710206 0.000000 1500.000000 0.999672
1 0 21.000000 0.291507 0.031557 -0.152518 -0.029597 0.310817 0.015485 0.108401 0.000000 0.414373 0.000000 2000.000000 0.541119
1 0 14.000000 -0.000000 -0.000000 -0.341032 0.000000 -0.000000 0.765005 -0.000000 0.000000 0.545892 15.000000 1800.000000 0.999766
1 0 12.000000 0.037242 -0.575114 0.045856 0.433748 0.049379 0.534076 -0.379039 0.000000 0.615669 0.000000 1500.000000 0.999792
1 1 17.000000 0.230322 0.115609 -0.000000 0.026816 -0.992964 -0.000000 -0.972407 0.000000 -0.000000 0.000000 2000.000000 0.999672
1 0 8.000000 0.623592 0.780280 0.000000 -0.778774 0.624798 -0.000000 -0.062076 0.000000 0.000000 16.000000 800.000000 0.999605
1 0 12.000000 0.476465 0.323261 0.057917 -0.322074 0.478222 -0.039150 -0.049432 0.000000 0.813328 0.000000 1500.000000 0.999792
1 0 15.000000 0.000000 -0.000000 0.375642 0.000000 0.000000 0.536063 -0.000000 0.000000 0.755890 0.000000 1000.000000 0.999920
1 0 10.000000 -0.491951 0.677882 0.000000 -0.454185 -0.734248 0.000000 0.741852 0.000000 0.000000 0.000000 800.000000 0.999322
1 0 8.000000 0.089341 -0.978520 -0.000000 0.428062 0.204227 -0.000000 0.898883 0.000000 0.000000 16.000000 800.000000 0.999605
1 0 17.000000 -0.002181 -0.530680 0.000000 -0.011012 0.105118 0.000000 -0.540874 0.000000 -0.000000 0.000000 2000.000000 0.540991
1 0 10.000000 0.815943 0.000000 0.000000 0.000000 0.815943 0.000000 0.000000 0.000000 0.576959 0.000000 800.000000 0.999322
1 1 17.000000 -0.000000 -0.000000 -0.678731 0.000000 -0.000000 0.658644 -0.000000 0.000000 0.323813 0.000000 2000.000000 0.999672
1 0 14.000000 -0.000000 0.000000 0.373033 -0.000000 -0.000000 0.241120 0.000000 0.000000 0.895679 15.000000 1800.000000 0.999766
1 0 15.000000 0.000000 0.000000 0.000000 0.000000 0.000000 0.000000 0.000000 0.000000 0.000000 0.000000 2500.000000 0.000000
1 0 12.000000 0.000000 -0.000000 -0.513109 0.000000 0.000000 -0.315013 0.000000 0.000000 0.798166 0.000000 3000.000000 0.999792
1 0 21.000000 -0.054503 -0.432861 0.049333 0.266482 -0.088533 -0.241201 0.348172 0.000000 0.192332 0.000000 2700.000000 0.541119
1 0 16.000000 -0.000000 0.000000 0.545399 -0.000000 -0.000000 0.503531 0.000000 0.000000 0.669953 0.000000 2000.000000 0.999920
1 0 16.000000 0.000000 0.000000 0.000000 0.000000 0.000000 0.000000 0.000000 0.000000 0.000000 0.000000 2000.000000 0.000000
1 0 10.000000 -0.559193 -0.528457 -0.000000 0.348412 -0.848161 0.000000 -0.751370 0.000000 0.000000 0.000000 1500.000000 0.999322
1 0 17.000000 -0.008561 0.181748 0.000000 0.003054 0.509547 -0.000000 -0.540914 0.000000 -0.000000 0.000000 2000.000000 0.540991
1 1 21.000000 -0.059181 0.079748 -0.000000 -0.004735 -0.996724 -0.000000 -0.998145 0.000000 0.000000 0.000000 2700.000000 0.999909
1 0 13.000000 -0.323014 -0.305259 -0.520956 0.201257 -0.489934 0.324587 -0.434023 0.000000 0.538224 0.000000 1200.000000 0.999827
1 0 16.000000 -0.000000 -0.000000 -0.444631 0.000000 -0.000000 0.098125 -0.000000 0.000000 0.890233 0.000000 2000.000000 0.999920
1 0 10.000000 -0.000000 -0.000000 -0.637715 0.000000 -0.000000 0.397336 -0.000000 0.000000 0.658853 0.000000 1500.000000 0.999322
1 0 16.000000 0.201846 -0.662198 -0.306033 0.279891 0.477550 -0.424362 0.739918 0.000000 0.244009 0.000000 3000.000000 0.999920
1 0 13.000000 0.497399 -0.847631 -0.000000 0.795102 0.530260 -0.000000 0.346501 0.000000 0.000000 0.000000 1200.000000 0.999827
1 0 21.000000 0.000000 -0.000000 0.331600 0.000000 0.000000 0.196183 -0.000000 0.000000 0.379952 0.000000 2700.000000 0.541119
1 0 6.000000 0.000000 0.000000 0.000000 0.000000 0.000000 0.000000 0.000000 0.000000 0.000000 0.000000 1500.000000 0.000000
1 0 17.000000 0.124643 0.062564 -0.000000 0.014512 -0.537361 -0.000000 -0.526236 0.000000 -0.000000 0.000000 2000.000000 0.540991
1 0 12.000000 0.000000 0.000000 0.000000 0.000000 0.000000 0.000000 0.000000 0.000000 0.000000 26.000000 3000.000000 0.000000
1 0 12.000000 -0.000000 -0.000000 -0.341040 0.000000 -0.000000 0.765024 -0.000000 0.000000 0.545906 26.000000 3000.000000 0.999792
1 0 17.000000 0.000000 0.000000 0.000000 0.000000 0.000000 0.000000 0.000000 0.000000 0.000000 0.000000 2000.000000 0.000000
1 1 21.000000 0.176759 0.105590 0.762732 -0.032885 0.567559 -0.141900 -0.548587 0.000000 0.254264 0.000000 2000.000000 0.999909
1 0 8.000000 0.089341 -0.978520 -0.000000 0.428062 0.204227 -0.000000 0.898883 0.000000 0.000000 0.000000 800.000000 0.999605
1 0 13.000000 0.000000 0.000000 0.027934 -0.000000 0.000000 -0.136014 -0.000000 0.000000 0.990139 0.000000 1200.000000 0.999827
1 1 17.000000 -0.000000 0.000000 -0.804658 -0.000000 -0.000000 -0.550871 -0.000000 0.000000 0.220024 0.000000 1500.000000 0.999672
1 0 12.000000 -0.339284 -0.753969 0.000000 0.389602 -0.656593 -0.000000 0.855967 0.000000 0.000000 26.000000 3000.000000 0.999792
1 0 8.000000 -0.000000 0.000000 0.229533 -0.000000 -0.000000 0.671744 0.000000 0.000000 0.703765 16.000000 800.000000 0.999605
1 0 13.000000 0.568599 0.373307 0.000000 -0.228849 0.927522 -0.000000 -0.789923 0.000000 0.000000 0.000000 1200.000000 0.999827
1 0 13.000000 -0.551650 0.091738 -0.202409 -0.088798 -0.569914 -0.032582 -0.144967 0.000000 0.790193 0.000000 1200.000000 0.999827
1 0 10.000000 0.359929 0.450368 0.031671 -0.449498 0.360625 -0.039553 -0.035829 0.000000 0.814368 0.000000 1500.000000 0.999322
1 0 12.000000 -0.559456 -0.528705 -0.000000 0.348575 -0.848560 0.000000 -0.751723 0.000000 0.000000 0.000000 1500.000000 0.999792
1 0 17.000000 0.188102 0.468127 0.000000 -0.324737 0.271160 -0.000000 -0.389660 0.000000 0.000000 0.000000 2000.000000 0.540991
1 1 17.000000 0.347585 0.865030 0.000000 -0.600066 0.501065 -0.000000 -0.720034 0.000000 0.000000 0.000000 2000.000000 0.999672
1 0 17.000000 0.000000 0.000000 0.019458 -0.000000 0.000000 -0.265923 -0.000000 0.000000 0.470720 0.000000 1500.000000 0.540991
1 0 15.000000 -0.424194 -0.667006 -0.144434 0.600963 -0.470811 0.204623 -0.354208 0.000000 0.520143 0.000000 2500.000000 0.999920
1 0 14.000000 -0.897719 -0.439038 -0.000000 0.438798 -0.898209 0.000000 -0.033021 0.000000 0.000000 15.000000 1800.000000 0.999766
1 0 12.000000 -0.000000 0.000000 0.373042 -0.000000 -0.000000 0.241126 0.000000 0.000000 0.895701 26.000000 3000.000000 0.999792
1 0 13.000000 0.476483 0.323273 0.057919 -0.322085 0.478239 -0.039151 -0.049434 0.000000 0.813357 0.000000 1200.000000 0.999827
1 0 14.000000 -0.000000 -0.000000 0.000818 0.000000 -0.000000 -0.063318 0.000000 0.000000 0.997759 0.000000 700.000000 0.999766
1 0 15.000000 0.000000 -0.000000 0.375642 0.000000 0.000000 0.536063 -0.000000 0.000000 0.755890 18.000000 1000.000000 0.999920
1 0 10.000000 0.156056 -0.900595 -0.000000 0.324509 0.433097 -0.000000 0.932193 0.000000 0.000000 0.000000 1500.000000 0.999322
1 0 10.000000 0.742219 -0.542254 0.000000 0.479471 0.839407 0.000000 -0.466757 0.000000 0.000000 25.000000 1500.000000 0.999322
1 0 21.000000 -0.010656 0.517552 -0.000000 -0.034914 -0.157956 -0.000000 -0.539886 0.000000 0.000000 0.000000 2700.000000 0.541119
1 0 15.000000 0.816431 0.000000 0.000000 0.000000 0.816431 0.000000 0.000000 0.000000 0.577304 0.000000 1000.000000 0.999920
1 1 17.000000 -0.014427 0.914287 -0.000000 -0.032629 -0.404257 -0.000000 -0.999035 0.000000 0.000000 0.000000 2000.000000 0.999672
1 0 10.000000 -0.000000 -0.000000 -0.444365 0.000000 -0.000000 0.098066 -0.000000 0.000000 0.889701 0.000000 800.000000 0.999322
1 0 21.000000 0.000000 0.000000 0.505533 -0.000000 0.000000 -0.094050 -0.000000 0.000000 0.168525 0.000000 2000.000000 0.541119
1 0 16.000000 0.000000 0.000000 0.510317 -0.000000 0.000000 -0.638815 -0.000000 0.000000 0.575614 0.000000 3000.000000 0.999920
1 0 12.000000 -0.000000 0.000000 0.373042 -0.000000 -0.000000 0.241126 0.000000 0.000000 0.895701 0.000000 3000.000000 0.999792
0 0 4.000000 0.000000 0.000000 0.000000 0.000000 0.000000 0.000000 0.000000 0.000000 0.000000 4.000000 3000.000000 0.000000
1 0 17.000000 -0.000000 -0.000000 0.332729 -0.000000 0.000000 0.155272 -0.000000 0.000000 -0.397307 0.000000 2000.000000 0.540991
1 0 10.000000 0.000000 0.000000 0.000000 0.000000 0.000000 0.000000 0.000000 0.000000 0.000000 25.000000 1500.000000 0.000000
1 1 21.000000 0.482628 0.224150 0.316541 -0.203346 0.532005 -0.133369 -0.242884 0.000000 0.740648 0.000000 2000.000000 0.999909
1 0 10.000000 0.000000 -0.000000 -0.183674 0.000000 0.000000 -0.293607 0.000000 0.000000 0.937391 0.000000 1500.000000 0.999322
1 1 17.000000 0.147221 0.554175 -0.093063 -0.505934 0.161259 0.319815 0.235523 0.000000 0.745175 0.000000 1500.000000 0.999672
1 1 17.000000 -0.665290 -0.422743 0.000000 -0.310465 0.905887 0.000000 -0.678487 0.000000 -0.000000 0.000000 2000.000000 0.999672
1 0 21.000000 0.000000 0.000000 0.209802 -0.000000 0.000000 -0.088396 -0.000000 0.000000 0.490897 0.000000 2000.000000 0.541119
1 0 10.000000 0.000000 0.000000 0.070900 -0.000000 0.000000 -0.047926 -0.000000 0.000000 0.995651 0.000000 1500.000000 0.999322
1 0 10.000000 -0.955002 0.158815 -0.000000 -0.153726 -0.986621 -0.000000 -0.250964 0.000000 0.000000 25.000000 1500.000000 0.999322
1 0 17.000000 -0.000000 -0.000000 0.105095 -0.000000 0.000000 0.530566 -0.000000 0.000000 -0.011226 0.000000 2000.000000 0.540991
1 0 16.000000 -0.000000 0.000000 -0.380860 -0.000000 -0.000000 -0.146471 -0.000000 0.000000 0.912870 0.000000 3000.000000 0.999920
1 0 13.000000 -0.000000 0.000000 -0.247900 -0.000000 -0.000000 -0.039904 -0.000000 0.000000 0.967785 0.000000 1200.000000 0.999827
1 0 12.000000 0.816326 0.000000 0.000000 0.000000 0.816326 0.000000 0.000000 0.000000 0.577230 0.000000 3000.000000 0.999792
1 0 17.000000 0.079671 0.299902 -0.050363 -0.273795 0.087268 0.173074 0.127458 0.000000 0.403265 0.000000 1500.000000 0.540991
1 1 21.000000 0.000000 -0.000000 -0.510311 -0.000000 -0.000000 0.638808 -0.000000 0.000000 -0.575608 0.000000 2700.000000 0.999909
1 0 21.000000 -0.000000 0.000000 -0.157596 -0.000000 -0.000000 -0.516373 -0.000000 0.000000 0.036504 0.000000 2700.000000 0.541119
1 0 10.000000 0.000000 0.000000 0.732427 -0.000000 0.000000 -0.294786 -0.000000 0.000000 0.612614 25.000000 1500.000000 0.999322
1 0 8.000000 0.000000 -0.000000 -0.183649 0.000000 0.000000 -0.879922 0.000000 0.000000 0.437286 16.000000 800.000000 0.999605
1 1 17.000000 -0.195708 0.913434 0.000000 0.440117 0.406179 -0.000000 -0.875979 0.000000 -0.000000 0.000000 2000.000000 0.999672
1 0 21.000000 -0.000000 -0.000000 0.206107 -0.000000 0.000000 0.079265 -0.000000 0.000000 -0.494011 0.000000 2700.000000 0.541119
1 0 21.000000 -0.146599 0.248252 0.000000 0.075692 0.480813 -0.000000 -0.515354 0.000000 -0.000000 0.000000 2700.000000 0.541119
1 0 12.000000 -0.000000 -0.000000 -0.638015 0.000000 -0.000000 0.397522 -0.000000 0.000000 0.659163 0.000000 1500.000000 0.999792
1 0 21.000000 -0.032027 0.043157 -0.000000 -0.002562 -0.539395 -0.000000 -0.540164 0.000000 0.000000 0.000000 2700.000000 0.541119
1 0 10.000000 0.199090 0.978891 0.000000 -0.969405 0.201038 -0.000000 -0.138783 0.000000 0.000000 0.000000 1500.000000 0.999322
1 0 15.000000 0.000000 -0.000000 -0.183784 0.000000 0.000000 -0.293783 0.000000 0.000000 0.937953 0.000000 2500.000000 0.999920
1 0 12.000000 0.000000 -0.000000 -0.183761 0.000000 0.000000 -0.293745 0.000000 0.000000 0.937832 0.000000 1500.000000 0.999792
1 0 16.000000 -0.741976 0.313328 -0.094491 -0.308367 -0.753913 -0.039271 -0.144712 0.000000 0.568163 0.000000 3000.000000 0.999920
1 0 13.000000 0.199190 0.979386 0.000000 -0.969896 0.201140 -0.000000 -0.138853 0.000000 0.000000 0.000000 1200.000000 0.999827
1 0 15.000000 0.000000 -0.000000 -0.530065 0.000000 0.000000 -0.735017 0.000000 0.000000 0.422636 18.000000 1000.000000 0.999920
1 0 10.000000 -0.000000 0.000000 -0.247775 -0.000000 -0.000000 -0.039884 -0.000000 0.000000 0.967296 25.000000 1500.000000 0.999322
1 0 21.000000 -0.000000 -0.000000 -0.204153 0.000000 -0.000000 0.437853 -0.000000 0.000000 0.243754 0.000000 2700.000000 0.541119
1 0 13.000000 0.825292 0.559925 0.000000 -0.557868 0.828335 -0.000000 -0.085622 0.000000 0.000000 0.000000 1200.000000 0.999827
1 0 17.000000 -0.000000 0.000000 0.295080 -0.000000 -0.000000 0.272427 0.000000 0.000000 0.362467 0.000000 1500.000000 0.540991
1 0 17.000000 -0.105911 0.494322 0.000000 0.238177 0.219811 -0.000000 -0.474052 0.000000 -0.000000 0.000000 2000.000000 0.540991
1 0 12.000000 -0.000000 -0.000000 -0.029668 0.000000 -0.000000 0.014501 -0.000000 0.000000 0.999246 0.000000 3000.000000 0.999792
1 1 17.000000 -0.000000 0.000000 0.941436 0.000000 0.000000 -0.335797 -0.000000 0.000000 -0.016795 0.000000 2000.000000 0.999672
1 0 21.000000 0.441822 0.000000 0.000000 0.000000 0.441822 0.000000 0.000000 0.000000 0.312415 0.000000 2000.000000 0.541119
0 0 4.000000 0.000000 0.000000 0.000000 0.000000 0.000000 0.000000 0.000000 0.000000 0.000000 4.000000 400.000000 0.000000
1 0 15.000000 -0.741976 0.313329 -0.094491 -0.308367 -0.753913 -0.039271 -0.144712 0.000000 0.568163 0.000000 2500.000000 0.999920
1 0 21.000000 0.270477 0.416632 -0.000000 0.326357 -0.345294 -0.000000 -0.336368 0.000000 -0.000000 0.000000 2700.000000 0.541119
1 0 17.000000 -0.360034 0.228775 -0.000000 -0.168014 -0.490238 -0.000000 -0.367176 0.000000 0.000000 0.000000 2000.000000 0.540991
1 0 21.000000 -0.000000 -0.000000 0.301843 -0.000000 0.000000 0.439408 -0.000000 0.000000 -0.092850 0.000000 2700.000000 0.541119
1 0 8.000000 0.089341 -0.978520 -0.000000 0.428062 0.204227 -0.000000 0.898883 0.000000 0.000000 34.000000 800.000000 0.999605
1 0 17.000000 -0.000000 -0.000000 -0.367308 0.000000 -0.000000 0.356438 -0.000000 0.000000 0.175237 0.000000 2000.000000 0.540991
1 0 14.000000 -0.339276 -0.753950 0.000000 0.389592 -0.656577 -0.000000 0.855946 0.000000 0.000000 15.000000 1800.000000 0.999766
1 0 17.000000 -0.000000 0.000000 -0.218632 -0.000000 -0.000000 -0.494468 -0.000000 0.000000 0.019307 0.000000 2000.000000 0.540991
1 0 12.000000 -0.339284 -0.753969 0.000000 0.389602 -0.656593 -0.000000 0.855967 0.000000 0.000000 0.000000 3000.000000 0.999792
1 0 10.000000 0.824875 0.559642 0.000000 -0.557586 0.827916 -0.000000 -0.085578 0.000000 0.000000 0.000000 1500.000000 0.999322
1 1 21.000000 -0.019690 0.956360 -0.000000 -0.064517 -0.291880 -0.000000 -0.997631 0.000000 0.000000 0.000000 2700.000000 0.999909
1 0 8.000000 0.000000 0.000000 0.038800 -0.000000 0.000000 -0.048456 -0.000000 0.000000 0.997675 16.000000 800.000000 0.999605
1 0 6.000000 0.816021 0.000000 0.000000 0.000000 0.816021 0.000000 0.000000 0.000000 0.577014 38.000000 500.000000 0.999418
1 0 6.000000 0.631456 0.000000 0.000000 0.000000 0.631456 0.000000 0.000000 0.000000 0.446507 12.000000 500.000000 0.773373
1 0 21.000000 0.000000 0.000000 0.000000 0.000000 0.000000 0.000000 0.000000 0.000000 0.000000 0.000000 2000.000000 0.000000
1 0 14.000000 -0.222268 -0.913141 -0.000000 0.498593 -0.407070 0.000000 -0.837577 0.000000 0.000000 15.000000 1800.000000 0.999766
1 1 21.000000 -0.000000 0.000000 -0.204554 -0.000000 -0.000000 -0.687143 -0.000000 0.000000 0.697001 0.000000 2000.000000 0.999909
1 0 21.000000 0.000000 0.000000 -0.301195 -0.000000 0.000000 0.317126 0.000000 0.000000 0.318627 0.000000 2000.000000 0.541119
1 0 15.000000 0.476527 0.323303 0.057924 -0.322115 0.478284 -0.039155 -0.049438 0.000000 0.813432 0.000000 2500.000000 0.999920
1 0 21.000000 0.000000 0.000000 0.000000 0.000000 0.000000 0.000000 0.000000 0.000000 0.000000 0.000000 2700.000000 0.000000
1 0 15.000000 -0.323044 -0.305287 -0.521004 0.201276 -0.489979 0.324617 -0.434063 0.000000 0.538274 0.000000 2500.000000 0.999920
1 0 15.000000 -0.000000 -0.000000 -0.638097 0.000000 -0.000000 0.397574 -0.000000 0.000000 0.659248 0.000000 2500.000000 0.999920
1 0 15.000000 0.037246 -0.575188 0.045862 0.433804 0.049386 0.534145 -0.379087 0.000000 0.615748 0.000000 2500.000000 0.999920
1 0 6.000000 0.816021 0.000000 0.000000 0.000000 0.816021 0.000000 0.000000 0.000000 0.577014 0.000000 500.000000 0.999418
1 0 12.000000 -0.000000 -0.000000 -0.029668 0.000000 -0.000000 0.014501 -0.000000 0.000000 0.999246 26.000000 3000.000000 0.999792
1 0 8.000000 0.000000 0.000000 0.038800 -0.000000 0.000000 -0.048456 -0.000000 0.000000 0.997675 0.000000 800.000000 0.999605
1 0 12.000000 -0.897741 -0.439049 -0.000000 0.438809 -0.898231 0.000000 -0.033022 0.000000 0.000000 0.000000 3000.000000 0.999792
1 0 13.000000 0.287173 -0.489380 -0.150045 0.459052 0.306146 -0.239850 0.200052 0.000000 0.765764 0.000000 1200.000000 0.999827
1 0 16.000000 -0.000000 0.000000 -0.291218 -0.000000 -0.000000 -0.954192 -0.000000 0.000000 0.067455 0.000000 3000.000000 0.999920
1 0 17.000000 0.000000 -0.000000 0.441296 0.000000 0.000000 0.239985 -0.000000 0.000000 0.200838 0.000000 2000.000000 0.540991
1 0 10.000000 0.824875 0.559642 0.000000 -0.557586 0.827916 -0.000000 -0.085578 0.000000 0.000000 25.000000 1500.000000 0.999322
1 0 8.000000 -0.940199 0.317099 -0.000000 -0.314498 -0.947976 -0.000000 -0.127772 0.000000 0.000000 0.000000 800.000000 0.999605
1 0 15.000000 0.328311 0.215549 0.598382 -0.132138 0.535555 -0.240836 -0.456105 0.000000 0.500497 0.000000 2500.000000 0.999920
1 0 21.000000 -0.103006 -0.490429 -0.000000 0.220921 -0.228668 0.000000 -0.483108 0.000000 0.000000 0.000000 2700.000000 0.541119
1 1 21.000000 0.000000 0.000000 0.934152 -0.000000 0.000000 -0.173791 -0.000000 0.000000 0.311409 0.000000 2000.000000 0.999909
1 0 13.000000 0.742595 -0.542529 0.000000 0.479714 0.839832 0.000000 -0.466993 0.000000 0.000000 0.000000 1200.000000 0.999827
1 0 10.000000 -0.131343 0.545966 0.187360 -0.384383 -0.186555 0.548321 0.409731 0.000000 0.574459 0.000000 1500.000000 0.999322
1 1 21.000000 -0.190341 -0.906242 -0.000000 0.408229 -0.422544 0.000000 -0.892714 0.000000 0.000000 0.000000 2700.000000 0.999909
1 0 21.000000 -0.000000 0.000000 -0.110698 -0.000000 -0.000000 -0.371860 -0.000000 0.000000 0.377195 0.000000 2000.000000 0.541119
1 0 8.000000 0.000000 0.000000 0.000000 0.000000 0.000000 0.000000 0.000000 0.000000 0.000000 0.000000 800.000000 0.000000
1 0 8.000000 -0.000000 0.000000 -0.121173 -0.000000 -0.000000 -0.040532 -0.000000 0.000000 0.991405 0.000000 800.000000 0.999605
1 0 12.000000 0.000000 -0.000000 -0.404194 0.000000 0.000000 -0.840493 0.000000 0.000000 0.360252 0.000000 1500.000000 0.999792
1 0 13.000000 0.037243 -0.575135 0.045858 0.433763 0.049381 0.534096 -0.379052 0.000000 0.615691 0.000000 1200.000000 0.999827
1 0 13.000000 -0.767841 0.258968 -0.069975 -0.256844 -0.774191 -0.023407 -0.104349 0.000000 0.572515 0.000000 1200.000000 0.999827
1 0 15.000000 0.000000 0.000000 0.000000 0.000000 0.000000 0.000000 0.000000 0.000000 0.000000 0.000000 1000.000000 0.000000
1 0 12.000000 -0.012894 -0.999708 0.000000 0.997701 -0.012920 -0.000000 0.063325 0.000000 0.000000 0.000000 3000.000000 0.999792
1 0 16.000000 0.000000 0.000000 0.000000 0.000000 0.000000 0.000000 0.000000 0.000000 0.000000 0.000000 3000.000000 0.000000
1 0 14.000000 0.680189 -0.523077 -0.000000 0.417589 0.852012 -0.000000 0.602076 0.000000 0.000000 15.000000 1800.000000 0.999766
1 0 21.000000 -0.000000 0.000000 -0.206107 -0.000000 -0.000000 -0.079265 -0.000000 0.000000 0.494011 0.000000 2700.000000 0.541119
1 0 12.000000 0.000000 0.000000 0.000000 0.000000 0.000000 0.000000 0.000000 0.000000 0.000000 0.000000 3000.000000 0.000000
1 1 17.000000 -0.000000 0.000000 -0.403999 -0.000000 -0.000000 -0.913704 -0.000000 0.000000 0.035676 0.000000 2000.000000 0.999672
1 0 21.000000 0.096885 0.297012 0.001223 -0.297000 0.096889 -0.003749 -0.002788 0.000000 0.441804 0.000000 2000.000000 0.541119
1 0 16.000000 -0.000000 -0.000000 0.557768 -0.000000 0.000000 0.811971 -0.000000 0.000000 -0.171575 0.000000 3000.000000 0.999920
1 0 6.000000 0.816021 0.000000 0.000000 0.000000 0.816021 0.000000 0.000000 0.000000 0.577014 12.000000 500.000000 0.999418
1 0 13.000000 -0.559476 -0.528724 -0.000000 0.348588 -0.848591 0.000000 -0.751750 0.000000 0.000000 0.000000 1200.000000 0.999827
1 0 17.000000 -0.000000 0.000000 0.192613 0.000000 0.000000 -0.433158 -0.000000 0.000000 -0.260664 0.000000 2000.000000 0.540991
1 0 10.000000 0.000000 0.000000 0.000000 0.000000 0.000000 0.000000 0.000000 0.000000 0.000000 0.000000 800.000000 0.000000
1 0 10.000000 0.000000 0.000000 0.000000 0.000000 0.000000 0.000000 0.000000 0.000000 0.000000 0.000000 1500.000000 0.000000
1 0 10.000000 0.000000 0.000000 0.027919 -0.000000 0.000000 -0.135945 -0.000000 0.000000 0.989638 0.000000 1500.000000 0.999322
1 0 8.000000 -0.000000 0.000000 -0.121173 -0.000000 -0.000000 -0.040532 -0.000000 0.000000 0.991405 16.000000 800.000000 0.999605
1 0 10.000000 0.000000 -0.000000 -0.404004 0.000000 0.000000 -0.840098 0.000000 0.000000 0.360082 25.000000 1500.000000 0.999322
1 0 6.000000 0.816021 0.000000 0.000000 0.000000 0.816021 0.000000 0.000000 0.000000 0.577014 0.000000 1500.000000 0.999418
1 0 16.000000 0.000000 -0.000000 -0.510317 -0.000000 -0.000000 0.638815 -0.000000 0.000000 -0.575614 0.000000 3000.000000 0.999920
1 0 8.000000 -0.227556 0.945908 0.000000 -0.665960 -0.323214 0.000000 0.709877 0.000000 0.000000 0.000000 800.000000 0.999605
1 0 16.000000 0.000000 0.000000 0.035964 -0.000000 0.000000 -0.491509 -0.000000 0.000000 0.870037 0.000000 2000.000000 0.999920
1 0 10.000000 -0.868796 -0.215356 -0.000000 0.191733 -0.975841 0.000000 -0.455057 0.000000 0.000000 0.000000 800.000000 0.999322
1 1 17.000000 0.347585 -0.865030 -0.000000 -0.600066 -0.501065 0.000000 -0.720034 0.000000 -0.000000 0.000000 2000.000000 0.999672
1 0 15.000000 -0.000000 -0.000000 -0.250167 0.000000 -0.000000 0.354417 -0.000000 0.000000 0.900914 0.000000 1000.000000 0.999920
1 0 13.000000 0.000000 0.000000 0.000000 0.000000 0.000000 0.000000 0.000000 0.000000 0.000000 0.000000 1200.000000 0.000000
1 0 10.000000 0.064474 -0.995659 0.000000 0.750920 0.085487 0.000000 -0.656206 0.000000 0.000000 0.000000 1500.000000 0.999322
1 0 17.000000 0.115664 -0.526591 0.000000 0.491237 0.123988 0.000000 -0.194883 0.000000 0.000000 0.000000 2000.000000 0.540991
1 0 17.000000 -0.126541 -0.411816 -0.068954 0.326196 -0.159755 0.177748 -0.269625 0.000000 0.247403 0.000000 2000.000000 0.540991
1 0 15.000000 -0.000000 0.000000 -0.247923 -0.000000 -0.000000 -0.039908 -0.000000 0.000000 0.967875 0.000000 2500.000000 0.999920
1 0 16.000000 0.000000 -0.000000 -0.088070 0.000000 0.000000 -0.077167 0.000000 0.000000 0.993040 0.000000 2000.000000 0.999920
1 0 6.000000 0.631456 0.000000 0.000000 0.000000 0.631456 0.000000 0.000000 0.000000 0.446507 0.000000 500.000000 0.773373
1 0 10.000000 0.497147 -0.847203 -0.000000 0.794700 0.529992 -0.000000 0.346325 0.000000 0.000000 0.000000 1500.000000 0.999322
1 1 17.000000 0.615309 0.742609 -0.000000 0.682770 -0.669235 -0.000000 -0.393146 0.000000 -0.000000 0.000000 2000.000000 0.999672
1 0 8.000000 -0.227556 0.945908 0.000000 -0.665960 -0.323214 0.000000 0.709877 0.000000 0.000000 16.000000 800.000000 0.999605
1 0 12.000000 -0.752238 0.542735 0.000000 -0.486230 -0.839656 0.000000 0.444187 0.000000 0.000000 0.000000 3000.000000 0.999792
1 0 17.000000 0.019832 0.311508 0.015887 -0.271046 0.022793 -0.217125 -0.153941 0.000000 0.384341 0.000000 1500.000000 0.540991
1 0 6.000000 0.000000 0.000000 0.000000 0.000000 0.000000 0.000000 0.000000 0.000000 0.000000 12.000000 500.000000 0.000000
1 0 14.000000 0.000000 -0.000000 -0.513096 0.000000 0.000000 -0.315005 0.000000 0.000000 0.798146 15.000000 1800.000000 0.999766
1 0 12.000000 0.156130 -0.901018 -0.000000 0.324661 0.433300 -0.000000 0.932632 0.000000 0.000000 0.000000 1500.000000 0.999792
1 0 14.000000 -0.000000 0.000000 0.373033 -0.000000 -0.000000 0.241120 0.000000 0.000000 0.895679 0.000000 700.000000 0.999766
1 0 13.000000 0.000000 -0.000000 0.056164 0.000000 0.000000 0.654131 -0.000000 0.000000 0.754065 0.000000 1200.000000 0.999827
1 0 17.000000 -0.007807 0.494783 -0.000000 -0.017658 -0.218771 -0.000000 -0.540646 0.000000 0.000000 0.000000 2000.000000 0.540991
1 0 10.000000 -0.233747 -0.760709 -0.127372 0.602551 -0.295101 0.328337 -0.498054 0.000000 0.457004 25.000000 1500.000000 0.999322
0 0 4.000000 0.000000 0.000000 0.000000 0.000000 0.000000 0.000000 0.000000 0.000000 0.000000 0.000000 400.000000 0.000000
1 0 10.000000 0.254905 0.959524 -0.000000 -0.875997 0.279210 0.000000 0.407796 0.000000 0.000000 0.000000 800.000000 0.999322
1 0 14.000000 0.000000 -0.816306 0.000000 0.816306 0.000000 0.000000 0.000000 0.000000 0.577215 15.000000 1800.000000 0.999766
1 0 17.000000 0.332986 0.401876 -0.000000 0.369493 -0.362169 -0.000000 -0.212758 0.000000 -0.000000 0.000000 2000.000000 0.540991
1 0 21.000000 -0.052573 -0.446023 0.000000 -0.076533 0.306387 0.000000 -0.533094 0.000000 -0.000000 0.000000 2700.000000 0.541119
1 0 14.000000 0.816306 0.000000 0.000000 0.000000 0.816306 0.000000 0.000000 0.000000 0.577215 15.000000 1800.000000 0.999766
1 1 21.000000 0.359264 0.781236 0.000000 -0.449727 0.624090 -0.000000 -0.817614 0.000000 0.000000 0.000000 2700.000000 0.999909
1 0 17.000000 0.000000 0.000000 -0.142432 0.000000 -0.000000 -0.158048 -0.000000 0.000000 -0.497398 0.000000 2000.000000 0.540991
1 0 8.000000 0.816174 0.000000 0.000000 0.000000 0.816174 0.000000 0.000000 0.000000 0.577122 34.000000 800.000000 0.999605
1 0 21.000000 0.000000 0.000000 -0.214640 0.000000 -0.000000 -0.258984 -0.000000 0.000000 -0.423871 0.000000 2700.000000 0.541119
1 0 14.000000 -0.000000 -0.000000 -0.029667 0.000000 -0.000000 0.014501 -0.000000 0.000000 0.999221 15.000000 1800.000000 0.999766
1 0 10.000000 0.000000 -0.000000 -0.088017 0.000000 0.000000 -0.077121 0.000000 0.000000 0.992446 0.000000 800.000000 0.999322
1 0 10.000000 0.000000 0.000000 0.732427 -0.000000 0.000000 -0.294786 -0.000000 0.000000 0.612614 0.000000 1500.000000 0.999322
1 0 14.000000 0.000000 -0.000000 -0.513096 0.000000 0.000000 -0.315005 0.000000 0.000000 0.798146 0.000000 700.000000 0.999766
1 0 10.000000 -0.100655 -0.799394 0.091106 0.492130 -0.163499 -0.445443 0.642993 0.000000 0.355192 25.000000 1500.000000 0.999322
1 0 12.000000 0.000000 0.000000 0.000000 0.000000 0.000000 0.000000 0.000000 0.000000 0.000000 0.000000 1500.000000 0.000000
1 0 15.000000 0.000000 -0.000000 0.392299 0.000000 0.000000 0.253424 -0.000000 0.000000 0.884148 0.000000 2500.000000 0.999920
1 0 6.000000 0.631456 0.000000 0.000000 0.000000 0.631456 0.000000 0.000000 0.000000 0.446507 38.000000 500.000000 0.773373
1 1 17.000000 -0.104821 0.326041 -0.657000 -0.071760 -0.476248 -0.449784 -0.563008 0.000000 0.179649 0.000000 1500.000000 0.999672
1 1 21.000000 -0.233884 -0.761156 -0.127446 0.602905 -0.295275 0.328530 -0.498347 0.000000 0.457272 0.000000 2700.000000 0.999909
1 0 13.000000 0.000000 -0.000000 0.392263 0.000000 0.000000 0.253401 -0.000000 0.000000 0.884066 0.000000 1200.000000 0.999827
1 0 10.000000 -0.181491 0.564521 -0.000000 -0.124249 -0.824597 -0.000000 -0.974817 0.000000 0.000000 0.000000 800.000000 0.999322
1 1 17.000000 -0.501775 -0.124380 -0.362949 0.110736 -0.563599 0.080099 -0.262819 0.000000 0.726692 0.000000 1500.000000 0.999672
1 0 15.000000 0.201846 -0.662198 -0.306033 0.279891 0.477550 -0.424362 0.739919 0.000000 0.244009 0.000000 2500.000000 0.999920
1 0 17.000000 -0.360034 -0.228775 0.000000 -0.168014 0.490238 0.000000 -0.367176 0.000000 -0.000000 0.000000 2000.000000 0.540991
1 1 21.000000 0.000000 0.000000 0.510311 -0.000000 0.000000 -0.638808 -0.000000 0.000000 0.575608 0.000000 2700.000000 0.999909
1 1 21.000000 0.000000 0.000000 0.387683 -0.000000 0.000000 -0.163343 -0.000000 0.000000 0.907105 0.000000 2000.000000 0.999909
1 0 12.000000 0.680206 -0.523090 -0.000000 0.417600 0.852033 -0.000000 0.602091 0.000000 0.000000 0.000000 3000.000000 0.999792
1 0 13.000000 0.000000 -0.000000 -0.183767 0.000000 0.000000 -0.293756 0.000000 0.000000 0.937866 0.000000 1200.000000 0.999827
1 0 10.000000 0.051566 -0.564789 -0.149906 0.247072 0.117877 -0.718250 0.518823 0.000000 0.356942 0.000000 1500.000000 0.999322
1 0 13.000000 -0.185840 0.772503 0.132550 -0.543875 -0.263962 0.387918 0.579741 0.000000 0.406409 0.000000 1200.000000 0.999827
1 1 17.000000 0.775593 -0.246251 0.044975 0.245427 0.778196 0.014232 -0.066713 0.000000 0.575230 0.000000 2000.000000 0.999672
1 1 17.000000 0.000000 0.000000 -0.113978 -0.000000 0.000000 0.391692 0.000000 0.000000 0.912650 0.000000 1500.000000 0.999672
1 0 13.000000 0.509274 0.637238 0.022406 -0.636008 0.510259 -0.027982 -0.050696 0.000000 0.576137 0.000000 1200.000000 0.999827
1 0 13.000000 0.156135 -0.901051 -0.000000 0.324673 0.433316 -0.000000 0.932665 0.000000 0.000000 0.000000 1200.000000 0.999827
1 0 12.000000 0.090142 -0.520203 -0.330023 0.187443 0.250166 -0.686260 0.538455 0.000000 0.294144 0.000000 1500.000000 0.999792
0 0 4.000000 0.000000 0.000000 0.000000 0.000000 0.000000 0.000000 0.000000 0.000000 0.000000 0.000000 800.000000 0.000000
1 0 21.000000 0.000000 0.000000 0.276164 -0.000000 0.000000 -0.345703 -0.000000 0.000000 0.311501 0.000000 2700.000000 0.541119
1 0 17.000000 0.256743 0.122917 0.181833 -0.109905 0.287139 -0.077838 -0.139860 0.000000 0.394958 0.000000 1500.000000 0.540991
1 0 12.000000 0.680206 -0.523090 -0.000000 0.417600 0.852033 -0.000000 0.602091 0.000000 0.000000 26.000000 3000.000000 0.999792
1 0 10.000000 0.000000 0.000000 0.035942 -0.000000 0.000000 -0.491215 -0.000000 0.000000 0.869517 0.000000 800.000000 0.999322
1 0 6.000000 0.000000 0.000000 0.000000 0.000000 0.000000 0.000000 0.000000 0.000000 0.000000 38.000000 1500.000000 0.000000
1 0 15.000000 0.000000 0.000000 0.027936 -0.000000 0.000000 -0.136027 -0.000000 0.000000 0.990231 0.000000 2500.000000 0.999920
1 0 10.000000 0.000000 -0.000000 -0.183674 0.000000 0.000000 -0.293607 0.000000 0.000000 0.937391 25.000000 1500.000000 0.999322
1 0 16.000000 0.000000 -0.000000 0.612755 0.000000 0.000000 0.362522 -0.000000 0.000000 0.702103 0.000000 3000.000000 0.999920
1 0 21.000000 0.235101 -0.204453 -0.032547 0.203481 0.236225 -0.028170 0.030437 0.000000 0.439720 0.000000 2000.000000 0.541119
1 0 12.000000 -0.323002 -0.305248 -0.520937 0.201250 -0.489916 0.324576 -0.434007 0.000000 0.538204 0.000000 1500.000000 0.999792
1 0 12.000000 0.825262 0.559905 0.000000 -0.557848 0.828305 -0.000000 -0.085619 0.000000 0.000000 0.000000 1500.000000 0.999792
1 0 10.000000 0.000000 -0.000000 0.392065 0.000000 0.000000 0.253272 -0.000000 0.000000 0.883619 25.000000 1500.000000 0.999322
1 0 17.000000 0.188102 -0.468127 -0.000000 -0.324737 -0.271160 0.000000 -0.389660 0.000000 -0.000000 0.000000 2000.000000 0.540991
1 0 6.000000 0.631456 0.000000 0.000000 0.000000 0.631456 0.000000 0.000000 0.000000 0.446507 38.000000 1500.000000 0.773373
1 0 10.000000 0.064474 -0.995659 0.000000 0.750920 0.085487 0.000000 -0.656206 0.000000 0.000000 25.000000 1500.000000 0.999322
1 1 17.000000 -0.232383 -0.696179 -0.000000 0.225506 -0.717411 0.000000 -0.945774 0.000000 0.000000 0.000000 2000.000000 0.999672
1 0 17.000000 0.000000 0.000000 -0.522705 0.000000 -0.000000 -0.060858 -0.000000 0.000000 -0.125485 0.000000 2000.000000 0.540991
1 0 21.000000 0.000000 0.000000 -0.186796 -0.000000 0.000000 0.018965 0.000000 0.000000 0.507501 0.000000 2000.000000 0.541119
1 0 15.000000 0.522030 0.536813 0.230083 -0.455562 0.615136 -0.200787 -0.431865 0.000000 0.489925 0.000000 2500.000000 0.999920
1 0 17.000000 -0.000000 0.000000 -0.435455 -0.000000 -0.000000 -0.298114 -0.000000 0.000000 0.119070 0.000000 1500.000000 0.540991
1 0 8.000000 -0.940199 0.317099 -0.000000 -0.314498 -0.947976 -0.000000 -0.127772 0.000000 0.000000 34.000000 800.000000 0.999605
1 1 21.000000 0.234096 0.418590 -0.454433 -0.246478 0.397562 0.478468 0.466605 0.000000 0.480733 0.000000 2000.000000 0.999909
1 1 17.000000 0.000000 0.000000 -0.965883 0.000000 -0.000000 -0.112456 -0.000000 0.000000 -0.231878 0.000000 2000.000000 0.999672
1 0 6.000000 0.000000 0.000000 0.000000 0.000000 0.000000 0.000000 0.000000 0.000000 0.000000 0.000000 500.000000 0.000000
0 0 4.000000 0.000000 0.000000 0.000000 0.000000 0.000000 0.000000 0.000000 0.000000 0.000000 10.000000 400.000000 0.000000
1 0 15.000000 0.354182 -0.668614 0.216877 0.505439 0.468525 0.309496 -0.534460 0.000000 0.436413 0.000000 2500.000000 0.999920
1 0 10.000000 0.000000 0.000000 0.000000 0.000000 0.000000 0.000000 0.000000 0.000000 0.000000 0.000000 1500.000000 0.000000
1 0 6.000000 0.631456 0.000000 0.000000 0.000000 0.631456 0.000000 0.000000 0.000000 0.446507 0.000000 1500.000000 0.773373
1 0 8.000000 -0.000000 0.000000 0.229533 -0.000000 -0.000000 0.671744 0.000000 0.000000 0.703765 34.000000 800.000000 0.999605
1 0 10.000000 0.821438 0.393266 0.000000 -0.351636 0.918687 -0.000000 -0.447477 0.000000 0.000000 0.000000 800.000000 0.999322
1 0 12.000000 0.000000 -0.000000 -0.513109 0.000000 0.000000 -0.315013 0.000000 0.000000 0.798166 26.000000 3000.000000 0.999792
0 0 4.000000 0.000000 0.000000 0.000000 0.000000 0.000000 0.000000 0.000000 0.000000 0.000000 10.000000 800.000000 0.000000
1 0 15.000000 0.000000 0.000000 0.000000 0.000000 0.000000 0.000000 0.000000 0.000000 0.000000 18.000000 1000.000000 0.000000
0 0 4.000000 0.000000 0.000000 0.000000 0.000000 0.000000 0.000000 0.000000 0.000000 0.000000 10.000000 3000.000000 0.000000
1 0 14.000000 -0.012894 -0.999683 0.000000 0.997676 -0.012920 -0.000000 0.063323 0.000000 0.000000 15.000000 1800.000000 0.999766
1 0 13.000000 0.428737 -0.313229 0.320281 0.276963 0.484877 0.206901 -0.269618 0.000000 0.721837 0.000000 1200.000000 0.999827
1 0 12.000000 0.114999 0.565429 0.022807 -0.559950 0.116124 -0.111051 -0.080164 0.000000 0.808416 0.000000 1500.000000 0.999792
1 1 21.000000 -0.100714 -0.799864 0.091159 0.492419 -0.163595 -0.445705 0.643370 0.000000 0.355401 0.000000 2700.000000 0.999909
1 1 21.000000 0.000000 0.000000 -0.396623 0.000000 -0.000000 -0.478565 -0.000000 0.000000 -0.783252 0.000000 2700.000000 0.999909
1 0 21.000000 0.000000 -0.000000 0.144282 0.000000 0.000000 0.278059 -0.000000 0.000000 0.441221 0.000000 2000.000000 0.541119
1 0 21.000000 0.117327 -0.277306 0.117805 0.226112 0.143891 0.227034 -0.180863 0.000000 0.360255 0.000000 2000.000000 0.541119
1 0 12.000000 -0.000000 -0.000000 0.562139 0.000000 -0.000000 -0.645507 0.000000 0.000000 0.516627 0.000000 3000.000000 0.999792
1 0 10.000000 0.000000 0.000000 -0.113938 -0.000000 0.000000 0.391555 0.000000 0.000000 0.912330 0.000000 800.000000 0.999322
1 1 21.000000 0.000000 -0.000000 -0.073660 0.000000 0.000000 -0.063753 0.000000 0.000000 0.995152 0.000000 2000.000000 0.999909
##END
