##LIST_SIZE=41
##LISTDATA
1 0 16.000000 0.000000 0.000000 0.000000 0.000000 0.000000 0.000000 0.000000 0.000000 0.000000 5.000000 2000.000000 0.000000
1 0 16.000000 0.000000 -0.000000 0.320612 0.000000 0.000000 0.128589 -0.000000 0.000000 0.199797 5.000000 2000.000000 0.399057
1 0 16.000000 0.000000 -0.000000 0.096207 0.000000 0.000000 0.024996 -0.000000 0.000000 0.386478 5.000000 2000.000000 0.399057
1 0 16.000000 -0.000000 -0.000000 -0.037336 0.000000 -0.000000 0.064880 -0.000000 0.000000 0.391973 5.000000 2000.000000 0.399057
1 0 16.000000 0.000000 0.000000 0.003766 -0.000000 0.000000 -0.172128 -0.000000 0.000000 0.360005 5.000000 2000.000000 0.399057
1 0 16.000000 0.000000 -0.000000 -0.175084 0.000000 0.000000 -0.330639 0.000000 0.000000 0.138815 5.000000 2000.000000 0.399057
1 0 16.000000 0.000000 0.000000 0.164652 -0.000000 0.000000 -0.113498 -0.000000 0.000000 0.345331 5.000000 2000.000000 0.399057
1 0 16.000000 0.000000 0.000000 -0.165280 -0.000000 0.000000 0.035986 0.000000 0.000000 0.361433 5.000000 2000.000000 0.399057
1 0 16.000000 -0.000000 -0.000000 -0.158253 0.000000 -0.000000 0.294059 -0.000000 0.000000 0.218475 5.000000 2000.000000 0.399057
1 0 16.000000 0.000000 -0.000000 -0.125023 0.000000 0.000000 -0.105513 0.000000 0.000000 0.363982 5.000000 2000.000000 0.399057
1 0 16.000000 -0.000000 0.000000 0.052300 -0.000000 -0.000000 0.127951 0.000000 0.000000 0.374352 5.000000 2000.000000 0.399057
1 0 16.000000 0.000000 -0.000000 0.453414 0.000000 0.000000 0.181853 -0.000000 0.000000 0.282555 5.000000 2000.000000 0.564351
1 0 16.000000 0.000000 -0.000000 0.136057 0.000000 0.000000 0.035350 -0.000000 0.000000 0.546563 5.000000 2000.000000 0.564351
1 0 16.000000 -0.000000 -0.000000 -0.052801 0.000000 -0.000000 0.091754 -0.000000 0.000000 0.554333 5.000000 2000.000000 0.564351
1 0 16.000000 0.000000 0.000000 0.005326 -0.000000 0.000000 -0.243426 -0.000000 0.000000 0.509124 5.000000 2000.000000 0.564351
1 0 16.000000 0.000000 -0.000000 -0.247607 0.000000 0.000000 -0.467594 0.000000 0.000000 0.196313 5.000000 2000.000000 0.564351
1 0 16.000000 0.000000 0.000000 0.232854 -0.000000 0.000000 -0.160511 -0.000000 0.000000 0.488372 5.000000 2000.000000 0.564351
1 0 16.000000 0.000000 0.000000 -0.233741 -0.000000 0.000000 0.050892 0.000000 0.000000 0.511143 5.000000 2000.000000 0.564351
1 0 16.000000 -0.000000 -0.000000 -0.223803 0.000000 -0.000000 0.415863 -0.000000 0.000000 0.308970 5.000000 2000.000000 0.564351
1 0 16.000000 0.000000 -0.000000 -0.176809 0.000000 0.000000 -0.149217 0.000000 0.000000 0.514748 5.000000 2000.000000 0.564351
1 0 16.000000 -0.000000 0.000000 0.073963 -0.000000 -0.000000 0.180950 0.000000 0.000000 0.529413 5.000000 2000.000000 0.564351
1 0 16.000000 0.000000 -0.000000 0.641225 0.000000 0.000000 0.257179 -0.000000 0.000000 0.399593 5.000000 2000.000000 0.798113
1 0 16.000000 0.000000 -0.000000 0.192413 0.000000 0.000000 0.049993 -0.000000 0.000000 0.772957 5.000000 2000.000000 0.798113
1 0 16.000000 -0.000000 -0.000000 -0.074672 0.000000 -0.000000 0.129760 -0.000000 0.000000 0.783946 5.000000 2000.000000 0.798113
1 0 16.000000 0.000000 0.000000 0.007532 -0.000000 0.000000 -0.344256 -0.000000 0.000000 0.720011 5.000000 2000.000000 0.798113
1 0 16.000000 0.000000 -0.000000 -0.350169 0.000000 0.000000 -0.661278 0.000000 0.000000 0.277629 5.000000 2000.000000 0.798113
1 0 16.000000 0.000000 0.000000 0.329305 -0.000000 0.000000 -0.226997 -0.000000 0.000000 0.690663 5.000000 2000.000000 0.798113
1 0 16.000000 0.000000 0.000000 -0.330560 -0.000000 0.000000 0.071972 0.000000 0.000000 0.722866 5.000000 2000.000000 0.798113
1 0 16.000000 -0.000000 -0.000000 -0.316506 0.000000 -0.000000 0.588119 -0.000000 0.000000 0.436950 5.000000 2000.000000 0.798113
1 0 16.000000 0.000000 -0.000000 -0.250045 0.000000 0.000000 -0.211025 0.000000 0.000000 0.727963 5.000000 2000.000000 0.798113
1 0 16.000000 -0.000000 0.000000 0.104600 -0.000000 -0.000000 0.255903 0.000000 0.000000 0.748704 5.000000 2000.000000 0.798113
1 0 16.000000 0.000000 -0.000000 0.785337 0.000000 0.000000 0.314978 -0.000000 0.000000 0.489400 5.000000 2000.000000 0.977485
1 0 16.000000 0.000000 -0.000000 0.235657 0.000000 0.000000 0.061229 -0.000000 0.000000 0.946675 5.000000 2000.000000 0.977485
1 0 16.000000 -0.000000 -0.000000 -0.091454 0.000000 -0.000000 0.158923 -0.000000 0.000000 0.960134 5.000000 2000.000000 0.977485
1 0 16.000000 0.000000 0.000000 0.009225 -0.000000 0.000000 -0.421626 -0.000000 0.000000 0.881829 5.000000 2000.000000 0.977485
1 0 16.000000 0.000000 -0.000000 -0.428867 0.000000 0.000000 -0.809897 0.000000 0.000000 0.340025 5.000000 2000.000000 0.977485
1 0 16.000000 0.000000 0.000000 0.403314 -0.000000 0.000000 -0.278013 -0.000000 0.000000 0.845886 5.000000 2000.000000 0.977485
1 0 16.000000 0.000000 0.000000 -0.404851 -0.000000 0.000000 0.088147 0.000000 0.000000 0.885326 5.000000 2000.000000 0.977485
1 0 16.000000 -0.000000 -0.000000 -0.387639 0.000000 -0.000000 0.720296 -0.000000 0.000000 0.535152 5.000000 2000.000000 0.977485
1 0 16.000000 0.000000 -0.000000 -0.306242 0.000000 0.000000 -0.258452 0.000000 0.000000 0.891569 5.000000 2000.000000 0.977485
1 0 16.000000 -0.000000 0.000000 0.128109 -0.000000 -0.000000 0.313415 0.000000 0.000000 0.916971 5.000000 2000.000000 0.977485
##END
