##LIST_SIZE=400
##LISTDATA
0 0 4.000000 0.000000 0.000000 0.000000 0.000000 0.000000 0.000000 0.000000 0.000000 0.000000 0.000000 3000.000000 0.000000
1 0 17.000000 0.000000 -0.000000 -0.225046 0.000000 0.000000 -0.467968 0.000000 0.000000 0.200580 0.000000 1300.000000 0.556662
1 0 10.000000 -0.000000 0.000000 0.370543 -0.000000 -0.000000 0.239511 0.000000 0.000000 0.889701 0.000000 800.000000 0.993094
1 0 12.000000 -0.499927 -0.123922 -0.361613 0.110328 -0.561524 0.079804 -0.261851 0.000000 0.724016 0.000000 1500.000000 0.995991
1 0 15.000000 0.000000 -0.000000 0.374937 0.000000 0.000000 0.535058 -0.000000 0.000000 0.754472 18.000000 1000.000000 0.998044
1 0 16.000000 -0.000000 -0.000000 -0.677786 0.000000 -0.000000 0.657727 -0.000000 0.000000 0.323362 0.000000 3000.000000 0.998280
1 0 22.000000 0.000000 0.000000 0.020072 -0.000000 0.000000 -0.274315 -0.000000 0.000000 0.485574 0.000000 2700.000000 0.558063
1 0 14.000000 0.814472 0.000000 0.000000 0.000000 0.814472 0.000000 0.000000 0.000000 0.575919 15.000000 1800.000000 0.997521
1 0 21.000000 -0.000000 0.000000 0.128090 -0.000000 -0.000000 0.374864 0.000000 0.000000 0.392733 0.000000 2000.000000 0.557825
1 0 8.000000 0.000000 0.000000 0.000000 0.000000 0.000000 0.000000 0.000000 0.000000 0.000000 16.000000 800.000000 0.000000
1 0 16.000000 -0.000000 -0.000000 0.300550 -0.000000 0.000000 0.327218 -0.000000 0.000000 -0.893958 0.000000 2000.000000 0.998280
1 0 8.000000 0.615458 0.770102 0.000000 -0.768616 0.616648 -0.000000 -0.061266 0.000000 0.000000 0.000000 800.000000 0.986566
1 0 6.000000 0.634537 0.000000 0.000000 0.000000 0.634537 0.000000 0.000000 0.000000 0.448685 12.000000 1500.000000 0.777146
1 0 14.000000 -0.000000 0.000000 0.372195 -0.000000 -0.000000 0.240579 0.000000 0.000000 0.893667 0.000000 700.000000 0.997521
1 1 22.000000 0.000000 0.000000 -0.113787 -0.000000 0.000000 0.391037 0.000000 0.000000 0.911123 0.000000 2700.000000 0.998000
1 0 12.000000 0.146679 0.552135 -0.092720 -0.504071 0.160665 0.318638 0.234656 0.000000 0.742431 0.000000 1500.000000 0.995991
1 0 8.000000 0.805528 0.000000 0.000000 0.000000 0.805528 0.000000 0.000000 0.000000 0.569594 0.000000 800.000000 0.986566
1 0 17.000000 -0.505896 0.213635 -0.000000 -0.210252 -0.514036 -0.000000 -0.098668 0.000000 0.000000 0.000000 2000.000000 0.556662
1 0 15.000000 -0.322438 -0.304714 -0.520027 0.200898 -0.489060 0.324008 -0.433249 0.000000 0.537264 0.000000 2500.000000 0.998044
1 0 10.000000 0.253316 0.953544 -0.000000 -0.870537 0.277470 0.000000 0.405254 0.000000 0.000000 25.000000 1500.000000 0.993094
1 1 22.000000 -0.000000 -0.000000 -0.443777 0.000000 -0.000000 0.097936 -0.000000 0.000000 0.888524 0.000000 2700.000000 0.998000
1 0 12.000000 -0.283081 0.390071 0.443567 -0.261350 -0.422505 0.409515 0.426881 0.000000 0.544864 0.000000 1500.000000 0.995991
1 0 15.000000 0.000000 -0.000000 -0.529070 0.000000 0.000000 -0.733638 0.000000 0.000000 0.421843 18.000000 1000.000000 0.998044
1 0 22.000000 -0.000000 0.000000 -0.449197 -0.000000 -0.000000 -0.307522 -0.000000 0.000000 0.122828 0.000000 2700.000000 0.558063
1 0 10.000000 0.253316 0.953544 -0.000000 -0.870537 0.277470 0.000000 0.405254 0.000000 0.000000 0.000000 1500.000000 0.993094
1 0 17.000000 0.137623 -0.451502 -0.000000 0.190836 0.325605 -0.000000 0.504494 0.000000 0.000000 0.000000 2000.000000 0.556662
1 0 17.000000 0.000000 0.000000 0.407991 -0.000000 0.000000 -0.164207 -0.000000 0.000000 0.341250 0.000000 1300.000000 0.556662
1 0 12.000000 -0.180886 0.562639 -0.000000 -0.123835 -0.821848 -0.000000 -0.971567 0.000000 0.000000 0.000000 1500.000000 0.995991
1 1 22.000000 -0.181251 0.563774 -0.000000 -0.124085 -0.823506 -0.000000 -0.973527 0.000000 0.000000 0.000000 2700.000000 0.998000
1 1 17.000000 0.000000 -0.000000 0.390563 0.000000 0.000000 0.252302 -0.000000 0.000000 0.880234 0.000000 1300.000000 0.995494
1 0 17.000000 0.000000 0.000000 0.039494 -0.000000 0.000000 -0.026697 -0.000000 0.000000 0.554617 0.000000 1300.000000 0.556662
1 0 13.000000 0.114677 0.563846 0.022743 -0.558382 0.115799 -0.110740 -0.079939 0.000000 0.806153 0.000000 1200.000000 0.996993
1 1 17.000000 0.249336 -0.470688 0.305353 0.355817 0.329831 0.435756 -0.376247 0.000000 0.614450 0.000000 2000.000000 0.995494
1 0 22.000000 -0.274726 0.378557 0.000000 -0.253636 -0.410035 0.000000 0.414281 0.000000 0.000000 0.000000 2700.000000 0.558063
1 0 8.000000 0.805528 0.000000 0.000000 0.000000 0.805528 0.000000 0.000000 0.000000 0.569594 16.000000 800.000000 0.986566
0 0 4.000000 0.000000 0.000000 0.000000 0.000000 0.000000 0.000000 0.000000 0.000000 0.000000 4.000000 800.000000 0.000000
1 0 14.000000 -0.000000 -0.000000 0.560863 0.000000 -0.000000 -0.644041 0.000000 0.000000 0.515454 0.000000 700.000000 0.997521
1 0 15.000000 -0.423398 -0.665755 -0.144163 0.599836 -0.469927 0.204239 -0.353543 0.000000 0.519167 0.000000 2500.000000 0.998044
1 0 17.000000 0.000000 -0.000000 -0.102314 0.000000 0.000000 -0.163551 0.000000 0.000000 0.522164 0.000000 1300.000000 0.556662
1 0 21.000000 0.200914 0.251397 0.017679 -0.250912 0.201302 -0.022078 -0.020000 0.000000 0.454584 0.000000 2000.000000 0.557825
1 0 16.000000 0.000000 0.000000 -0.964538 0.000000 -0.000000 -0.112300 -0.000000 0.000000 -0.231555 0.000000 3000.000000 0.998280
1 0 13.000000 -0.000000 -0.000000 -0.636229 0.000000 -0.000000 0.396410 -0.000000 0.000000 0.657318 0.000000 1200.000000 0.996993
1 0 17.000000 0.205498 0.211317 0.181145 -0.179333 0.242149 -0.158080 -0.170004 0.000000 0.385719 0.000000 2000.000000 0.556662
1 0 13.000000 -0.550086 0.091478 -0.201836 -0.088547 -0.568299 -0.032489 -0.144557 0.000000 0.787953 0.000000 1200.000000 0.996993
1 0 8.000000 -0.000000 0.000000 0.226539 -0.000000 -0.000000 0.662981 0.000000 0.000000 0.694585 0.000000 800.000000 0.986566
1 0 16.000000 0.000000 0.000000 -0.713455 0.000000 -0.000000 -0.530314 -0.000000 0.000000 -0.454214 0.000000 2000.000000 0.998280
1 0 17.000000 -0.289225 -0.454780 -0.000000 0.409751 -0.321010 0.000000 -0.241507 0.000000 0.000000 0.000000 2000.000000 0.556662
0 0 4.000000 0.000000 0.000000 0.000000 0.000000 0.000000 0.000000 0.000000 0.000000 0.000000 0.000000 1800.000000 0.000000
1 0 16.000000 0.000000 0.000000 0.000000 0.000000 0.000000 0.000000 0.000000 0.000000 0.000000 0.000000 2000.000000 0.000000
1 0 10.000000 0.810858 0.000000 0.000000 0.000000 0.810858 0.000000 0.000000 0.000000 0.573363 0.000000 800.000000 0.993094
1 0 12.000000 0.000000 0.000000 0.000000 0.000000 0.000000 0.000000 0.000000 0.000000 0.000000 0.000000 1500.000000 0.000000
1 0 15.000000 0.000000 0.000000 0.000000 0.000000 0.000000 0.000000 0.000000 0.000000 0.000000 0.000000 1000.000000 0.000000
1 0 17.000000 0.000000 -0.000000 -0.295090 0.000000 0.000000 -0.409189 0.000000 0.000000 0.235284 0.000000 2000.000000 0.556662
1 0 21.000000 -0.302921 0.102165 -0.055211 -0.101327 -0.305426 -0.018468 -0.041167 0.000000 0.451726 0.000000 2000.000000 0.557825
1 0 10.000000 -0.000000 0.000000 0.541676 -0.000000 -0.000000 0.500093 0.000000 0.000000 0.665379 25.000000 1500.000000 0.993094
1 0 6.000000 0.000000 0.000000 0.000000 0.000000 0.000000 0.000000 0.000000 0.000000 0.000000 12.000000 1500.000000 0.000000
1 0 17.000000 0.000000 0.000000 0.221856 -0.000000 0.000000 -0.193608 -0.000000 0.000000 0.472407 0.000000 2000.000000 0.556662
1 1 17.000000 -0.232852 -0.757795 -0.126884 0.600243 -0.293971 0.327080 -0.496146 0.000000 0.455253 0.000000 2000.000000 0.995494
1 0 10.000000 0.000000 0.000000 0.035718 -0.000000 0.000000 -0.488154 -0.000000 0.000000 0.864098 0.000000 1500.000000 0.993094
1 0 22.000000 0.458725 0.219616 0.000000 -0.196368 0.513033 -0.000000 -0.249890 0.000000 0.000000 0.000000 2700.000000 0.558063
1 0 17.000000 -0.000000 0.000000 -0.138020 -0.000000 -0.000000 -0.022217 -0.000000 0.000000 0.538822 0.000000 1300.000000 0.556662
1 0 16.000000 -0.000000 0.000000 -0.507786 -0.000000 -0.000000 -0.831078 -0.000000 0.000000 0.219147 0.000000 2000.000000 0.998280
0 0 4.000000 0.000000 0.000000 0.000000 0.000000 0.000000 0.000000 0.000000 0.000000 0.000000 10.000000 1800.000000 0.000000
1 0 16.000000 0.000000 -0.000000 0.814315 0.000000 0.000000 0.442840 -0.000000 0.000000 0.370602 0.000000 3000.000000 0.998280
1 0 10.000000 -0.000000 -0.000000 -0.029469 0.000000 -0.000000 0.014404 -0.000000 0.000000 0.992552 0.000000 800.000000 0.993094
1 0 8.000000 0.000000 0.000000 0.038294 -0.000000 0.000000 -0.047824 -0.000000 0.000000 0.984662 32.000000 800.000000 0.986566
1 0 10.000000 -0.747198 0.539099 0.000000 -0.482973 -0.834031 0.000000 0.441212 0.000000 0.000000 0.000000 800.000000 0.993094
1 0 15.000000 0.201467 -0.660955 -0.305459 0.279366 0.476654 -0.423566 0.738530 0.000000 0.243551 0.000000 2500.000000 0.998044
1 0 22.000000 0.000000 0.000000 0.229726 -0.000000 0.000000 -0.098340 -0.000000 0.000000 0.498988 0.000000 2700.000000 0.558063
1 0 12.000000 -0.104435 0.324840 -0.654581 -0.071496 -0.474494 -0.448128 -0.560934 0.000000 0.178988 0.000000 1500.000000 0.995991
1 0 13.000000 -0.952777 0.158445 -0.000000 -0.153367 -0.984322 -0.000000 -0.250379 0.000000 0.000000 0.000000 1200.000000 0.996993
1 0 16.000000 -0.000000 -0.000000 0.507786 -0.000000 0.000000 0.831078 -0.000000 0.000000 -0.219147 0.000000 2000.000000 0.998280
1 0 6.000000 0.789992 0.000000 0.000000 0.000000 0.789992 0.000000 0.000000 0.000000 0.558609 36.000000 1500.000000 0.967539
1 0 15.000000 0.000000 0.000000 0.000000 0.000000 0.000000 0.000000 0.000000 0.000000 0.000000 18.000000 1000.000000 0.000000
1 0 15.000000 0.000000 0.000000 0.070809 -0.000000 0.000000 -0.047864 -0.000000 0.000000 0.994378 0.000000 2500.000000 0.998044
1 0 16.000000 -0.000000 0.000000 0.940125 0.000000 0.000000 -0.335329 -0.000000 0.000000 -0.016772 0.000000 3000.000000 0.998280
1 1 17.000000 -0.100269 -0.796332 0.090757 0.490245 -0.162873 -0.443737 0.640530 0.000000 0.353832 0.000000 2000.000000 0.995494
1 1 22.000000 -0.233438 -0.759702 -0.127203 0.601753 -0.294711 0.327903 -0.497395 0.000000 0.456399 0.000000 2700.000000 0.998000
1 0 12.000000 0.818700 0.391955 0.000000 -0.350464 0.915625 -0.000000 -0.445985 0.000000 0.000000 0.000000 1500.000000 0.995991
1 1 17.000000 -0.517229 -0.813297 -0.000000 0.732769 -0.574071 0.000000 -0.431894 0.000000 0.000000 0.000000 2000.000000 0.995494
1 0 13.000000 0.822952 0.558338 0.000000 -0.556287 0.825987 -0.000000 -0.085379 0.000000 0.000000 0.000000 1200.000000 0.996993
1 0 8.000000 -0.224588 0.933570 0.000000 -0.657273 -0.318998 0.000000 0.700617 0.000000 0.000000 32.000000 800.000000 0.986566
1 0 12.000000 -0.490311 0.675622 0.000000 -0.452671 -0.731801 0.000000 0.739379 0.000000 0.000000 0.000000 1500.000000 0.995991
1 0 16.000000 0.000000 -0.000000 -0.162969 -0.000000 -0.000000 0.833237 -0.000000 0.000000 -0.525090 0.000000 2000.000000 0.998280
1 0 16.000000 0.000000 0.000000 -0.103395 0.000000 -0.000000 -0.375914 -0.000000 0.000000 -0.919000 0.000000 2000.000000 0.998280
1 0 13.000000 0.740490 -0.540991 0.000000 0.478354 0.837451 0.000000 -0.465669 0.000000 0.000000 0.000000 1200.000000 0.996993
1 0 10.000000 0.000000 0.000000 -0.113228 -0.000000 0.000000 0.389115 0.000000 0.000000 0.906645 0.000000 1500.000000 0.993094
1 1 21.000000 0.000000 0.000000 0.038721 -0.000000 0.000000 -0.048357 -0.000000 0.000000 0.995650 0.000000 2000.000000 0.997575
1 0 15.000000 -0.740584 0.312741 -0.094314 -0.307789 -0.752499 -0.039197 -0.144441 0.000000 0.567097 0.000000 2500.000000 0.998044
1 0 13.000000 0.000000 0.000000 0.000000 0.000000 0.000000 0.000000 0.000000 0.000000 0.000000 0.000000 1200.000000 0.000000
1 0 13.000000 0.037137 -0.573504 0.045728 0.432534 0.049241 0.532581 -0.377978 0.000000 0.613946 0.000000 1200.000000 0.996993
1 0 8.000000 0.000000 -0.000000 -0.181253 0.000000 0.000000 -0.868445 0.000000 0.000000 0.431582 32.000000 800.000000 0.986566
1 0 13.000000 0.064324 -0.993338 0.000000 0.749171 0.085288 0.000000 -0.654676 0.000000 0.000000 0.000000 1200.000000 0.996993
1 0 16.000000 -0.000000 0.000000 0.608051 0.000000 0.000000 -0.414340 -0.000000 0.000000 -0.674654 0.000000 2000.000000 0.998280
1 0 13.000000 -0.557890 -0.527225 -0.000000 0.347600 -0.846185 0.000000 -0.749619 0.000000 0.000000 0.000000 1200.000000 0.996993
1 0 17.000000 0.000000 -0.000000 0.031270 0.000000 0.000000 0.364193 -0.000000 0.000000 0.419831 0.000000 1300.000000 0.556662
1 0 13.000000 -0.185314 0.770313 0.132175 -0.542333 -0.263213 0.386818 0.578097 0.000000 0.405257 0.000000 1200.000000 0.996993
1 0 14.000000 -0.000000 -0.000000 -0.340266 0.000000 -0.000000 0.763286 -0.000000 0.000000 0.544666 15.000000 1800.000000 0.997521
1 0 12.000000 0.036512 0.573502 0.029249 -0.499008 0.041963 -0.399739 -0.283414 0.000000 0.707591 0.000000 1500.000000 0.995991
1 0 14.000000 -0.895702 -0.438052 -0.000000 0.437813 -0.896191 0.000000 -0.032947 0.000000 0.000000 15.000000 1800.000000 0.997521
1 1 17.000000 0.246116 -0.807433 -0.000000 0.341278 0.582288 -0.000000 0.902200 0.000000 0.000000 0.000000 2000.000000 0.995494
1 0 22.000000 -0.000000 0.000000 0.304392 -0.000000 -0.000000 0.281024 0.000000 0.000000 0.373906 0.000000 2700.000000 0.558063
1 0 17.000000 0.355932 0.366012 0.000000 -0.310613 0.419414 -0.000000 -0.294456 0.000000 0.000000 0.000000 2000.000000 0.556662
1 1 17.000000 -0.522334 0.220576 -0.133039 -0.217083 -0.530738 -0.055292 -0.101874 0.000000 0.799947 0.000000 2000.000000 0.995494
1 0 10.000000 0.000000 -0.000000 -0.087469 0.000000 0.000000 -0.076641 0.000000 0.000000 0.986261 25.000000 1500.000000 0.993094
1 0 10.000000 0.000000 0.000000 -0.113228 -0.000000 0.000000 0.389115 0.000000 0.000000 0.906645 25.000000 1500.000000 0.993094
1 0 16.000000 0.000000 0.000000 0.162969 -0.000000 0.000000 -0.833237 -0.000000 0.000000 0.525090 0.000000 2000.000000 0.998280
1 0 10.000000 0.000000 0.000000 0.408806 -0.000000 0.000000 -0.174999 -0.000000 0.000000 0.887969 25.000000 1500.000000 0.993094
1 0 10.000000 0.573363 0.000000 0.000000 0.000000 0.573363 0.000000 0.000000 0.000000 0.810858 0.000000 1500.000000 0.993094
1 0 10.000000 0.000000 0.000000 0.035718 -0.000000 0.000000 -0.488154 -0.000000 0.000000 0.864098 25.000000 1500.000000 0.993094
1 0 13.000000 0.000000 0.000000 0.730720 -0.000000 0.000000 -0.294099 -0.000000 0.000000 0.611186 0.000000 1200.000000 0.996993
1 0 17.000000 0.000000 0.000000 0.000000 0.000000 0.000000 0.000000 0.000000 0.000000 0.000000 0.000000 2000.000000 0.000000
1 0 16.000000 -0.000000 0.000000 -0.613979 -0.000000 -0.000000 -0.286520 -0.000000 0.000000 0.733143 0.000000 3000.000000 0.998280
1 0 21.000000 0.000000 0.000000 0.000000 0.000000 0.000000 0.000000 0.000000 0.000000 0.000000 0.000000 2000.000000 0.000000
1 0 13.000000 0.000000 0.000000 0.027854 -0.000000 0.000000 -0.135628 -0.000000 0.000000 0.987332 0.000000 1200.000000 0.996993
1 0 13.000000 0.475132 0.322356 0.057754 -0.321172 0.476884 -0.039040 -0.049294 0.000000 0.811051 0.000000 1200.000000 0.996993
1 0 10.000000 -0.891727 -0.436108 -0.000000 0.435870 -0.892214 0.000000 -0.032801 0.000000 0.000000 0.000000 800.000000 0.993094
1 0 17.000000 -0.130206 -0.423745 -0.070951 0.335645 -0.164383 0.182897 -0.277436 0.000000 0.254569 0.000000 2000.000000 0.556662
1 0 16.000000 -0.423498 -0.665912 -0.144197 0.599977 -0.470038 0.204287 -0.353627 0.000000 0.519289 0.000000 3000.000000 0.998280
1 0 15.000000 0.286661 -0.488507 -0.149778 0.458233 0.305600 -0.239423 0.199695 0.000000 0.764398 0.000000 2500.000000 0.998044
1 0 8.000000 -0.000000 0.000000 -0.119592 -0.000000 -0.000000 -0.040004 -0.000000 0.000000 0.978473 32.000000 800.000000 0.986566
1 0 8.000000 0.000000 0.000000 0.000000 0.000000 0.000000 0.000000 0.000000 0.000000 0.000000 32.000000 800.000000 0.000000
0 0 4.000000 0.000000 0.000000 0.000000 0.000000 0.000000 0.000000 0.000000 0.000000 0.000000 4.000000 1800.000000 0.000000
1 0 10.000000 0.816319 0.390815 0.000000 -0.349445 0.912962 -0.000000 -0.444688 0.000000 0.000000 25.000000 1500.000000 0.993094
1 0 16.000000 0.000000 0.000000 0.000000 0.000000 0.000000 0.000000 0.000000 0.000000 0.000000 0.000000 3000.000000 0.000000
1 0 15.000000 -0.000000 0.000000 -0.163357 -0.000000 -0.000000 -0.067892 -0.000000 0.000000 0.982241 18.000000 1000.000000 0.998044
1 0 12.000000 0.000000 0.000000 -0.113558 -0.000000 0.000000 0.390250 0.000000 0.000000 0.909289 0.000000 1500.000000 0.995991
1 0 13.000000 -0.322098 -0.304394 -0.519479 0.200687 -0.488545 0.323667 -0.432793 0.000000 0.536698 0.000000 1200.000000 0.996993
1 0 13.000000 -0.765664 0.258234 -0.069776 -0.256115 -0.771997 -0.023340 -0.104053 0.000000 0.570892 0.000000 1200.000000 0.996993
1 0 15.000000 -0.000000 0.000000 -0.247458 -0.000000 -0.000000 -0.039833 -0.000000 0.000000 0.966059 0.000000 2500.000000 0.998044
1 0 12.000000 -0.000000 0.000000 -0.120735 -0.000000 -0.000000 -0.040386 -0.000000 0.000000 0.987821 24.000000 3000.000000 0.995991
1 0 13.000000 0.495989 -0.845228 -0.000000 0.792848 0.528757 -0.000000 0.345518 0.000000 0.000000 0.000000 1200.000000 0.996993
1 0 10.000000 -0.000000 -0.000000 0.558373 0.000000 -0.000000 -0.641183 0.000000 0.000000 0.513166 0.000000 800.000000 0.993094
1 0 16.000000 -0.000000 0.000000 0.355426 0.000000 0.000000 -0.799297 -0.000000 0.000000 -0.480998 0.000000 3000.000000 0.998280
1 0 8.000000 -0.927936 0.312963 -0.000000 -0.310395 -0.935610 -0.000000 -0.126105 0.000000 0.000000 16.000000 800.000000 0.986566
1 0 13.000000 0.327350 0.214918 0.596631 -0.131751 0.533987 -0.240131 -0.454770 0.000000 0.499032 0.000000 1200.000000 0.996993
1 1 21.000000 -0.000000 0.000000 -0.120927 -0.000000 -0.000000 -0.040450 -0.000000 0.000000 0.989392 0.000000 2000.000000 0.997575
1 0 21.000000 0.455463 0.000000 0.000000 0.000000 0.455463 0.000000 0.000000 0.000000 0.322061 0.000000 2000.000000 0.557825
1 0 10.000000 -0.000000 -0.000000 -0.338756 0.000000 -0.000000 0.759899 -0.000000 0.000000 0.542249 0.000000 800.000000 0.993094
1 1 17.000000 0.142095 -0.466172 -0.430880 0.197037 0.336184 -0.597483 0.520885 0.000000 0.343553 0.000000 2000.000000 0.995494
1 0 15.000000 0.427973 -0.312670 0.319710 0.276469 0.484012 0.206532 -0.269137 0.000000 0.720549 0.000000 2500.000000 0.998044
1 0 8.000000 0.000000 -0.000000 -0.181253 0.000000 0.000000 -0.868445 0.000000 0.000000 0.431582 0.000000 800.000000 0.986566
1 0 16.000000 0.000000 -0.000000 0.082419 0.000000 0.000000 0.350042 -0.000000 0.000000 0.931257 0.000000 3000.000000 0.998280
1 0 10.000000 -0.000000 -0.000000 -0.441595 0.000000 -0.000000 0.097455 -0.000000 0.000000 0.884156 25.000000 1500.000000 0.993094
1 0 12.000000 0.621337 0.777459 0.000000 -0.775959 0.622539 -0.000000 -0.061851 0.000000 0.000000 0.000000 3000.000000 0.995991
1 1 17.000000 -0.000000 0.000000 -0.162939 -0.000000 -0.000000 -0.067718 -0.000000 0.000000 0.979731 0.000000 2000.000000 0.995494
1 0 10.000000 -0.488885 0.673657 0.000000 -0.451354 -0.729672 0.000000 0.737229 0.000000 0.000000 0.000000 1500.000000 0.993094
1 0 12.000000 0.472677 0.226295 0.334763 -0.202341 0.528636 -0.143303 -0.257490 0.000000 0.727138 0.000000 1500.000000 0.995991
1 0 14.000000 0.814472 0.000000 0.000000 0.000000 0.814472 0.000000 0.000000 0.000000 0.575919 0.000000 700.000000 0.997521
1 0 12.000000 0.743958 -0.656376 -0.000000 0.651859 0.749112 -0.000000 0.116635 0.000000 0.000000 0.000000 1500.000000 0.995991
1 0 16.000000 0.000000 -0.000000 0.010630 0.000000 0.000000 0.927079 -0.000000 0.000000 0.370100 0.000000 2000.000000 0.998280
1 1 17.000000 -0.298622 -0.469557 -0.203357 0.423064 -0.331440 0.288099 -0.249354 0.000000 0.732337 0.000000 2000.000000 0.995494
1 0 15.000000 0.521051 0.535806 0.229651 -0.454708 0.613982 -0.200411 -0.431055 0.000000 0.489006 0.000000 2500.000000 0.998044
1 0 16.000000 0.000000 0.000000 0.518997 -0.000000 0.000000 -0.234327 -0.000000 0.000000 0.819936 0.000000 2000.000000 0.998280
1 0 12.000000 0.000000 -0.000000 -0.182985 0.000000 0.000000 -0.876741 0.000000 0.000000 0.435705 24.000000 3000.000000 0.995991
1 0 10.000000 -0.863381 -0.214014 -0.000000 0.190538 -0.969759 0.000000 -0.452221 0.000000 0.000000 0.000000 1500.000000 0.993094
1 0 8.000000 0.615458 0.770102 0.000000 -0.768616 0.616648 -0.000000 -0.061266 0.000000 0.000000 32.000000 800.000000 0.986566
1 0 16.000000 0.000000 0.000000 0.959699 -0.000000 0.000000 -0.156123 -0.000000 0.000000 0.226197 0.000000 2000.000000 0.998280
1 0 17.000000 -0.292079 0.123342 -0.074393 -0.121389 -0.296779 -0.030918 -0.056966 0.000000 0.447316 0.000000 2000.000000 0.556662
1 0 15.000000 0.814900 0.000000 0.000000 0.000000 0.814900 0.000000 0.000000 0.000000 0.576221 0.000000 1000.000000 0.998044
1 0 6.000000 0.789992 0.000000 0.000000 0.000000 0.789992 0.000000 0.000000 0.000000 0.558609 12.000000 1500.000000 0.967539
1 0 14.000000 0.000000 0.000000 0.000000 0.000000 0.000000 0.000000 0.000000 0.000000 0.000000 0.000000 700.000000 0.000000
1 0 15.000000 -0.000000 -0.000000 -0.249698 0.000000 -0.000000 0.353752 -0.000000 0.000000 0.899223 0.000000 1000.000000 0.998044
1 1 17.000000 0.000000 0.000000 0.070628 -0.000000 0.000000 -0.047742 -0.000000 0.000000 0.991837 0.000000 1300.000000 0.995494
1 1 17.000000 0.000000 -0.000000 0.373979 0.000000 0.000000 0.533691 -0.000000 0.000000 0.752544 0.000000 2000.000000 0.995494
1 0 17.000000 0.139424 -0.263200 0.170748 0.198966 0.184435 0.243667 -0.210391 0.000000 0.343589 0.000000 2000.000000 0.556662
1 0 13.000000 0.000000 -0.000000 -0.183246 0.000000 0.000000 -0.292923 0.000000 0.000000 0.935207 0.000000 1200.000000 0.996993
1 0 15.000000 0.000000 0.000000 0.397768 -0.000000 0.000000 -0.347122 -0.000000 0.000000 0.846983 0.000000 1000.000000 0.998044
1 1 17.000000 0.636524 0.654549 0.000000 -0.555478 0.750049 -0.000000 -0.526583 0.000000 0.000000 0.000000 2000.000000 0.995494
1 0 15.000000 0.000000 -0.000000 0.391563 0.000000 0.000000 0.252949 -0.000000 0.000000 0.882489 0.000000 2500.000000 0.998044
1 0 6.000000 0.000000 0.000000 0.000000 0.000000 0.000000 0.000000 0.000000 0.000000 0.000000 36.000000 500.000000 0.000000
1 0 15.000000 0.089984 -0.519294 -0.329446 0.187116 0.249729 -0.685061 0.537514 0.000000 0.293630 0.000000 2500.000000 0.998044
1 0 13.000000 0.286359 -0.487993 -0.149620 0.457751 0.305278 -0.239170 0.199485 0.000000 0.763593 0.000000 1200.000000 0.996993
1 0 16.000000 -0.000000 -0.000000 0.613979 -0.000000 0.000000 0.286520 -0.000000 0.000000 -0.733143 0.000000 3000.000000 0.998280
1 0 16.000000 0.000000 -0.000000 -0.959699 -0.000000 -0.000000 0.156123 -0.000000 0.000000 -0.226197 0.000000 2000.000000 0.998280
1 0 13.000000 0.198626 0.976610 0.000000 -0.967146 0.200569 -0.000000 -0.138459 0.000000 0.000000 0.000000 1200.000000 0.996993
1 1 17.000000 0.772351 -0.245222 0.044787 0.244401 0.774944 0.014172 -0.066434 0.000000 0.572826 0.000000 2000.000000 0.995494
1 0 15.000000 0.000000 -0.000000 0.374937 0.000000 0.000000 0.535058 -0.000000 0.000000 0.754472 0.000000 1000.000000 0.998044
1 1 22.000000 0.254568 0.958254 -0.000000 -0.874838 0.278841 0.000000 0.407256 0.000000 0.000000 0.000000 2700.000000 0.998000
1 0 13.000000 0.566987 0.372249 0.000000 -0.228200 0.924892 -0.000000 -0.787684 0.000000 0.000000 0.000000 1200.000000 0.996993
1 0 12.000000 0.813223 0.000000 0.000000 0.000000 0.813223 0.000000 0.000000 0.000000 0.575035 24.000000 3000.000000 0.995991
1 0 8.000000 0.615458 0.770102 0.000000 -0.768616 0.616648 -0.000000 -0.061266 0.000000 0.000000 16.000000 800.000000 0.986566
1 0 13.000000 -0.000000 0.000000 -0.247197 -0.000000 -0.000000 -0.039791 -0.000000 0.000000 0.965042 0.000000 1200.000000 0.996993
1 1 17.000000 0.000000 0.000000 0.729622 -0.000000 0.000000 -0.293657 -0.000000 0.000000 0.610268 0.000000 1300.000000 0.995494
1 0 8.000000 0.088176 -0.965756 -0.000000 0.422479 0.201563 -0.000000 0.887158 0.000000 0.000000 16.000000 800.000000 0.986566
1 0 12.000000 -0.000000 0.000000 -0.120735 -0.000000 -0.000000 -0.040386 -0.000000 0.000000 0.987821 0.000000 3000.000000 0.995991
1 0 17.000000 0.000000 -0.000000 0.218396 0.000000 0.000000 0.141083 -0.000000 0.000000 0.492211 0.000000 1300.000000 0.556662
1 0 12.000000 0.000000 -0.000000 -0.087724 0.000000 0.000000 -0.076864 0.000000 0.000000 0.989138 0.000000 1500.000000 0.995991
1 0 22.000000 0.142350 0.535838 -0.000000 -0.489193 0.155923 0.000000 0.227730 0.000000 0.000000 0.000000 2700.000000 0.558063
1 0 14.000000 -0.012865 -0.997438 0.000000 0.995435 -0.012891 -0.000000 0.063181 0.000000 0.000000 15.000000 1800.000000 0.997521
1 0 16.000000 -0.000000 -0.000000 -0.643681 0.000000 -0.000000 0.762918 -0.000000 0.000000 0.013885 0.000000 2000.000000 0.998280
1 0 10.000000 0.000000 -0.000000 -0.509671 0.000000 0.000000 -0.312903 0.000000 0.000000 0.792819 0.000000 800.000000 0.993094
1 0 13.000000 0.507830 0.635432 0.022343 -0.634205 0.508812 -0.027903 -0.050552 0.000000 0.574503 0.000000 1200.000000 0.996993
1 0 22.000000 -0.000000 -0.000000 -0.248152 0.000000 -0.000000 0.054764 -0.000000 0.000000 0.496846 0.000000 2700.000000 0.558063
1 0 10.000000 -0.000000 0.000000 -0.799363 -0.000000 -0.000000 -0.547246 -0.000000 0.000000 0.218577 25.000000 1500.000000 0.993094
1 1 21.000000 0.000000 -0.000000 -0.183276 0.000000 0.000000 -0.878136 0.000000 0.000000 0.436398 0.000000 2000.000000 0.997575
1 0 16.000000 -0.000000 0.000000 0.643681 0.000000 0.000000 -0.762918 -0.000000 0.000000 -0.013885 0.000000 2000.000000 0.998280
1 0 6.000000 0.000000 0.000000 0.000000 0.000000 0.000000 0.000000 0.000000 0.000000 0.000000 0.000000 1500.000000 0.000000
1 0 12.000000 0.813223 0.000000 0.000000 0.000000 0.813223 0.000000 0.000000 0.000000 0.575035 0.000000 3000.000000 0.995991
1 0 14.000000 -0.750529 0.541502 0.000000 -0.485126 -0.837749 0.000000 0.443178 0.000000 0.000000 15.000000 1800.000000 0.997521
1 0 14.000000 -0.000000 -0.000000 -0.029600 0.000000 -0.000000 0.014468 -0.000000 0.000000 0.996977 15.000000 1800.000000 0.997521
1 0 17.000000 0.079457 -0.260675 -0.240940 0.110179 0.187988 -0.334101 0.291270 0.000000 0.192109 0.000000 2000.000000 0.556662
1 0 15.000000 0.353517 -0.667359 0.216470 0.504490 0.467646 0.308916 -0.533457 0.000000 0.435594 0.000000 2500.000000 0.998044
1 0 8.000000 0.088176 -0.965756 -0.000000 0.422479 0.201563 -0.000000 0.887158 0.000000 0.000000 0.000000 800.000000 0.986566
1 1 22.000000 0.000000 0.000000 0.035895 -0.000000 0.000000 -0.490565 -0.000000 0.000000 0.868366 0.000000 2700.000000 0.998000
1 1 17.000000 0.431862 -0.815256 0.000000 0.616293 0.571284 0.000000 -0.651679 0.000000 0.000000 0.000000 2000.000000 0.995494
1 0 21.000000 -0.073316 0.304760 0.104585 -0.214564 -0.104136 0.306075 0.228714 0.000000 0.320665 0.000000 2000.000000 0.557825
1 0 8.000000 -0.000000 0.000000 0.226539 -0.000000 -0.000000 0.662981 0.000000 0.000000 0.694585 16.000000 800.000000 0.986566
1 0 21.000000 0.000000 -0.000000 -0.102485 0.000000 0.000000 -0.491037 0.000000 0.000000 0.244026 0.000000 2000.000000 0.557825
1 1 22.000000 0.000000 -0.000000 -0.087901 0.000000 0.000000 -0.077019 0.000000 0.000000 0.991133 0.000000 2700.000000 0.998000
1 0 10.000000 0.000000 0.000000 0.000000 0.000000 0.000000 0.000000 0.000000 0.000000 0.000000 0.000000 1500.000000 0.000000
1 0 13.000000 0.089889 -0.518747 -0.329099 0.186918 0.249466 -0.684339 0.536948 0.000000 0.293321 0.000000 1200.000000 0.996993
1 0 12.000000 0.000000 0.000000 0.038660 -0.000000 0.000000 -0.048281 -0.000000 0.000000 0.994068 0.000000 3000.000000 0.995991
1 0 12.000000 0.000000 0.000000 0.038660 -0.000000 0.000000 -0.048281 -0.000000 0.000000 0.994068 24.000000 3000.000000 0.995991
1 0 17.000000 0.000000 -0.000000 0.209122 0.000000 0.000000 0.298430 -0.000000 0.000000 0.420809 0.000000 2000.000000 0.556662
1 0 22.000000 0.416846 -0.367773 -0.000000 0.365243 0.419734 -0.000000 0.065351 0.000000 0.000000 0.000000 2700.000000 0.558063
1 0 14.000000 -0.000000 0.000000 0.372195 -0.000000 -0.000000 0.240579 0.000000 0.000000 0.893667 15.000000 1800.000000 0.997521
1 1 22.000000 -0.000000 0.000000 -0.803312 -0.000000 -0.000000 -0.549949 -0.000000 0.000000 0.219656 0.000000 2700.000000 0.998000
1 0 15.000000 -0.000000 -0.000000 -0.249698 0.000000 -0.000000 0.353752 -0.000000 0.000000 0.899223 18.000000 1000.000000 0.998044
1 0 10.000000 0.675649 -0.519585 -0.000000 0.414802 0.846325 -0.000000 0.598058 0.000000 0.000000 0.000000 800.000000 0.993094
1 0 10.000000 -0.180360 0.561003 -0.000000 -0.123475 -0.819458 -0.000000 -0.968741 0.000000 0.000000 0.000000 1500.000000 0.993094
1 0 12.000000 -0.936800 0.315952 -0.000000 -0.313361 -0.944548 -0.000000 -0.127310 0.000000 0.000000 24.000000 3000.000000 0.995991
1 0 17.000000 -0.000000 -0.000000 -0.355233 0.000000 -0.000000 0.221332 -0.000000 0.000000 0.367007 0.000000 1300.000000 0.556662
1 0 15.000000 0.000000 -0.000000 -0.183439 0.000000 0.000000 -0.293232 0.000000 0.000000 0.936193 0.000000 2500.000000 0.998044
1 0 14.000000 0.000000 -0.000000 -0.511943 0.000000 0.000000 -0.314298 0.000000 0.000000 0.796354 15.000000 1800.000000 0.997521
0 0 4.000000 0.000000 0.000000 0.000000 0.000000 0.000000 0.000000 0.000000 0.000000 0.000000 4.000000 3000.000000 0.000000
1 0 12.000000 -0.000000 -0.000000 -0.442883 0.000000 -0.000000 0.097739 -0.000000 0.000000 0.886735 0.000000 1500.000000 0.995991
1 0 10.000000 -0.000000 0.000000 0.541676 -0.000000 -0.000000 0.500093 0.000000 0.000000 0.665379 0.000000 1500.000000 0.993094
1 0 15.000000 0.114798 0.564440 0.022767 -0.558971 0.115921 -0.110857 -0.080024 0.000000 0.807003 0.000000 2500.000000 0.998044
1 0 10.000000 0.063057 0.990446 0.000000 -0.861794 0.072471 -0.000000 -0.489459 0.000000 0.000000 25.000000 1500.000000 0.993094
1 1 17.000000 -0.000000 -0.000000 -0.249060 0.000000 -0.000000 0.352848 -0.000000 0.000000 0.896926 0.000000 2000.000000 0.995494
1 0 12.000000 -0.226734 0.942488 0.000000 -0.663552 -0.322045 0.000000 0.707310 0.000000 0.000000 24.000000 3000.000000 0.995991
1 0 16.000000 0.000000 -0.000000 0.713455 0.000000 0.000000 0.530314 -0.000000 0.000000 0.454214 0.000000 2000.000000 0.998280
1 0 10.000000 -0.863381 -0.214014 -0.000000 0.190538 -0.969759 0.000000 -0.452221 0.000000 0.000000 25.000000 1500.000000 0.993094
1 0 10.000000 0.000000 -0.810858 0.000000 0.810858 0.000000 0.000000 0.000000 0.000000 0.573363 0.000000 800.000000 0.993094
1 0 12.000000 -0.232968 -0.758173 -0.126947 0.600542 -0.294118 0.327243 -0.496394 0.000000 0.455480 0.000000 1500.000000 0.995991
1 0 22.000000 -0.130534 -0.424812 -0.071130 0.336489 -0.164797 0.183357 -0.278134 0.000000 0.255210 0.000000 2700.000000 0.558063
1 0 14.000000 -0.221769 -0.911090 -0.000000 0.497473 -0.406156 0.000000 -0.835695 0.000000 0.000000 15.000000 1800.000000 0.997521
1 0 17.000000 -0.000000 -0.000000 -0.139270 0.000000 -0.000000 0.197306 -0.000000 0.000000 0.501544 0.000000 2000.000000 0.556662
1 0 16.000000 -0.000000 -0.000000 0.891011 -0.000000 0.000000 0.222002 -0.000000 0.000000 -0.391634 0.000000 2000.000000 0.998280
1 0 16.000000 0.000000 -0.000000 -0.360400 -0.000000 -0.000000 0.622188 -0.000000 0.000000 -0.692500 0.000000 3000.000000 0.998280
1 0 10.000000 0.063057 0.990446 0.000000 -0.861794 0.072471 -0.000000 -0.489459 0.000000 0.000000 0.000000 1500.000000 0.993094
1 0 8.000000 0.000000 -0.000000 -0.181253 0.000000 0.000000 -0.868445 0.000000 0.000000 0.431582 16.000000 800.000000 0.986566
1 0 12.000000 0.089018 -0.974982 -0.000000 0.426515 0.203489 -0.000000 0.895633 0.000000 0.000000 24.000000 3000.000000 0.995991
1 0 16.000000 -0.000000 0.000000 -0.300550 -0.000000 -0.000000 -0.327218 -0.000000 0.000000 0.893958 0.000000 2000.000000 0.998280
1 0 16.000000 -0.000000 0.000000 -0.403437 -0.000000 -0.000000 -0.912432 -0.000000 0.000000 0.035626 0.000000 3000.000000 0.998280
1 0 13.000000 0.000000 -0.000000 -0.403063 0.000000 0.000000 -0.838141 0.000000 0.000000 0.359243 0.000000 1200.000000 0.996993
1 0 10.000000 -0.220785 -0.907047 -0.000000 0.495265 -0.404353 0.000000 -0.831987 0.000000 0.000000 0.000000 800.000000 0.993094
1 0 13.000000 0.000000 0.000000 0.070734 -0.000000 0.000000 -0.047814 -0.000000 0.000000 0.993331 0.000000 1200.000000 0.996993
1 0 22.000000 0.432972 -0.137469 0.025107 0.137009 0.434425 0.007945 -0.037242 0.000000 0.321120 0.000000 2700.000000 0.558063
1 0 10.000000 -0.000000 0.000000 -0.799363 -0.000000 -0.000000 -0.547246 -0.000000 0.000000 0.218577 0.000000 1500.000000 0.993094
1 0 16.000000 0.201515 -0.661111 -0.305531 0.279432 0.476767 -0.423666 0.738705 0.000000 0.243609 0.000000 3000.000000 0.998280
1 1 22.000000 0.774295 -0.245839 0.044900 0.245016 0.776895 0.014208 -0.066601 0.000000 0.574268 0.000000 2700.000000 0.998000
1 0 17.000000 -0.000000 0.000000 -0.091113 -0.000000 -0.000000 -0.037867 -0.000000 0.000000 0.547848 0.000000 2000.000000 0.556662
1 0 12.000000 0.089018 -0.974982 -0.000000 0.426515 0.203489 -0.000000 0.895633 0.000000 0.000000 0.000000 3000.000000 0.995991
1 0 14.000000 -0.000000 -0.000000 0.000816 0.000000 -0.000000 -0.063176 0.000000 0.000000 0.995518 15.000000 1800.000000 0.997521
1 0 12.000000 -0.865900 -0.214639 -0.000000 0.191094 -0.972588 0.000000 -0.453540 0.000000 0.000000 0.000000 1500.000000 0.995991
1 0 15.000000 -0.000000 0.000000 -0.163357 -0.000000 -0.000000 -0.067892 -0.000000 0.000000 0.982241 0.000000 1000.000000 0.998044
0 0 4.000000 0.000000 0.000000 0.000000 0.000000 0.000000 0.000000 0.000000 0.000000 0.000000 4.000000 400.000000 0.000000
1 0 12.000000 0.000000 -0.000000 -0.182985 0.000000 0.000000 -0.876741 0.000000 0.000000 0.435705 0.000000 3000.000000 0.995991
1 0 16.000000 -0.000000 0.000000 -0.891013 -0.000000 -0.000000 -0.221982 -0.000000 0.000000 0.391640 0.000000 2000.000000 0.998280
1 0 8.000000 0.088176 -0.965756 -0.000000 0.422479 0.201563 -0.000000 0.887158 0.000000 0.000000 32.000000 800.000000 0.986566
1 0 12.000000 0.000000 0.000000 0.409999 -0.000000 0.000000 -0.175510 -0.000000 0.000000 0.890559 0.000000 1500.000000 0.995991
1 0 22.000000 -0.485172 -0.120264 -0.000000 0.107072 -0.544950 0.000000 -0.254123 0.000000 0.000000 0.000000 2700.000000 0.558063
1 0 12.000000 -0.000000 0.000000 0.543256 -0.000000 -0.000000 0.501552 0.000000 0.000000 0.667320 0.000000 1500.000000 0.995991
1 1 21.000000 0.359300 0.449580 0.031616 -0.448713 0.359995 -0.039484 -0.035767 0.000000 0.812944 0.000000 2000.000000 0.997575
1 0 10.000000 -0.012808 -0.993011 0.000000 0.991017 -0.012833 -0.000000 0.062901 0.000000 0.000000 0.000000 800.000000 0.993094
1 0 8.000000 0.000000 0.000000 0.038294 -0.000000 0.000000 -0.047824 -0.000000 0.000000 0.984662 16.000000 800.000000 0.986566
1 0 6.000000 0.789992 0.000000 0.000000 0.000000 0.789992 0.000000 0.000000 0.000000 0.558609 36.000000 500.000000 0.967539
1 0 6.000000 0.634537 0.000000 0.000000 0.000000 0.634537 0.000000 0.000000 0.000000 0.448685 12.000000 500.000000 0.777146
1 0 15.000000 0.000000 0.000000 0.397768 -0.000000 0.000000 -0.347122 -0.000000 0.000000 0.846983 18.000000 1000.000000 0.998044
1 1 22.000000 0.820351 0.392746 0.000000 -0.351171 0.917472 -0.000000 -0.446885 0.000000 0.000000 0.000000 2700.000000 0.998000
1 0 15.000000 0.000000 0.000000 0.731491 -0.000000 0.000000 -0.294409 -0.000000 0.000000 0.611831 0.000000 2500.000000 0.998044
1 0 15.000000 0.000000 0.000000 0.027884 -0.000000 0.000000 -0.135771 -0.000000 0.000000 0.988373 0.000000 2500.000000 0.998044
1 0 16.000000 0.000000 -0.000000 -0.518997 -0.000000 -0.000000 0.234331 -0.000000 0.000000 -0.819935 0.000000 2000.000000 0.998280
1 0 6.000000 0.789992 0.000000 0.000000 0.000000 0.789992 0.000000 0.000000 0.000000 0.558609 0.000000 500.000000 0.967539
1 0 14.000000 -0.000000 -0.000000 0.560863 0.000000 -0.000000 -0.644041 0.000000 0.000000 0.515454 15.000000 1800.000000 0.997521
1 0 8.000000 0.000000 0.000000 0.038294 -0.000000 0.000000 -0.047824 -0.000000 0.000000 0.984662 0.000000 800.000000 0.986566
1 1 21.000000 0.814517 0.000000 0.000000 0.000000 0.814517 0.000000 0.000000 0.000000 0.575950 0.000000 2000.000000 0.997575
1 0 22.000000 0.000000 0.000000 -0.063628 -0.000000 0.000000 0.218661 0.000000 0.000000 0.509483 0.000000 2700.000000 0.558063
1 0 12.000000 0.063241 0.993335 0.000000 -0.864308 0.072682 -0.000000 -0.490887 0.000000 0.000000 0.000000 1500.000000 0.995991
1 0 10.000000 -0.337011 -0.748918 0.000000 0.386992 -0.652195 -0.000000 0.850233 0.000000 0.000000 0.000000 800.000000 0.993094
1 0 8.000000 -0.927936 0.312963 -0.000000 -0.310395 -0.935610 -0.000000 -0.126105 0.000000 0.000000 0.000000 800.000000 0.986566
1 0 15.000000 0.000000 -0.000000 -0.403487 0.000000 0.000000 -0.839024 0.000000 0.000000 0.359622 0.000000 2500.000000 0.998044
1 0 21.000000 0.000000 0.000000 0.021652 -0.000000 0.000000 -0.027041 -0.000000 0.000000 0.556749 0.000000 2000.000000 0.557825
1 0 10.000000 0.000000 0.000000 0.000000 0.000000 0.000000 0.000000 0.000000 0.000000 0.000000 25.000000 1500.000000 0.000000
1 0 15.000000 -0.000000 -0.000000 -0.636900 0.000000 -0.000000 0.396828 -0.000000 0.000000 0.658011 0.000000 2500.000000 0.998044
1 0 8.000000 0.000000 0.000000 0.000000 0.000000 0.000000 0.000000 0.000000 0.000000 0.000000 0.000000 800.000000 0.000000
1 0 8.000000 -0.000000 0.000000 -0.119592 -0.000000 -0.000000 -0.040004 -0.000000 0.000000 0.978473 0.000000 800.000000 0.986566
1 0 13.000000 0.427522 -0.312341 0.319373 0.276178 0.483503 0.206314 -0.268854 0.000000 0.719791 0.000000 1200.000000 0.996993
1 0 22.000000 0.000000 -0.000000 -0.049153 0.000000 0.000000 -0.043068 0.000000 0.000000 0.554223 0.000000 2700.000000 0.558063
1 0 21.000000 0.028785 -0.315267 -0.083678 0.137917 0.065800 -0.400930 0.289609 0.000000 0.199246 0.000000 2000.000000 0.557825
1 1 21.000000 -0.541722 0.182705 -0.098736 -0.181207 -0.546203 -0.033027 -0.073619 0.000000 0.807835 0.000000 2000.000000 0.997575
1 1 22.000000 0.063369 0.995339 0.000000 -0.866051 0.072829 -0.000000 -0.491877 0.000000 0.000000 0.000000 2700.000000 0.998000
1 0 16.000000 0.353601 -0.667517 0.216521 0.504609 0.467757 0.308989 -0.533583 0.000000 0.435697 0.000000 3000.000000 0.998280
1 0 14.000000 0.678661 -0.521902 -0.000000 0.416651 0.850098 -0.000000 0.600724 0.000000 0.000000 15.000000 1800.000000 0.997521
1 0 12.000000 0.000000 0.000000 0.035822 -0.000000 0.000000 -0.489578 -0.000000 0.000000 0.866618 0.000000 1500.000000 0.995991
1 0 15.000000 0.327695 0.215145 0.597260 -0.131890 0.534550 -0.240384 -0.455249 0.000000 0.499558 0.000000 2500.000000 0.998044
1 0 6.000000 0.789992 0.000000 0.000000 0.000000 0.789992 0.000000 0.000000 0.000000 0.558609 12.000000 500.000000 0.967539
1 1 21.000000 -0.000000 0.000000 0.229067 -0.000000 -0.000000 0.670380 0.000000 0.000000 0.702336 0.000000 2000.000000 0.997575
1 0 12.000000 -0.000000 0.000000 -0.801695 -0.000000 -0.000000 -0.548842 -0.000000 0.000000 0.219214 0.000000 1500.000000 0.995991
1 0 17.000000 0.000000 0.000000 0.000000 0.000000 0.000000 0.000000 0.000000 0.000000 0.000000 0.000000 1300.000000 0.000000
1 0 10.000000 0.000000 0.000000 0.000000 0.000000 0.000000 0.000000 0.000000 0.000000 0.000000 0.000000 1500.000000 0.000000
1 0 10.000000 0.741794 -0.654467 -0.000000 0.649964 0.746933 -0.000000 0.116295 0.000000 0.000000 25.000000 1500.000000 0.993094
1 0 8.000000 -0.000000 0.000000 -0.119592 -0.000000 -0.000000 -0.040004 -0.000000 0.000000 0.978473 16.000000 800.000000 0.986566
1 0 10.000000 0.741794 -0.654467 -0.000000 0.649964 0.746933 -0.000000 0.116295 0.000000 0.000000 0.000000 1500.000000 0.993094
1 0 6.000000 0.789992 0.000000 0.000000 0.000000 0.789992 0.000000 0.000000 0.000000 0.558609 0.000000 1500.000000 0.967539
1 0 8.000000 -0.224588 0.933570 0.000000 -0.657273 -0.318998 0.000000 0.700617 0.000000 0.000000 0.000000 800.000000 0.986566
1 1 17.000000 0.000000 -0.000000 -0.402456 0.000000 0.000000 -0.836881 0.000000 0.000000 0.358703 0.000000 1300.000000 0.995494
1 0 12.000000 0.000000 0.000000 0.000000 0.000000 0.000000 0.000000 0.000000 0.000000 0.000000 24.000000 3000.000000 0.000000
1 1 21.000000 -0.131113 0.545011 0.187032 -0.383712 -0.186229 0.547363 0.409015 0.000000 0.573455 0.000000 2000.000000 0.997575
1 0 10.000000 -0.180360 0.561003 -0.000000 -0.123475 -0.819458 -0.000000 -0.968741 0.000000 0.000000 25.000000 1500.000000 0.993094
1 0 12.000000 0.254055 0.956325 -0.000000 -0.873077 0.278280 0.000000 0.406436 0.000000 0.000000 0.000000 1500.000000 0.995991
1 1 17.000000 0.367497 0.377904 0.323946 -0.320705 0.433041 -0.282699 -0.304023 0.000000 0.689791 0.000000 2000.000000 0.995494
1 0 6.000000 0.634537 0.000000 0.000000 0.000000 0.634537 0.000000 0.000000 0.000000 0.448685 0.000000 500.000000 0.777146
1 0 10.000000 -0.000000 -0.000000 0.000813 0.000000 -0.000000 -0.062895 0.000000 0.000000 0.991100 0.000000 800.000000 0.993094
1 0 12.000000 -0.000000 0.000000 0.228703 -0.000000 -0.000000 0.669315 0.000000 0.000000 0.701220 24.000000 3000.000000 0.995991
1 0 8.000000 -0.224588 0.933570 0.000000 -0.657273 -0.318998 0.000000 0.700617 0.000000 0.000000 16.000000 800.000000 0.986566
1 0 14.000000 -0.000000 -0.000000 0.000816 0.000000 -0.000000 -0.063176 0.000000 0.000000 0.995518 0.000000 700.000000 0.997521
1 0 17.000000 0.431885 -0.137123 0.025044 0.136665 0.433335 0.007925 -0.037149 0.000000 0.320314 0.000000 2000.000000 0.556662
1 0 6.000000 0.000000 0.000000 0.000000 0.000000 0.000000 0.000000 0.000000 0.000000 0.000000 12.000000 500.000000 0.000000
1 1 22.000000 -0.867646 -0.215072 -0.000000 0.191479 -0.974550 0.000000 -0.454455 0.000000 0.000000 0.000000 2700.000000 0.998000
1 0 14.000000 0.000000 0.000000 0.000000 0.000000 0.000000 0.000000 0.000000 0.000000 0.000000 15.000000 1800.000000 0.000000
1 0 15.000000 0.000000 -0.000000 -0.529070 0.000000 0.000000 -0.733638 0.000000 0.000000 0.421843 0.000000 1000.000000 0.998044
1 1 22.000000 -0.100522 -0.798336 0.090985 0.491479 -0.163283 -0.444854 0.642142 0.000000 0.354722 0.000000 2700.000000 0.998000
1 0 12.000000 -0.936800 0.315952 -0.000000 -0.313361 -0.944548 -0.000000 -0.127310 0.000000 0.000000 0.000000 3000.000000 0.995991
1 0 10.000000 0.000000 -0.000000 -0.087469 0.000000 0.000000 -0.076641 0.000000 0.000000 0.986261 0.000000 1500.000000 0.993094
0 0 4.000000 0.000000 0.000000 0.000000 0.000000 0.000000 0.000000 0.000000 0.000000 0.000000 0.000000 400.000000 0.000000
1 0 17.000000 0.000000 0.000000 0.015552 -0.000000 0.000000 -0.075727 -0.000000 0.000000 0.551268 0.000000 1300.000000 0.556662
1 0 22.000000 0.035435 0.556575 0.000000 -0.484280 0.040725 -0.000000 -0.275048 0.000000 0.000000 0.000000 2700.000000 0.558063
1 0 12.000000 -0.000000 0.000000 0.228703 -0.000000 -0.000000 0.669315 0.000000 0.000000 0.701220 0.000000 3000.000000 0.995991
1 0 16.000000 0.000000 0.000000 -0.262827 0.000000 -0.000000 -0.291643 -0.000000 0.000000 -0.917839 0.000000 3000.000000 0.998280
1 1 22.000000 -0.491300 0.676985 0.000000 -0.453584 -0.733277 0.000000 0.740870 0.000000 0.000000 0.000000 2700.000000 0.998000
1 0 12.000000 0.429524 -0.378959 -0.071626 0.376351 0.432500 -0.062759 0.067339 0.000000 0.807628 0.000000 1500.000000 0.995991
1 0 8.000000 0.805528 0.000000 0.000000 0.000000 0.805528 0.000000 0.000000 0.000000 0.569594 32.000000 800.000000 0.986566
1 0 16.000000 0.521174 0.535932 0.229705 -0.454815 0.614126 -0.200458 -0.431157 0.000000 0.489121 0.000000 3000.000000 0.998280
1 0 22.000000 -0.101352 0.315252 -0.000000 -0.069386 -0.460489 -0.000000 -0.544378 0.000000 0.000000 0.000000 2700.000000 0.558063
1 1 17.000000 -0.000000 0.000000 -0.246825 -0.000000 -0.000000 -0.039731 -0.000000 0.000000 0.963591 0.000000 1300.000000 0.995494
1 0 10.000000 -0.488885 0.673657 0.000000 -0.451354 -0.729672 0.000000 0.737229 0.000000 0.000000 25.000000 1500.000000 0.993094
1 0 15.000000 0.814900 0.000000 0.000000 0.000000 0.814900 0.000000 0.000000 0.000000 0.576221 18.000000 1000.000000 0.998044
1 0 10.000000 0.000000 0.000000 0.408806 -0.000000 0.000000 -0.174999 -0.000000 0.000000 0.887969 0.000000 1500.000000 0.993094
1 0 13.000000 0.072756 -0.796871 -0.105753 0.348598 0.166315 -0.506696 0.732017 0.000000 0.251808 0.000000 1200.000000 0.996993
1 0 6.000000 0.634537 0.000000 0.000000 0.000000 0.634537 0.000000 0.000000 0.000000 0.448685 36.000000 500.000000 0.777146
1 1 17.000000 0.000000 0.000000 0.396751 -0.000000 0.000000 -0.346235 -0.000000 0.000000 0.844819 0.000000 2000.000000 0.995494
1 0 16.000000 0.000000 -0.000000 0.103396 0.000000 0.000000 0.375913 -0.000000 0.000000 0.919000 0.000000 2000.000000 0.998280
1 0 22.000000 -0.056210 -0.446415 0.050877 0.274826 -0.091305 -0.248754 0.359074 0.000000 0.198354 0.000000 2700.000000 0.558063
1 1 17.000000 0.000000 0.000000 0.027813 -0.000000 0.000000 -0.135425 -0.000000 0.000000 0.985847 0.000000 1300.000000 0.995494
1 1 17.000000 0.000000 -0.000000 -0.527719 0.000000 0.000000 -0.731764 0.000000 0.000000 0.420765 0.000000 2000.000000 0.995494
1 0 12.000000 -0.226734 0.942488 0.000000 -0.663552 -0.322045 0.000000 0.707310 0.000000 0.000000 0.000000 3000.000000 0.995991
1 0 16.000000 0.000000 0.000000 0.360400 -0.000000 0.000000 -0.622188 -0.000000 0.000000 0.692500 0.000000 3000.000000 0.998280
1 0 16.000000 -0.000000 -0.000000 -0.608051 0.000000 -0.000000 0.414340 -0.000000 0.000000 0.674654 0.000000 2000.000000 0.998280
1 0 14.000000 -0.000000 -0.000000 -0.340266 0.000000 -0.000000 0.763286 -0.000000 0.000000 0.544666 0.000000 700.000000 0.997521
1 1 22.000000 -0.000000 0.000000 0.544352 -0.000000 -0.000000 0.502563 0.000000 0.000000 0.668666 0.000000 2700.000000 0.998000
1 0 10.000000 0.810858 0.000000 0.000000 0.000000 0.810858 0.000000 0.000000 0.000000 0.573363 0.000000 1500.000000 0.993094
1 0 21.000000 -0.000000 0.000000 -0.067620 -0.000000 -0.000000 -0.022619 -0.000000 0.000000 0.553250 0.000000 2000.000000 0.557825
1 0 17.000000 -0.166984 -0.262568 -0.113713 0.236570 -0.185335 0.161100 -0.139434 0.000000 0.409509 0.000000 2000.000000 0.556662
1 1 17.000000 -0.904709 0.382049 -0.000000 -0.375999 -0.919264 -0.000000 -0.176451 0.000000 0.000000 0.000000 2000.000000 0.995494
1 1 21.000000 0.051476 -0.563801 -0.149644 0.246640 0.117671 -0.716995 0.517916 0.000000 0.356318 0.000000 2000.000000 0.997575
1 0 22.000000 0.000000 0.000000 0.000000 0.000000 0.000000 0.000000 0.000000 0.000000 0.000000 0.000000 2700.000000 0.000000
1 0 13.000000 0.000000 -0.000000 0.391151 0.000000 0.000000 0.252682 -0.000000 0.000000 0.881560 0.000000 1200.000000 0.996993
0 0 4.000000 0.000000 0.000000 0.000000 0.000000 0.000000 0.000000 0.000000 0.000000 0.000000 0.000000 800.000000 0.000000
1 0 16.000000 -0.000000 -0.000000 0.193930 -0.000000 0.000000 0.979043 -0.000000 0.000000 -0.020715 0.000000 3000.000000 0.998280
1 0 17.000000 -0.056069 -0.445294 0.050750 0.274136 -0.091075 -0.248129 0.358172 0.000000 0.197856 0.000000 2000.000000 0.556662
1 0 14.000000 -0.000000 -0.000000 -0.029600 0.000000 -0.000000 0.014468 -0.000000 0.000000 0.996977 0.000000 700.000000 0.997521
1 1 17.000000 0.000000 -0.000000 0.055920 0.000000 0.000000 0.651296 -0.000000 0.000000 0.750796 0.000000 1300.000000 0.995494
1 0 6.000000 0.000000 0.000000 0.000000 0.000000 0.000000 0.000000 0.000000 0.000000 0.000000 36.000000 1500.000000 0.000000
1 0 10.000000 0.816319 0.390815 0.000000 -0.349445 0.912962 -0.000000 -0.444688 0.000000 0.000000 0.000000 1500.000000 0.993094
1 0 15.000000 -0.550666 0.091575 -0.202048 -0.088640 -0.568898 -0.032524 -0.144709 0.000000 0.788784 0.000000 2500.000000 0.998044
1 0 13.000000 0.155693 -0.898496 -0.000000 0.323752 0.432088 -0.000000 0.930021 0.000000 0.000000 0.000000 1200.000000 0.996993
1 0 14.000000 0.000000 -0.814472 0.000000 0.814472 0.000000 0.000000 0.000000 0.000000 0.575919 15.000000 1800.000000 0.997521
1 0 10.000000 -0.000000 -0.000000 -0.441595 0.000000 -0.000000 0.097455 -0.000000 0.000000 0.884156 0.000000 1500.000000 0.993094
1 0 12.000000 0.000000 0.000000 0.000000 0.000000 0.000000 0.000000 0.000000 0.000000 0.000000 0.000000 3000.000000 0.000000
1 0 6.000000 0.634537 0.000000 0.000000 0.000000 0.634537 0.000000 0.000000 0.000000 0.448685 36.000000 1500.000000 0.777146
1 0 10.000000 0.000000 0.000000 0.000000 0.000000 0.000000 0.000000 0.000000 0.000000 0.000000 0.000000 800.000000 0.000000
1 0 12.000000 0.621337 0.777459 0.000000 -0.775959 0.622539 -0.000000 -0.061851 0.000000 0.000000 24.000000 3000.000000 0.995991
1 0 12.000000 0.772737 -0.245344 0.044810 0.244523 0.775331 0.014179 -0.066467 0.000000 0.573112 0.000000 1500.000000 0.995991
1 0 15.000000 0.475633 0.322696 0.057815 -0.321511 0.477386 -0.039081 -0.049345 0.000000 0.811906 0.000000 2500.000000 0.998044
1 0 17.000000 0.241489 -0.455876 0.000000 0.344620 0.319452 0.000000 -0.364407 0.000000 0.000000 0.000000 2000.000000 0.556662
1 0 8.000000 -0.927936 0.312963 -0.000000 -0.310395 -0.935610 -0.000000 -0.126105 0.000000 0.000000 32.000000 800.000000 0.986566
1 0 15.000000 0.037177 -0.574109 0.045776 0.432990 0.049293 0.533143 -0.378376 0.000000 0.614593 0.000000 2500.000000 0.998044
1 0 12.000000 -0.100319 -0.796729 0.090802 0.490489 -0.162954 -0.443958 0.640849 0.000000 0.354008 0.000000 1500.000000 0.995991
1 0 6.000000 0.000000 0.000000 0.000000 0.000000 0.000000 0.000000 0.000000 0.000000 0.000000 0.000000 500.000000 0.000000
0 0 4.000000 0.000000 0.000000 0.000000 0.000000 0.000000 0.000000 0.000000 0.000000 0.000000 10.000000 400.000000 0.000000
1 0 10.000000 0.810858 0.000000 0.000000 0.000000 0.810858 0.000000 0.000000 0.000000 0.573363 25.000000 1500.000000 0.993094
1 0 6.000000 0.634537 0.000000 0.000000 0.000000 0.634537 0.000000 0.000000 0.000000 0.448685 0.000000 1500.000000 0.777146
1 0 8.000000 -0.000000 0.000000 0.226539 -0.000000 -0.000000 0.662981 0.000000 0.000000 0.694585 32.000000 800.000000 0.986566
1 1 17.000000 0.000000 -0.000000 -0.182971 0.000000 0.000000 -0.292482 0.000000 0.000000 0.933801 0.000000 1300.000000 0.995494
1 0 14.000000 -0.338514 -0.752256 0.000000 0.388717 -0.655102 -0.000000 0.854023 0.000000 0.000000 15.000000 1800.000000 0.997521
0 0 4.000000 0.000000 0.000000 0.000000 0.000000 0.000000 0.000000 0.000000 0.000000 0.000000 10.000000 800.000000 0.000000
0 0 4.000000 0.000000 0.000000 0.000000 0.000000 0.000000 0.000000 0.000000 0.000000 0.000000 10.000000 3000.000000 0.000000
1 1 22.000000 0.745458 -0.657699 -0.000000 0.653174 0.750623 -0.000000 0.116870 0.000000 0.000000 0.000000 2700.000000 0.998000
1 1 22.000000 0.000000 0.000000 0.410826 -0.000000 0.000000 -0.175864 -0.000000 0.000000 0.892355 0.000000 2700.000000 0.998000
1 0 13.000000 0.000000 -0.000000 0.056005 0.000000 0.000000 0.652276 -0.000000 0.000000 0.751927 0.000000 1200.000000 0.996993
1 0 16.000000 0.000000 0.000000 -0.010630 0.000000 -0.000000 -0.927079 -0.000000 0.000000 -0.370100 0.000000 2000.000000 0.998280
1 0 16.000000 -0.740759 0.312814 -0.094336 -0.307861 -0.752677 -0.039206 -0.144475 0.000000 0.567231 0.000000 3000.000000 0.998280
1 0 15.000000 0.000000 -0.000000 0.056064 0.000000 0.000000 0.652964 -0.000000 0.000000 0.752720 0.000000 2500.000000 0.998044
1 0 15.000000 0.000000 0.000000 0.000000 0.000000 0.000000 0.000000 0.000000 0.000000 0.000000 0.000000 2500.000000 0.000000
1 0 14.000000 0.000000 -0.000000 -0.511943 0.000000 0.000000 -0.314298 0.000000 0.000000 0.796354 0.000000 700.000000 0.997521
1 1 17.000000 -0.000000 -0.000000 -0.635272 0.000000 -0.000000 0.395814 -0.000000 0.000000 0.656330 0.000000 1300.000000 0.995494
1 0 16.000000 0.815092 0.000000 0.000000 0.000000 0.815092 0.000000 0.000000 0.000000 0.576357 0.000000 2000.000000 0.998280
##END
