##LIST_SIZE=60
##LISTDATA
0 0 4.000000 0.000000 0.000000 0.000000 0.000000 0.000000 0.000000 0.000000 0.000000 0.000000 0.000000 3000.000000 0.000000
1 0 10.000000 0.816319 0.390815 0.000000 -0.349445 0.912962 -0.000000 -0.444688 0.000000 0.000000 0.000000 2000.000000 0.993094
1 0 8.000000 0.000000 -0.000000 0.076878 0.000000 0.000000 0.024327 -0.000000 0.000000 0.983265 0.000000 800.000000 0.986566
1 0 10.000000 0.000000 -0.000000 -0.087469 0.000000 0.000000 -0.076641 0.000000 0.000000 0.986261 0.000000 2000.000000 0.993094
1 0 10.000000 0.200468 -0.657677 -0.303944 0.277980 0.474290 -0.421465 0.734867 0.000000 0.242343 0.000000 2000.000000 0.993094
0 0 4.000000 0.000000 0.000000 0.000000 0.000000 0.000000 0.000000 0.000000 0.000000 0.000000 10.000000 3000.000000 0.000000
1 0 8.000000 0.000000 0.000000 0.000000 0.000000 0.000000 0.000000 0.000000 0.000000 0.000000 10.000000 800.000000 0.000000
1 0 10.000000 0.351764 -0.664049 0.215396 0.501988 0.465327 0.307383 -0.530811 0.000000 0.433434 0.000000 2000.000000 0.993094
1 0 10.000000 -0.863381 -0.214014 -0.000000 0.190538 -0.969759 0.000000 -0.452221 0.000000 0.000000 0.000000 2000.000000 0.993094
1 0 10.000000 0.000000 0.000000 0.000000 0.000000 0.000000 0.000000 0.000000 0.000000 0.000000 0.000000 2000.000000 0.000000
1 0 10.000000 -0.736911 0.311189 -0.093846 -0.306262 -0.748767 -0.039003 -0.143724 0.000000 0.564284 0.000000 2000.000000 0.993094
1 0 10.000000 0.000000 0.000000 0.000000 0.000000 0.000000 0.000000 0.000000 0.000000 0.000000 10.000000 1500.000000 0.000000
1 0 8.000000 -0.121703 -0.966557 0.000000 0.595040 -0.197689 -0.000000 0.777450 0.000000 0.000000 0.000000 800.000000 0.986566
1 0 8.000000 0.805528 0.000000 0.000000 0.000000 0.805528 0.000000 0.000000 0.000000 0.569594 0.000000 800.000000 0.986566
0 0 4.000000 0.000000 0.000000 0.000000 0.000000 0.000000 0.000000 0.000000 0.000000 0.000000 0.000000 1500.000000 0.000000
1 0 8.000000 0.000000 0.000000 0.000000 0.000000 0.000000 0.000000 0.000000 0.000000 0.000000 0.000000 800.000000 0.000000
1 0 10.000000 -0.488885 0.673657 0.000000 -0.451354 -0.729672 0.000000 0.737229 0.000000 0.000000 0.000000 2000.000000 0.993094
1 0 8.000000 0.937450 -0.297640 0.000000 0.296645 0.940597 0.000000 -0.080635 0.000000 0.000000 10.000000 800.000000 0.986566
1 0 10.000000 0.000000 0.000000 0.000000 0.000000 0.000000 0.000000 0.000000 0.000000 0.000000 0.000000 1500.000000 0.000000
1 0 10.000000 0.000000 0.000000 -0.113228 -0.000000 0.000000 0.389115 0.000000 0.000000 0.906645 0.000000 2000.000000 0.993094
1 0 10.000000 -0.539289 0.181885 -0.098293 -0.180393 -0.543749 -0.032879 -0.073289 0.000000 0.804206 0.000000 1500.000000 0.993094
1 0 8.000000 -0.000000 -0.000000 0.155786 0.000000 -0.000000 -0.761682 0.000000 0.000000 0.607358 0.000000 800.000000 0.986566
0 0 4.000000 0.000000 0.000000 0.000000 0.000000 0.000000 0.000000 0.000000 0.000000 0.000000 0.000000 1800.000000 0.000000
0 0 4.000000 0.000000 0.000000 0.000000 0.000000 0.000000 0.000000 0.000000 0.000000 0.000000 4.000000 1800.000000 0.000000
1 0 10.000000 -0.000000 0.000000 -0.799363 -0.000000 -0.000000 -0.547246 -0.000000 0.000000 0.218577 0.000000 2000.000000 0.993094
1 0 8.000000 0.805528 0.000000 0.000000 0.000000 0.805528 0.000000 0.000000 0.000000 0.569594 10.000000 800.000000 0.986566
1 0 10.000000 0.063057 0.990446 0.000000 -0.861794 0.072471 -0.000000 -0.489459 0.000000 0.000000 0.000000 2000.000000 0.993094
1 0 8.000000 0.000000 -0.000000 0.076878 0.000000 0.000000 0.024327 -0.000000 0.000000 0.983265 10.000000 800.000000 0.986566
1 0 8.000000 0.937450 -0.297640 0.000000 0.296645 0.940597 0.000000 -0.080635 0.000000 0.000000 0.000000 800.000000 0.986566
1 0 10.000000 0.253316 0.953544 -0.000000 -0.870537 0.277470 0.000000 0.405254 0.000000 0.000000 0.000000 2000.000000 0.993094
1 0 8.000000 -0.282626 -0.919782 -0.000000 0.728551 -0.356810 0.000000 -0.602203 0.000000 0.000000 10.000000 800.000000 0.986566
0 0 4.000000 0.000000 0.000000 0.000000 0.000000 0.000000 0.000000 0.000000 0.000000 0.000000 0.000000 1500.000000 0.000000
1 0 10.000000 0.051245 -0.561269 -0.148972 0.245532 0.117143 -0.713774 0.515590 0.000000 0.354717 10.000000 1500.000000 0.993094
1 0 8.000000 -0.000000 -0.000000 -0.217798 0.000000 -0.000000 0.561438 -0.000000 0.000000 0.781450 10.000000 800.000000 0.986566
1 0 10.000000 0.357686 0.447561 0.031474 -0.446697 0.358378 -0.039306 -0.035606 0.000000 0.809293 0.000000 1500.000000 0.993094
0 0 4.000000 0.000000 0.000000 0.000000 0.000000 0.000000 0.000000 0.000000 0.000000 0.000000 0.000000 1500.000000 0.000000
1 0 10.000000 -0.130524 0.542563 0.186192 -0.381988 -0.185392 0.544904 0.407178 0.000000 0.570879 10.000000 1500.000000 0.993094
0 0 4.000000 0.000000 0.000000 0.000000 0.000000 0.000000 0.000000 0.000000 0.000000 0.000000 0.000000 1500.000000 0.000000
1 0 8.000000 -0.000000 -0.000000 0.155786 0.000000 -0.000000 -0.761682 0.000000 0.000000 0.607358 10.000000 800.000000 0.986566
1 0 10.000000 -0.130524 0.542563 0.186192 -0.381988 -0.185392 0.544904 0.407178 0.000000 0.570879 0.000000 1500.000000 0.993094
1 0 10.000000 -0.000000 -0.000000 -0.441595 0.000000 -0.000000 0.097455 -0.000000 0.000000 0.884156 0.000000 2000.000000 0.993094
1 0 8.000000 -0.282626 -0.919782 -0.000000 0.728551 -0.356810 0.000000 -0.602203 0.000000 0.000000 0.000000 800.000000 0.986566
1 0 10.000000 0.357686 0.447561 0.031474 -0.446697 0.358378 -0.039306 -0.035606 0.000000 0.809293 10.000000 1500.000000 0.993094
1 0 10.000000 -0.421298 -0.662453 -0.143448 0.596861 -0.467597 0.203226 -0.351790 0.000000 0.516592 0.000000 2000.000000 0.993094
1 0 10.000000 -0.180360 0.561003 -0.000000 -0.123475 -0.819458 -0.000000 -0.968741 0.000000 0.000000 0.000000 2000.000000 0.993094
1 0 8.000000 -0.000000 -0.000000 -0.217798 0.000000 -0.000000 0.561438 -0.000000 0.000000 0.781450 0.000000 800.000000 0.986566
0 0 4.000000 0.000000 0.000000 0.000000 0.000000 0.000000 0.000000 0.000000 0.000000 0.000000 0.000000 400.000000 0.000000
1 0 10.000000 0.741794 -0.654467 -0.000000 0.649964 0.746933 -0.000000 0.116295 0.000000 0.000000 0.000000 2000.000000 0.993094
1 0 10.000000 0.000000 0.000000 0.408806 -0.000000 0.000000 -0.174999 -0.000000 0.000000 0.887969 0.000000 2000.000000 0.993094
1 0 10.000000 0.051245 -0.561269 -0.148972 0.245532 0.117143 -0.713774 0.515590 0.000000 0.354717 0.000000 1500.000000 0.993094
1 0 8.000000 -0.121703 -0.966557 0.000000 0.595040 -0.197689 -0.000000 0.777450 0.000000 0.000000 10.000000 800.000000 0.986566
0 0 4.000000 0.000000 0.000000 0.000000 0.000000 0.000000 0.000000 0.000000 0.000000 0.000000 10.000000 1800.000000 0.000000
1 0 10.000000 -0.539289 0.181885 -0.098293 -0.180393 -0.543749 -0.032879 -0.073289 0.000000 0.804206 10.000000 1500.000000 0.993094
0 0 4.000000 0.000000 0.000000 0.000000 0.000000 0.000000 0.000000 0.000000 0.000000 0.000000 10.000000 400.000000 0.000000
0 0 4.000000 0.000000 0.000000 0.000000 0.000000 0.000000 0.000000 0.000000 0.000000 0.000000 4.000000 3000.000000 0.000000
0 0 4.000000 0.000000 0.000000 0.000000 0.000000 0.000000 0.000000 0.000000 0.000000 0.000000 0.000000 1500.000000 0.000000
1 0 10.000000 0.000000 0.000000 0.035718 -0.000000 0.000000 -0.488154 -0.000000 0.000000 0.864098 0.000000 2000.000000 0.993094
1 0 10.000000 -0.000000 0.000000 0.541676 -0.000000 -0.000000 0.500093 0.000000 0.000000 0.665379 0.000000 2000.000000 0.993094
0 0 4.000000 0.000000 0.000000 0.000000 0.000000 0.000000 0.000000 0.000000 0.000000 0.000000 4.000000 400.000000 0.000000
1 0 10.000000 0.518466 0.533148 0.228512 -0.452452 0.610936 -0.199417 -0.428917 0.000000 0.486580 0.000000 2000.000000 0.993094
##END
