##TITLE= dor3 radial a cnst1=61.956
##JCAMP-DX= 5.00 Bruker JCAMP library
##DATA TYPE= Shape Data
##ORIGIN= Bruker Analytik GmbH
##OWNER= <nmrsu>
##DATE= xx
##TIME= xx
##MINX= 0
##MAXX= 1
##MINY= 0
##MAXY= 1
##$SHAPE_EXMODE= Gradient
##$SHAPE_TOTROT= 0
##$SHAPE_BWFAC= 0
##$SHAPE_INTEGFAC= 0
##$SHAPE_MODE= 0
##NPOINTS=1000
##XYDATA= (X++(Y..Y))
0.000000
0.015095
0.030147
0.045109
0.059940
0.074594
0.089030
0.103205
0.117076
0.130605
0.143750
0.156474
0.168739
0.180509
0.191749
0.202427
0.212511
0.221972
0.230781
0.238913
0.246343
0.253050
0.259014
0.264216
0.268641
0.272275
0.275106
0.277124
0.278322
0.278797
0.278840
0.278719
0.278496
0.278157
0.277697
0.277113
0.276399
0.275552
0.274564
0.273431
0.272145
0.270698
0.269084
0.267292
0.265314
0.263140
0.260759
0.258159
0.255329
0.252255
0.248925
0.245325
0.241441
0.237257
0.232759
0.227930
0.222755
0.217218
0.211302
0.204991
0.198270
0.191121
0.183530
0.175480
0.166958
0.157949
0.148439
0.138417
0.127871
0.116791
0.105168
0.092995
0.080267
0.066979
0.053130
0.038720
0.023752
0.008228
-0.007842
-0.024452
-0.041588
-0.059236
-0.077379
-0.095999
-0.115072
-0.134574
-0.154478
-0.174752
-0.195365
-0.216282
-0.237464
-0.258872
-0.280464
-0.302196
-0.324021
-0.345894
-0.367763
-0.389579
-0.411291
-0.432846
-0.454191
-0.475273
-0.496038
-0.516434
-0.536407
-0.555905
-0.574877
-0.593272
-0.611042
-0.628140
-0.644521
-0.660140
-0.674958
-0.688936
-0.702038
-0.714230
-0.725484
-0.735772
-0.745070
-0.753357
-0.760617
-0.766834
-0.772000
-0.776105
-0.779147
-0.781124
-0.782040
-0.781898
-0.780709
-0.778483
-0.775234
-0.770980
-0.765740
-0.759535
-0.752390
-0.744328
-0.735378
-0.725569
-0.714930
-0.703493
-0.691289
-0.678352
-0.664715
-0.650410
-0.635473
-0.619935
-0.603830
-0.587191
-0.570049
-0.552422
-0.534298
-0.515657
-0.496503
-0.476852
-0.456721
-0.436126
-0.415085
-0.393615
-0.371735
-0.349462
-0.326816
-0.303816
-0.280482
-0.256833
-0.232888
-0.208670
-0.184197
-0.159491
-0.134573
-0.109465
-0.084186
-0.058760
-0.033208
-0.007552
0.018187
0.043986
0.069824
0.095678
0.121525
0.147345
0.173114
0.198810
0.224412
0.249897
0.275243
0.300429
0.325432
0.350232
0.374806
0.399134
0.423194
0.446966
0.470428
0.493562
0.516345
0.538760
0.560785
0.582402
0.603593
0.624338
0.644619
0.664419
0.683721
0.702506
0.720760
0.738465
0.755606
0.772169
0.788137
0.803498
0.818237
0.832341
0.845799
0.858596
0.870723
0.882167
0.892920
0.902970
0.912309
0.920928
0.928819
0.935974
0.942387
0.948052
0.952963
0.957115
0.960503
0.963125
0.964978
0.966058
0.966365
0.965896
0.964653
0.962635
0.959842
0.956278
0.951943
0.946841
0.940976
0.934350
0.926971
0.918842
0.909969
0.900361
0.890023
0.878965
0.867193
0.854719
0.841551
0.827699
0.813175
0.797991
0.782158
0.765688
0.748596
0.730894
0.712598
0.693721
0.674278
0.654287
0.633761
0.612719
0.591177
0.569153
0.546665
0.523730
0.500367
0.476596
0.452435
0.427905
0.403026
0.377816
0.352299
0.326493
0.300420
0.274101
0.247559
0.220814
0.193888
0.166804
0.139583
0.112248
0.084821
0.057325
0.029782
0.002215
-0.025355
-0.052903
-0.080408
-0.107848
-0.135199
-0.162440
-0.189547
-0.216500
-0.243275
-0.269852
-0.296208
-0.322322
-0.348172
-0.373738
-0.398998
-0.423932
-0.448519
-0.472740
-0.496575
-0.520005
-0.543010
-0.565571
-0.587671
-0.609292
-0.630415
-0.651025
-0.671103
-0.690635
-0.709604
-0.727995
-0.745793
-0.762984
-0.779555
-0.795491
-0.810780
-0.825411
-0.839371
-0.852650
-0.865237
-0.877121
-0.888295
-0.898749
-0.908475
-0.917466
-0.925715
-0.933216
-0.939962
-0.945950
-0.951175
-0.955633
-0.959322
-0.962238
-0.964381
-0.965749
-0.966342
-0.966159
-0.965203
-0.963475
-0.960976
-0.957711
-0.953681
-0.948892
-0.943348
-0.937054
-0.930018
-0.922245
-0.913742
-0.904518
-0.894582
-0.883942
-0.872608
-0.860590
-0.847899
-0.834547
-0.820546
-0.805908
-0.790646
-0.774774
-0.758306
-0.741257
-0.723641
-0.705475
-0.686774
-0.667554
-0.647833
-0.627627
-0.606956
-0.585836
-0.564286
-0.542324
-0.519971
-0.497246
-0.474167
-0.450756
-0.427033
-0.403017
-0.378731
-0.354195
-0.329430
-0.304458
-0.279300
-0.253978
-0.228514
-0.202930
-0.177247
-0.151488
-0.125675
-0.099831
-0.073977
-0.048135
-0.022328
0.003422
0.029093
0.054664
0.080111
0.105415
0.130552
0.155502
0.180243
0.204755
0.229016
0.253005
0.276704
0.300090
0.323145
0.345849
0.368183
0.390127
0.411664
0.432776
0.453444
0.473650
0.493379
0.512614
0.531338
0.549536
0.567193
0.584294
0.600824
0.616771
0.632121
0.646860
0.660978
0.674463
0.687303
0.699488
0.711008
0.721854
0.732018
0.741490
0.750265
0.758334
0.765691
0.772332
0.778250
0.783442
0.787904
0.791632
0.794625
0.796880
0.798396
0.799174
0.799212
0.798511
0.797074
0.794902
0.791998
0.788365
0.784007
0.778929
0.773135
0.766633
0.759428
0.751528
0.742940
0.733672
0.723734
0.713134
0.701884
0.689993
0.677472
0.664334
0.650591
0.636255
0.621340
0.605860
0.589829
0.573261
0.556173
0.538579
0.520495
0.501940
0.482928
0.463479
0.443609
0.423337
0.402680
0.381659
0.360292
0.338598
0.316598
0.294311
0.271757
0.248957
0.225932
0.202702
0.179288
0.155713
0.131996
0.108160
0.084226
0.060216
0.036151
0.012054
-0.012054
-0.036151
-0.060216
-0.084226
-0.108160
-0.131996
-0.155713
-0.179288
-0.202702
-0.225932
-0.248957
-0.271757
-0.294311
-0.316598
-0.338598
-0.360292
-0.381659
-0.402680
-0.423337
-0.443609
-0.463479
-0.482928
-0.501940
-0.520495
-0.538579
-0.556173
-0.573261
-0.589829
-0.605860
-0.621340
-0.636255
-0.650591
-0.664334
-0.677472
-0.689993
-0.701884
-0.713134
-0.723734
-0.733672
-0.742940
-0.751528
-0.759428
-0.766633
-0.773135
-0.778929
-0.784007
-0.788365
-0.791998
-0.794902
-0.797074
-0.798511
-0.799212
-0.799174
-0.798396
-0.796880
-0.794625
-0.791632
-0.787904
-0.783442
-0.778250
-0.772332
-0.765691
-0.758334
-0.750265
-0.741490
-0.732018
-0.721854
-0.711008
-0.699488
-0.687303
-0.674463
-0.660978
-0.646860
-0.632121
-0.616771
-0.600824
-0.584294
-0.567193
-0.549536
-0.531338
-0.512614
-0.493379
-0.473650
-0.453444
-0.432776
-0.411664
-0.390127
-0.368183
-0.345849
-0.323145
-0.300090
-0.276704
-0.253005
-0.229016
-0.204755
-0.180243
-0.155502
-0.130552
-0.105415
-0.080111
-0.054664
-0.029093
-0.003422
0.022328
0.048135
0.073977
0.099831
0.125675
0.151488
0.177247
0.202930
0.228514
0.253978
0.279300
0.304458
0.329430
0.354195
0.378731
0.403017
0.427033
0.450756
0.474167
0.497246
0.519971
0.542324
0.564286
0.585836
0.606956
0.627627
0.647833
0.667554
0.686774
0.705475
0.723641
0.741257
0.758306
0.774774
0.790646
0.805908
0.820546
0.834547
0.847899
0.860590
0.872608
0.883942
0.894582
0.904518
0.913742
0.922245
0.930018
0.937054
0.943348
0.948892
0.953681
0.957711
0.960976
0.963475
0.965203
0.966159
0.966342
0.965749
0.964381
0.962238
0.959322
0.955633
0.951175
0.945950
0.939962
0.933216
0.925715
0.917466
0.908475
0.898749
0.888295
0.877121
0.865237
0.852650
0.839371
0.825411
0.810780
0.795491
0.779555
0.762984
0.745793
0.727995
0.709604
0.690635
0.671103
0.651025
0.630415
0.609292
0.587671
0.565571
0.543010
0.520005
0.496575
0.472740
0.448519
0.423932
0.398998
0.373738
0.348172
0.322322
0.296208
0.269852
0.243275
0.216500
0.189547
0.162440
0.135199
0.107848
0.080408
0.052903
0.025355
-0.002215
-0.029782
-0.057325
-0.084821
-0.112248
-0.139583
-0.166804
-0.193888
-0.220814
-0.247559
-0.274101
-0.300420
-0.326493
-0.352299
-0.377816
-0.403026
-0.427905
-0.452435
-0.476596
-0.500367
-0.523730
-0.546665
-0.569153
-0.591177
-0.612719
-0.633761
-0.654287
-0.674278
-0.693721
-0.712598
-0.730894
-0.748596
-0.765688
-0.782158
-0.797991
-0.813175
-0.827699
-0.841551
-0.854719
-0.867193
-0.878965
-0.890023
-0.900361
-0.909969
-0.918842
-0.926971
-0.934350
-0.940976
-0.946841
-0.951943
-0.956278
-0.959842
-0.962635
-0.964653
-0.965896
-0.966365
-0.966058
-0.964978
-0.963125
-0.960503
-0.957115
-0.952963
-0.948052
-0.942387
-0.935974
-0.928819
-0.920928
-0.912309
-0.902970
-0.892920
-0.882167
-0.870723
-0.858596
-0.845799
-0.832341
-0.818237
-0.803498
-0.788137
-0.772169
-0.755606
-0.738465
-0.720760
-0.702506
-0.683721
-0.664419
-0.644619
-0.624338
-0.603593
-0.582402
-0.560785
-0.538760
-0.516345
-0.493562
-0.470428
-0.446966
-0.423194
-0.399134
-0.374806
-0.350232
-0.325432
-0.300429
-0.275243
-0.249897
-0.224412
-0.198810
-0.173114
-0.147345
-0.121525
-0.095678
-0.069824
-0.043986
-0.018187
0.007552
0.033208
0.058760
0.084186
0.109465
0.134573
0.159491
0.184197
0.208670
0.232888
0.256833
0.280482
0.303816
0.326816
0.349462
0.371735
0.393615
0.415085
0.436126
0.456721
0.476852
0.496503
0.515657
0.534298
0.552422
0.570049
0.587191
0.603830
0.619935
0.635473
0.650410
0.664715
0.678352
0.691289
0.703493
0.714930
0.725569
0.735378
0.744328
0.752390
0.759535
0.765740
0.770980
0.775234
0.778483
0.780709
0.781898
0.782040
0.781124
0.779147
0.776105
0.772000
0.766834
0.760617
0.753357
0.745070
0.735772
0.725484
0.714230
0.702038
0.688936
0.674958
0.660140
0.644521
0.628140
0.611042
0.593272
0.574877
0.555905
0.536407
0.516434
0.496038
0.475273
0.454191
0.432846
0.411291
0.389579
0.367763
0.345894
0.324021
0.302196
0.280464
0.258872
0.237464
0.216282
0.195365
0.174752
0.154478
0.134574
0.115072
0.095999
0.077379
0.059236
0.041588
0.024452
0.007842
-0.008228
-0.023752
-0.038720
-0.053130
-0.066979
-0.080267
-0.092995
-0.105168
-0.116791
-0.127871
-0.138417
-0.148439
-0.157949
-0.166958
-0.175480
-0.183530
-0.191121
-0.198270
-0.204991
-0.211302
-0.217218
-0.222755
-0.227930
-0.232759
-0.237257
-0.241441
-0.245325
-0.248925
-0.252255
-0.255329
-0.258159
-0.260759
-0.263140
-0.265314
-0.267292
-0.269084
-0.270698
-0.272145
-0.273431
-0.274564
-0.275552
-0.276399
-0.277113
-0.277697
-0.278157
-0.278496
-0.278719
-0.278840
-0.278797
-0.278322
-0.277124
-0.275106
-0.272275
-0.268641
-0.264216
-0.259014
-0.253050
-0.246343
-0.238913
-0.230781
-0.221972
-0.212511
-0.202427
-0.191749
-0.180509
-0.168739
-0.156474
-0.143750
-0.130605
-0.117076
-0.103205
-0.089030
-0.074594
-0.059940
-0.045109
-0.030147
-0.015095
0.000000
##END
