##TITLE= dor3 radial b cnst1=61.956
##JCAMP-DX= 5.00 Bruker JCAMP library
##DATA TYPE= Shape Data
##ORIGIN= Bruker Analytik GmbH
##OWNER= <nmrsu>
##DATE= xx
##TIME= xx
##MINX= 0
##MAXX= 1
##MINY= 0
##MAXY= 1
##$SHAPE_EXMODE= Gradient
##$SHAPE_TOTROT= 0
##$SHAPE_BWFAC= 0
##$SHAPE_INTEGFAC= 0
##$SHAPE_MODE= 0
##NPOINTS=1000
##XYDATA= (X++(Y..Y))
0.000000
0.000000
0.000000
0.000000
0.000000
0.000001
0.000003
0.000007
0.000015
0.000030
0.000055
0.000095
0.000157
0.000247
0.000376
0.000554
0.000794
0.001110
0.001518
0.002036
0.002682
0.003475
0.004435
0.005582
0.006936
0.008514
0.010334
0.012412
0.014760
0.017389
0.020314
0.023553
0.027120
0.031029
0.035293
0.039924
0.044934
0.050334
0.056132
0.062337
0.068958
0.076000
0.083469
0.091369
0.099702
0.108470
0.117672
0.127308
0.137374
0.147865
0.158775
0.170096
0.181819
0.193932
0.206421
0.219272
0.232467
0.245988
0.259814
0.273923
0.288289
0.302887
0.317688
0.332662
0.347776
0.362997
0.378289
0.393615
0.408936
0.424210
0.439396
0.454451
0.469330
0.483986
0.498373
0.512443
0.526148
0.539438
0.552265
0.564579
0.576330
0.587470
0.597949
0.607720
0.616736
0.624951
0.632319
0.638799
0.644349
0.648930
0.652505
0.655040
0.656504
0.656868
0.656105
0.654195
0.651118
0.646858
0.641405
0.634750
0.626889
0.617822
0.607554
0.596091
0.583446
0.569635
0.554676
0.538595
0.521418
0.503175
0.483902
0.463635
0.442416
0.420288
0.397297
0.373493
0.348925
0.323649
0.297717
0.271186
0.244115
0.216560
0.188581
0.160237
0.131587
0.102691
0.073607
0.044393
0.015106
-0.014198
-0.043466
-0.072643
-0.101680
-0.130528
-0.159140
-0.187471
-0.215480
-0.243127
-0.270376
-0.297193
-0.323546
-0.349406
-0.374750
-0.399553
-0.423795
-0.447460
-0.470533
-0.493003
-0.514861
-0.536115
-0.556808
-0.576975
-0.596618
-0.615720
-0.634266
-0.652242
-0.669632
-0.686424
-0.702603
-0.718158
-0.733075
-0.747342
-0.760950
-0.773886
-0.786142
-0.797707
-0.808573
-0.818732
-0.828176
-0.836897
-0.844890
-0.852149
-0.858669
-0.864445
-0.869473
-0.873750
-0.877274
-0.880043
-0.882055
-0.883310
-0.883807
-0.883548
-0.882534
-0.880767
-0.878250
-0.874985
-0.870976
-0.866229
-0.860749
-0.854540
-0.847610
-0.839966
-0.831615
-0.822566
-0.812827
-0.802408
-0.791319
-0.779571
-0.767174
-0.754141
-0.740484
-0.726214
-0.711347
-0.695895
-0.679873
-0.663296
-0.646179
-0.628537
-0.610387
-0.591746
-0.572630
-0.553057
-0.533044
-0.512611
-0.491774
-0.470554
-0.448969
-0.427039
-0.404784
-0.382223
-0.359378
-0.336267
-0.312913
-0.289337
-0.265558
-0.241599
-0.217481
-0.193226
-0.168855
-0.144390
-0.119853
-0.095265
-0.070649
-0.046027
-0.021420
0.003149
0.027659
0.052088
0.076415
0.100617
0.124673
0.148563
0.172264
0.195755
0.219016
0.242027
0.264766
0.287215
0.309352
0.331158
0.352614
0.373701
0.394400
0.414694
0.434563
0.453992
0.472961
0.491455
0.509457
0.526952
0.543924
0.560357
0.576238
0.591553
0.606287
0.620429
0.633965
0.646883
0.659172
0.670822
0.681822
0.692162
0.701833
0.710827
0.719136
0.726752
0.733669
0.739881
0.745382
0.750167
0.754232
0.757574
0.760189
0.762075
0.763231
0.763656
0.763349
0.762310
0.760541
0.758043
0.754818
0.750868
0.746199
0.740813
0.734715
0.727911
0.720407
0.712209
0.703324
0.693761
0.683528
0.672633
0.661087
0.648900
0.636082
0.622644
0.608599
0.593959
0.578737
0.562946
0.546600
0.529714
0.512302
0.494381
0.475964
0.457070
0.437715
0.417915
0.397688
0.377053
0.356027
0.334629
0.312877
0.290792
0.268393
0.245699
0.222730
0.199508
0.176052
0.152383
0.128523
0.104492
0.080312
0.056004
0.031590
0.007091
-0.017470
-0.042073
-0.066694
-0.091312
-0.115906
-0.140452
-0.164930
-0.189318
-0.213593
-0.237735
-0.261721
-0.285530
-0.309140
-0.332532
-0.355682
-0.378572
-0.401180
-0.423486
-0.445469
-0.467111
-0.488391
-0.509290
-0.529790
-0.549871
-0.569516
-0.588706
-0.607425
-0.625655
-0.643380
-0.660582
-0.677247
-0.693359
-0.708904
-0.723866
-0.738232
-0.751989
-0.765123
-0.777623
-0.789476
-0.800672
-0.811199
-0.821048
-0.830208
-0.838672
-0.846430
-0.853475
-0.859800
-0.865398
-0.870263
-0.874391
-0.877775
-0.880413
-0.882301
-0.883436
-0.883817
-0.883441
-0.882307
-0.880417
-0.877770
-0.874367
-0.870211
-0.865303
-0.859647
-0.853247
-0.846106
-0.838231
-0.829626
-0.820298
-0.810253
-0.799500
-0.788047
-0.775901
-0.763073
-0.749573
-0.735411
-0.720597
-0.705145
-0.689065
-0.672370
-0.655075
-0.637192
-0.618737
-0.599723
-0.580166
-0.560082
-0.539487
-0.518398
-0.496832
-0.474806
-0.452338
-0.429446
-0.406150
-0.382468
-0.358420
-0.334025
-0.309303
-0.284275
-0.258961
-0.233381
-0.207558
-0.181512
-0.155265
-0.128837
-0.102252
-0.075532
-0.048697
-0.021771
0.005225
0.032268
0.059335
0.086404
0.113454
0.140460
0.167401
0.194255
0.220999
0.247611
0.274068
0.300349
0.326433
0.352296
0.377918
0.403278
0.428354
0.453125
0.477570
0.501670
0.525404
0.548753
0.571696
0.594215
0.616291
0.637905
0.659040
0.679678
0.699801
0.719393
0.738437
0.756918
0.774819
0.792127
0.808826
0.824902
0.840343
0.855134
0.869265
0.882722
0.895496
0.907574
0.918947
0.929605
0.939540
0.948743
0.957207
0.964923
0.971887
0.978092
0.983532
0.988204
0.992103
0.995226
0.997571
0.999135
0.999918
0.999918
0.999135
0.997571
0.995226
0.992103
0.988204
0.983532
0.978092
0.971887
0.964923
0.957207
0.948743
0.939540
0.929605
0.918947
0.907574
0.895496
0.882722
0.869265
0.855134
0.840343
0.824902
0.808826
0.792127
0.774819
0.756918
0.738437
0.719393
0.699801
0.679678
0.659040
0.637905
0.616291
0.594215
0.571696
0.548753
0.525404
0.501670
0.477570
0.453125
0.428354
0.403278
0.377918
0.352296
0.326433
0.300349
0.274068
0.247611
0.220999
0.194255
0.167401
0.140460
0.113454
0.086404
0.059335
0.032268
0.005225
-0.021771
-0.048697
-0.075532
-0.102252
-0.128837
-0.155265
-0.181512
-0.207558
-0.233381
-0.258961
-0.284275
-0.309303
-0.334025
-0.358420
-0.382468
-0.406150
-0.429446
-0.452338
-0.474806
-0.496832
-0.518398
-0.539487
-0.560082
-0.580166
-0.599723
-0.618737
-0.637192
-0.655075
-0.672370
-0.689065
-0.705145
-0.720597
-0.735411
-0.749573
-0.763073
-0.775901
-0.788047
-0.799500
-0.810253
-0.820298
-0.829626
-0.838231
-0.846106
-0.853247
-0.859647
-0.865303
-0.870211
-0.874367
-0.877770
-0.880417
-0.882307
-0.883441
-0.883817
-0.883436
-0.882301
-0.880413
-0.877775
-0.874391
-0.870263
-0.865398
-0.859800
-0.853475
-0.846430
-0.838672
-0.830208
-0.821048
-0.811199
-0.800672
-0.789476
-0.777623
-0.765123
-0.751989
-0.738232
-0.723866
-0.708904
-0.693359
-0.677247
-0.660582
-0.643380
-0.625655
-0.607425
-0.588706
-0.569516
-0.549871
-0.529790
-0.509290
-0.488391
-0.467111
-0.445469
-0.423486
-0.401180
-0.378572
-0.355682
-0.332532
-0.309140
-0.285530
-0.261721
-0.237735
-0.213593
-0.189318
-0.164930
-0.140452
-0.115906
-0.091312
-0.066694
-0.042073
-0.017470
0.007091
0.031590
0.056004
0.080312
0.104492
0.128523
0.152383
0.176052
0.199508
0.222730
0.245699
0.268393
0.290792
0.312877
0.334629
0.356027
0.377053
0.397688
0.417915
0.437715
0.457070
0.475964
0.494381
0.512302
0.529714
0.546600
0.562946
0.578737
0.593959
0.608599
0.622644
0.636082
0.648900
0.661087
0.672633
0.683528
0.693761
0.703324
0.712209
0.720407
0.727911
0.734715
0.740813
0.746199
0.750868
0.754818
0.758043
0.760541
0.762310
0.763349
0.763656
0.763231
0.762075
0.760189
0.757574
0.754232
0.750167
0.745382
0.739881
0.733669
0.726752
0.719136
0.710827
0.701833
0.692162
0.681822
0.670822
0.659172
0.646883
0.633965
0.620429
0.606287
0.591553
0.576238
0.560357
0.543924
0.526952
0.509457
0.491455
0.472961
0.453992
0.434563
0.414694
0.394400
0.373701
0.352614
0.331158
0.309352
0.287215
0.264766
0.242027
0.219016
0.195755
0.172264
0.148563
0.124673
0.100617
0.076415
0.052088
0.027659
0.003149
-0.021420
-0.046027
-0.070649
-0.095265
-0.119853
-0.144390
-0.168855
-0.193226
-0.217481
-0.241599
-0.265558
-0.289337
-0.312913
-0.336267
-0.359378
-0.382223
-0.404784
-0.427039
-0.448969
-0.470554
-0.491774
-0.512611
-0.533044
-0.553057
-0.572630
-0.591746
-0.610387
-0.628537
-0.646179
-0.663296
-0.679873
-0.695895
-0.711347
-0.726214
-0.740484
-0.754141
-0.767174
-0.779571
-0.791319
-0.802408
-0.812827
-0.822566
-0.831615
-0.839966
-0.847610
-0.854540
-0.860749
-0.866229
-0.870976
-0.874985
-0.878250
-0.880767
-0.882534
-0.883548
-0.883807
-0.883310
-0.882055
-0.880043
-0.877274
-0.873750
-0.869473
-0.864445
-0.858669
-0.852149
-0.844890
-0.836897
-0.828176
-0.818732
-0.808573
-0.797707
-0.786142
-0.773886
-0.760950
-0.747342
-0.733075
-0.718158
-0.702603
-0.686424
-0.669632
-0.652242
-0.634266
-0.615720
-0.596618
-0.576975
-0.556808
-0.536115
-0.514861
-0.493003
-0.470533
-0.447460
-0.423795
-0.399553
-0.374750
-0.349406
-0.323546
-0.297193
-0.270376
-0.243127
-0.215480
-0.187471
-0.159140
-0.130528
-0.101680
-0.072643
-0.043466
-0.014198
0.015106
0.044393
0.073607
0.102691
0.131587
0.160237
0.188581
0.216560
0.244115
0.271186
0.297717
0.323649
0.348925
0.373493
0.397297
0.420288
0.442416
0.463635
0.483902
0.503175
0.521418
0.538595
0.554676
0.569635
0.583446
0.596091
0.607554
0.617822
0.626889
0.634750
0.641405
0.646858
0.651118
0.654195
0.656105
0.656868
0.656504
0.655040
0.652505
0.648930
0.644349
0.638799
0.632319
0.624951
0.616736
0.607720
0.597949
0.587470
0.576330
0.564579
0.552265
0.539438
0.526148
0.512443
0.498373
0.483986
0.469330
0.454451
0.439396
0.424210
0.408936
0.393615
0.378289
0.362997
0.347776
0.332662
0.317688
0.302887
0.288289
0.273923
0.259814
0.245988
0.232467
0.219272
0.206421
0.193932
0.181819
0.170096
0.158775
0.147865
0.137374
0.127308
0.117672
0.108470
0.099702
0.091369
0.083469
0.076000
0.068958
0.062337
0.056132
0.050334
0.044934
0.039924
0.035293
0.031029
0.027120
0.023553
0.020314
0.017389
0.014760
0.012412
0.010334
0.008514
0.006936
0.005582
0.004435
0.003475
0.002682
0.002036
0.001518
0.001110
0.000794
0.000554
0.000376
0.000247
0.000157
0.000095
0.000055
0.000030
0.000015
0.000007
0.000003
0.000001
0.000000
0.000000
0.000000
0.000000
0.000000
##END
