##TITLE= dor3 axial c cnst1=61.956
##JCAMP-DX= 5.00 Bruker JCAMP library
##DATA TYPE= Shape Data
##ORIGIN= Bruker Analytik GmbH
##OWNER= <nmrsu>
##DATE= xx
##TIME= xx
##MINX= 0
##MAXX= 1
##MINY= 0
##MAXY= 1
##$SHAPE_EXMODE= Gradient
##$SHAPE_TOTROT= 0
##$SHAPE_BWFAC= 0
##$SHAPE_INTEGFAC= 0
##$SHAPE_MODE= 0
##NPOINTS=1000
##XYDATA= (X++(Y..Y))
0.000000
0.030196
0.060303
0.090233
0.119899
0.149213
0.178089
0.206443
0.234191
0.261252
0.287547
0.312999
0.337533
0.361076
0.383561
0.404920
0.425091
0.444016
0.461638
0.477906
0.492771
0.506190
0.518123
0.528535
0.537395
0.544675
0.550355
0.554414
0.556842
0.557832
0.557971
0.557796
0.557437
0.556866
0.556080
0.555077
0.553851
0.552400
0.550719
0.548803
0.546646
0.544243
0.541587
0.538672
0.535490
0.532033
0.528292
0.524260
0.519926
0.515281
0.510313
0.505013
0.499368
0.493368
0.486999
0.480250
0.473108
0.465560
0.457593
0.449195
0.440351
0.431051
0.421280
0.411026
0.400278
0.389025
0.377254
0.364957
0.352123
0.338745
0.324815
0.310326
0.295273
0.279653
0.263464
0.246703
0.229373
0.211475
0.193014
0.173996
0.154428
0.134320
0.113684
0.092535
0.070887
0.048758
0.026168
0.003140
-0.020303
-0.044135
-0.068329
-0.092855
-0.117681
-0.142775
-0.168101
-0.193626
-0.219309
-0.245115
-0.271002
-0.296930
-0.322858
-0.348744
-0.374546
-0.400222
-0.425728
-0.451022
-0.476063
-0.500808
-0.525215
-0.549246
-0.572860
-0.596019
-0.618687
-0.640827
-0.662406
-0.683392
-0.703754
-0.723464
-0.742495
-0.760824
-0.778429
-0.795290
-0.811389
-0.826712
-0.841246
-0.854981
-0.867910
-0.880027
-0.891330
-0.901817
-0.911492
-0.920358
-0.928421
-0.935690
-0.942175
-0.947889
-0.952846
-0.957062
-0.960554
-0.963342
-0.965446
-0.966887
-0.967689
-0.967875
-0.967469
-0.966498
-0.964987
-0.962962
-0.960450
-0.957473
-0.954039
-0.950148
-0.945798
-0.940991
-0.935729
-0.930015
-0.923853
-0.917244
-0.910192
-0.902700
-0.894773
-0.886413
-0.877625
-0.868413
-0.858782
-0.848736
-0.838280
-0.827419
-0.816159
-0.804504
-0.792461
-0.780035
-0.767233
-0.754059
-0.740522
-0.726627
-0.712381
-0.697791
-0.682864
-0.667607
-0.652027
-0.636133
-0.619931
-0.603430
-0.586638
-0.569562
-0.552211
-0.534594
-0.516718
-0.498593
-0.480227
-0.461628
-0.442807
-0.423773
-0.404533
-0.385098
-0.365477
-0.345679
-0.325715
-0.305593
-0.285324
-0.264917
-0.244382
-0.223728
-0.202967
-0.182108
-0.161161
-0.140136
-0.119043
-0.097893
-0.076695
-0.055461
-0.034199
-0.012921
0.008363
0.029643
0.050909
0.072150
0.093356
0.114517
0.135623
0.156664
0.177628
0.198507
0.219290
0.239967
0.260529
0.280964
0.301264
0.321418
0.341417
0.361251
0.380911
0.400386
0.419668
0.438748
0.457616
0.476262
0.494679
0.512857
0.530786
0.548460
0.565869
0.583004
0.599858
0.616422
0.632688
0.648649
0.664297
0.679623
0.694622
0.709285
0.723605
0.737576
0.751190
0.764442
0.777325
0.789832
0.801957
0.813696
0.825041
0.835988
0.846531
0.856665
0.866385
0.875687
0.884566
0.893018
0.901039
0.908624
0.915770
0.922475
0.928733
0.934543
0.939902
0.944806
0.949255
0.953245
0.956774
0.959842
0.962445
0.964584
0.966257
0.967464
0.968203
0.968474
0.968278
0.967614
0.966483
0.964884
0.962820
0.960291
0.957298
0.953843
0.949927
0.945552
0.940720
0.935434
0.929697
0.923510
0.916877
0.909802
0.902287
0.894336
0.885953
0.877142
0.867908
0.858255
0.848186
0.837709
0.826826
0.815545
0.803869
0.791805
0.779359
0.766537
0.753344
0.739787
0.725873
0.711608
0.697000
0.682055
0.666781
0.651184
0.635273
0.619055
0.602539
0.585731
0.568640
0.551275
0.533643
0.515754
0.497615
0.479236
0.460626
0.441793
0.422747
0.403497
0.384052
0.364421
0.344615
0.324641
0.304511
0.284234
0.263820
0.243278
0.222619
0.201853
0.180988
0.160037
0.139008
0.117912
0.096759
0.075559
0.054323
0.033060
0.011782
-0.009502
-0.030782
-0.052047
-0.073286
-0.094490
-0.115649
-0.136752
-0.157788
-0.178749
-0.199623
-0.220400
-0.241071
-0.261626
-0.282055
-0.302347
-0.322493
-0.342483
-0.362308
-0.381958
-0.401424
-0.420695
-0.439764
-0.458620
-0.477254
-0.495658
-0.513823
-0.531739
-0.549399
-0.566793
-0.583914
-0.600752
-0.617301
-0.633551
-0.649495
-0.665126
-0.680435
-0.695415
-0.710060
-0.724362
-0.738314
-0.751909
-0.765141
-0.778004
-0.790491
-0.802596
-0.814313
-0.825637
-0.836563
-0.847084
-0.857196
-0.866894
-0.876174
-0.885030
-0.893459
-0.901456
-0.909018
-0.916141
-0.922821
-0.929056
-0.934842
-0.940176
-0.945056
-0.949480
-0.953445
-0.956950
-0.959993
-0.962572
-0.964686
-0.966334
-0.967515
-0.968229
-0.968475
-0.968254
-0.967565
-0.966409
-0.964786
-0.962697
-0.960143
-0.957125
-0.953645
-0.949704
-0.945305
-0.940449
-0.935139
-0.929377
-0.923166
-0.916510
-0.909410
-0.901872
-0.893898
-0.885492
-0.876659
-0.867402
-0.857726
-0.847636
-0.837136
-0.826232
-0.814930
-0.803233
-0.791149
-0.778682
-0.765839
-0.752627
-0.739051
-0.725118
-0.710835
-0.696208
-0.681245
-0.665953
-0.650340
-0.634412
-0.618178
-0.601646
-0.584823
-0.567717
-0.550337
-0.532692
-0.514789
-0.496637
-0.478246
-0.459623
-0.440779
-0.421722
-0.402461
-0.383005
-0.363365
-0.343549
-0.323567
-0.303429
-0.283145
-0.262723
-0.242175
-0.221510
-0.200738
-0.179869
-0.158913
-0.137880
-0.116780
-0.095625
-0.074423
-0.053185
-0.031921
-0.010642
0.010642
0.031921
0.053185
0.074423
0.095625
0.116780
0.137880
0.158913
0.179869
0.200738
0.221510
0.242175
0.262723
0.283145
0.303429
0.323567
0.343549
0.363365
0.383005
0.402461
0.421722
0.440779
0.459623
0.478246
0.496637
0.514789
0.532692
0.550337
0.567717
0.584823
0.601646
0.618178
0.634412
0.650340
0.665953
0.681245
0.696208
0.710835
0.725118
0.739051
0.752627
0.765839
0.778682
0.791149
0.803233
0.814930
0.826232
0.837136
0.847636
0.857726
0.867402
0.876659
0.885492
0.893898
0.901872
0.909410
0.916510
0.923166
0.929377
0.935139
0.940449
0.945305
0.949704
0.953645
0.957125
0.960143
0.962697
0.964786
0.966409
0.967565
0.968254
0.968475
0.968229
0.967515
0.966334
0.964686
0.962572
0.959993
0.956950
0.953445
0.949480
0.945056
0.940176
0.934842
0.929056
0.922821
0.916141
0.909018
0.901456
0.893459
0.885030
0.876174
0.866894
0.857196
0.847084
0.836563
0.825637
0.814313
0.802596
0.790491
0.778004
0.765141
0.751909
0.738314
0.724362
0.710060
0.695415
0.680435
0.665126
0.649495
0.633551
0.617301
0.600752
0.583914
0.566793
0.549399
0.531739
0.513823
0.495658
0.477254
0.458620
0.439764
0.420695
0.401424
0.381958
0.362308
0.342483
0.322493
0.302347
0.282055
0.261626
0.241071
0.220400
0.199623
0.178749
0.157788
0.136752
0.115649
0.094490
0.073286
0.052047
0.030782
0.009502
-0.011782
-0.033060
-0.054323
-0.075559
-0.096759
-0.117912
-0.139008
-0.160037
-0.180988
-0.201853
-0.222619
-0.243278
-0.263820
-0.284234
-0.304511
-0.324641
-0.344615
-0.364421
-0.384052
-0.403497
-0.422747
-0.441793
-0.460626
-0.479236
-0.497615
-0.515754
-0.533643
-0.551275
-0.568640
-0.585731
-0.602539
-0.619055
-0.635273
-0.651184
-0.666781
-0.682055
-0.697000
-0.711608
-0.725873
-0.739787
-0.753344
-0.766537
-0.779359
-0.791805
-0.803869
-0.815545
-0.826826
-0.837709
-0.848186
-0.858255
-0.867908
-0.877142
-0.885953
-0.894336
-0.902287
-0.909802
-0.916877
-0.923510
-0.929697
-0.935434
-0.940720
-0.945552
-0.949927
-0.953843
-0.957298
-0.960291
-0.962820
-0.964884
-0.966483
-0.967614
-0.968278
-0.968474
-0.968203
-0.967464
-0.966257
-0.964584
-0.962445
-0.959842
-0.956774
-0.953245
-0.949255
-0.944806
-0.939902
-0.934543
-0.928733
-0.922475
-0.915770
-0.908624
-0.901039
-0.893018
-0.884566
-0.875687
-0.866385
-0.856665
-0.846531
-0.835988
-0.825041
-0.813696
-0.801957
-0.789832
-0.777325
-0.764442
-0.751190
-0.737576
-0.723605
-0.709285
-0.694622
-0.679623
-0.664297
-0.648649
-0.632688
-0.616422
-0.599858
-0.583004
-0.565869
-0.548460
-0.530786
-0.512857
-0.494679
-0.476262
-0.457616
-0.438748
-0.419668
-0.400386
-0.380911
-0.361251
-0.341417
-0.321418
-0.301264
-0.280964
-0.260529
-0.239967
-0.219290
-0.198507
-0.177628
-0.156664
-0.135623
-0.114517
-0.093356
-0.072150
-0.050909
-0.029643
-0.008363
0.012921
0.034199
0.055461
0.076695
0.097893
0.119043
0.140136
0.161161
0.182108
0.202967
0.223728
0.244382
0.264917
0.285324
0.305593
0.325715
0.345679
0.365477
0.385098
0.404533
0.423773
0.442807
0.461628
0.480227
0.498593
0.516718
0.534594
0.552211
0.569562
0.586638
0.603430
0.619931
0.636133
0.652027
0.667607
0.682864
0.697791
0.712381
0.726627
0.740522
0.754059
0.767233
0.780035
0.792461
0.804504
0.816159
0.827419
0.838280
0.848736
0.858782
0.868413
0.877625
0.886413
0.894773
0.902700
0.910192
0.917244
0.923853
0.930015
0.935729
0.940991
0.945798
0.950148
0.954039
0.957473
0.960450
0.962962
0.964987
0.966498
0.967469
0.967875
0.967689
0.966887
0.965446
0.963342
0.960554
0.957062
0.952846
0.947889
0.942175
0.935690
0.928421
0.920358
0.911492
0.901817
0.891330
0.880027
0.867910
0.854981
0.841246
0.826712
0.811389
0.795290
0.778429
0.760824
0.742495
0.723464
0.703754
0.683392
0.662406
0.640827
0.618687
0.596019
0.572860
0.549246
0.525215
0.500808
0.476063
0.451022
0.425728
0.400222
0.374546
0.348744
0.322858
0.296930
0.271002
0.245115
0.219309
0.193626
0.168101
0.142775
0.117681
0.092855
0.068329
0.044135
0.020303
-0.003140
-0.026168
-0.048758
-0.070887
-0.092535
-0.113684
-0.134320
-0.154428
-0.173996
-0.193014
-0.211475
-0.229373
-0.246703
-0.263464
-0.279653
-0.295273
-0.310326
-0.324815
-0.338745
-0.352123
-0.364957
-0.377254
-0.389025
-0.400278
-0.411026
-0.421280
-0.431051
-0.440351
-0.449195
-0.457593
-0.465560
-0.473108
-0.480250
-0.486999
-0.493368
-0.499368
-0.505013
-0.510313
-0.515281
-0.519926
-0.524260
-0.528292
-0.532033
-0.535490
-0.538672
-0.541587
-0.544243
-0.546646
-0.548803
-0.550719
-0.552400
-0.553851
-0.555077
-0.556080
-0.556866
-0.557437
-0.557796
-0.557971
-0.557832
-0.556842
-0.554414
-0.550355
-0.544675
-0.537395
-0.528535
-0.518123
-0.506190
-0.492771
-0.477906
-0.461638
-0.444016
-0.425091
-0.404920
-0.383561
-0.361076
-0.337533
-0.312999
-0.287547
-0.261252
-0.234191
-0.206443
-0.178089
-0.149213
-0.119899
-0.090233
-0.060303
-0.030196
0.000000
##END
