##TITLE= dor3.5 radial a cnst1=70.614
##JCAMP-DX= 5.00 Bruker JCAMP library
##DATA TYPE= Shape Data
##ORIGIN= Bruker Analytik GmbH
##OWNER= <nmrsu>
##DATE= xx
##TIME= xx
##MINX= 0
##MAXX= 1
##MINY= 0
##MAXY= 1
##$SHAPE_EXMODE= Gradient
##$SHAPE_TOTROT= 0
##$SHAPE_BWFAC= 0
##$SHAPE_INTEGFAC= 0
##$SHAPE_MODE= 0
##NPOINTS=1000
##XYDATA= (X++(Y..Y))
0.000000
0.013245
0.026450
0.039578
0.052590
0.065448
0.078114
0.090551
0.102722
0.114592
0.126125
0.137289
0.148050
0.158377
0.168239
0.177607
0.186455
0.194756
0.202485
0.209619
0.216138
0.222023
0.227254
0.231818
0.235698
0.238884
0.241365
0.243131
0.244176
0.244585
0.244613
0.244494
0.244282
0.243963
0.243534
0.242990
0.242325
0.241535
0.240612
0.239550
0.238342
0.236979
0.235453
0.233753
0.231869
0.229790
0.227505
0.225000
0.222263
0.219279
0.216034
0.212512
0.208698
0.204574
0.200126
0.195334
0.190183
0.184653
0.178728
0.172389
0.165619
0.158400
0.150716
0.142550
0.133887
0.124711
0.115008
0.104765
0.093972
0.082618
0.070694
0.058195
0.045115
0.031452
0.017205
0.002378
-0.013026
-0.028999
-0.045532
-0.062610
-0.080218
-0.098336
-0.116944
-0.136015
-0.155522
-0.175433
-0.195713
-0.216325
-0.237228
-0.258380
-0.279734
-0.301241
-0.322852
-0.344511
-0.366164
-0.387755
-0.409224
-0.430512
-0.451558
-0.472301
-0.492678
-0.512627
-0.532088
-0.550997
-0.569296
-0.586926
-0.603827
-0.619945
-0.635225
-0.649616
-0.663070
-0.675540
-0.686984
-0.697362
-0.706639
-0.714782
-0.721763
-0.727558
-0.732145
-0.735510
-0.737640
-0.738527
-0.738167
-0.736561
-0.733713
-0.729631
-0.724327
-0.717817
-0.710120
-0.701258
-0.691257
-0.680146
-0.667954
-0.654717
-0.640468
-0.625247
-0.609091
-0.592042
-0.574142
-0.555431
-0.535955
-0.515755
-0.494876
-0.473361
-0.451253
-0.428593
-0.405424
-0.381785
-0.357717
-0.333243
-0.308358
-0.283054
-0.257346
-0.231261
-0.204827
-0.178074
-0.151030
-0.123724
-0.096186
-0.068447
-0.040536
-0.012484
0.015679
0.043922
0.072213
0.100523
0.128819
0.157072
0.185249
0.213320
0.241254
0.269020
0.296588
0.323927
0.351007
0.377798
0.404270
0.430394
0.456141
0.481482
0.506389
0.530835
0.554791
0.578231
0.601129
0.623458
0.645195
0.666314
0.686791
0.706604
0.725729
0.744145
0.761831
0.778767
0.794933
0.810310
0.824880
0.838628
0.851535
0.863588
0.874771
0.885072
0.894478
0.902977
0.910559
0.917215
0.922934
0.927711
0.931539
0.934411
0.936323
0.937272
0.937255
0.936271
0.934319
0.931399
0.927514
0.922667
0.916860
0.910098
0.902387
0.893735
0.884148
0.873635
0.862207
0.849874
0.836647
0.822539
0.807565
0.791738
0.775074
0.757589
0.739301
0.720227
0.700387
0.679801
0.658489
0.636472
0.613773
0.590414
0.566420
0.541813
0.516621
0.490867
0.464578
0.437781
0.410504
0.382774
0.354619
0.326068
0.297151
0.267898
0.238337
0.208500
0.178418
0.148121
0.117640
0.087007
0.056253
0.025410
-0.005489
-0.036414
-0.067333
-0.098212
-0.129021
-0.159728
-0.190301
-0.220708
-0.250918
-0.280899
-0.310622
-0.340054
-0.369165
-0.397926
-0.426307
-0.454278
-0.481810
-0.508876
-0.535446
-0.561494
-0.586992
-0.611915
-0.636236
-0.659931
-0.682975
-0.705344
-0.727015
-0.747966
-0.768176
-0.787624
-0.806289
-0.824153
-0.841197
-0.857404
-0.872757
-0.887241
-0.900842
-0.913544
-0.925336
-0.936205
-0.946141
-0.955134
-0.963174
-0.970255
-0.976368
-0.981509
-0.985672
-0.988853
-0.991050
-0.992262
-0.992486
-0.991724
-0.989977
-0.987248
-0.983540
-0.978856
-0.973204
-0.966590
-0.959020
-0.950504
-0.941052
-0.930673
-0.919379
-0.907183
-0.894098
-0.880138
-0.865320
-0.849658
-0.833171
-0.815875
-0.797791
-0.778936
-0.759333
-0.739001
-0.717963
-0.696242
-0.673861
-0.650844
-0.627215
-0.603001
-0.578227
-0.552920
-0.527106
-0.500814
-0.474071
-0.446907
-0.419349
-0.391428
-0.363173
-0.334614
-0.305782
-0.276707
-0.247420
-0.217952
-0.188335
-0.158600
-0.128778
-0.098901
-0.069000
-0.039107
-0.009254
0.020528
0.050207
0.079753
0.109135
0.138320
0.167280
0.195983
0.224400
0.252501
0.280256
0.307636
0.334614
0.361160
0.387249
0.412851
0.437941
0.462494
0.486483
0.509885
0.532674
0.554828
0.576324
0.597141
0.617257
0.636651
0.655305
0.673200
0.690317
0.706639
0.722151
0.736838
0.750684
0.763677
0.775804
0.787054
0.797415
0.806879
0.815437
0.823081
0.829804
0.835602
0.840469
0.844402
0.847398
0.849457
0.850576
0.850758
0.850003
0.848315
0.845696
0.842151
0.837687
0.832309
0.826025
0.818844
0.810776
0.801830
0.792020
0.781356
0.769852
0.757523
0.744384
0.730450
0.715739
0.700269
0.684058
0.667125
0.649490
0.631175
0.612201
0.592590
0.572365
0.551551
0.530171
0.508250
0.485813
0.462888
0.439499
0.415675
0.391443
0.366830
0.341866
0.316578
0.290996
0.265148
0.239066
0.212778
0.186314
0.159705
0.132981
0.106173
0.079311
0.052425
0.025547
-0.001294
-0.028067
-0.054741
-0.081286
-0.107672
-0.133870
-0.159849
-0.185580
-0.211034
-0.236183
-0.260997
-0.285449
-0.309511
-0.333157
-0.356358
-0.379090
-0.401327
-0.423043
-0.444214
-0.464816
-0.484826
-0.504222
-0.522981
-0.541082
-0.558506
-0.575232
-0.591242
-0.606518
-0.621042
-0.634798
-0.647771
-0.659946
-0.671310
-0.681849
-0.691552
-0.700408
-0.708407
-0.715540
-0.721800
-0.727178
-0.731668
-0.735267
-0.737970
-0.739773
-0.740676
-0.740676
-0.739773
-0.737970
-0.735267
-0.731668
-0.727178
-0.721800
-0.715540
-0.708407
-0.700408
-0.691552
-0.681849
-0.671310
-0.659946
-0.647771
-0.634798
-0.621042
-0.606518
-0.591242
-0.575232
-0.558506
-0.541082
-0.522981
-0.504222
-0.484826
-0.464816
-0.444214
-0.423043
-0.401327
-0.379090
-0.356358
-0.333157
-0.309511
-0.285449
-0.260997
-0.236183
-0.211034
-0.185580
-0.159849
-0.133870
-0.107672
-0.081286
-0.054741
-0.028067
-0.001294
0.025547
0.052425
0.079311
0.106173
0.132981
0.159705
0.186314
0.212778
0.239066
0.265148
0.290996
0.316578
0.341866
0.366830
0.391443
0.415675
0.439499
0.462888
0.485813
0.508250
0.530171
0.551551
0.572365
0.592590
0.612201
0.631175
0.649490
0.667125
0.684058
0.700269
0.715739
0.730450
0.744384
0.757523
0.769852
0.781356
0.792020
0.801830
0.810776
0.818844
0.826025
0.832309
0.837687
0.842151
0.845696
0.848315
0.850003
0.850758
0.850576
0.849457
0.847398
0.844402
0.840469
0.835602
0.829804
0.823081
0.815437
0.806879
0.797415
0.787054
0.775804
0.763677
0.750684
0.736838
0.722151
0.706639
0.690317
0.673200
0.655305
0.636651
0.617257
0.597141
0.576324
0.554828
0.532674
0.509885
0.486483
0.462494
0.437941
0.412851
0.387249
0.361160
0.334614
0.307636
0.280256
0.252501
0.224400
0.195983
0.167280
0.138320
0.109135
0.079753
0.050207
0.020528
-0.009254
-0.039107
-0.069000
-0.098901
-0.128778
-0.158600
-0.188335
-0.217952
-0.247420
-0.276707
-0.305782
-0.334614
-0.363173
-0.391428
-0.419349
-0.446907
-0.474071
-0.500814
-0.527106
-0.552920
-0.578227
-0.603001
-0.627215
-0.650844
-0.673861
-0.696242
-0.717963
-0.739001
-0.759333
-0.778936
-0.797791
-0.815875
-0.833171
-0.849658
-0.865320
-0.880138
-0.894098
-0.907183
-0.919379
-0.930673
-0.941052
-0.950504
-0.959020
-0.966590
-0.973204
-0.978856
-0.983540
-0.987248
-0.989977
-0.991724
-0.992486
-0.992262
-0.991050
-0.988853
-0.985672
-0.981509
-0.976368
-0.970255
-0.963174
-0.955134
-0.946141
-0.936205
-0.925336
-0.913544
-0.900842
-0.887241
-0.872757
-0.857404
-0.841197
-0.824153
-0.806289
-0.787624
-0.768176
-0.747966
-0.727015
-0.705344
-0.682975
-0.659931
-0.636236
-0.611915
-0.586992
-0.561494
-0.535446
-0.508876
-0.481810
-0.454278
-0.426307
-0.397926
-0.369165
-0.340054
-0.310622
-0.280899
-0.250918
-0.220708
-0.190301
-0.159728
-0.129021
-0.098212
-0.067333
-0.036414
-0.005489
0.025410
0.056253
0.087007
0.117640
0.148121
0.178418
0.208500
0.238337
0.267898
0.297151
0.326068
0.354619
0.382774
0.410504
0.437781
0.464578
0.490867
0.516621
0.541813
0.566420
0.590414
0.613773
0.636472
0.658489
0.679801
0.700387
0.720227
0.739301
0.757589
0.775074
0.791738
0.807565
0.822539
0.836647
0.849874
0.862207
0.873635
0.884148
0.893735
0.902387
0.910098
0.916860
0.922667
0.927514
0.931399
0.934319
0.936271
0.937255
0.937272
0.936323
0.934411
0.931539
0.927711
0.922934
0.917215
0.910559
0.902977
0.894478
0.885072
0.874771
0.863588
0.851535
0.838628
0.824880
0.810310
0.794933
0.778767
0.761831
0.744145
0.725729
0.706604
0.686791
0.666314
0.645195
0.623458
0.601129
0.578231
0.554791
0.530835
0.506389
0.481482
0.456141
0.430394
0.404270
0.377798
0.351007
0.323927
0.296588
0.269020
0.241254
0.213320
0.185249
0.157072
0.128819
0.100523
0.072213
0.043922
0.015679
-0.012484
-0.040536
-0.068447
-0.096186
-0.123724
-0.151030
-0.178074
-0.204827
-0.231261
-0.257346
-0.283054
-0.308358
-0.333243
-0.357717
-0.381785
-0.405424
-0.428593
-0.451253
-0.473361
-0.494876
-0.515755
-0.535955
-0.555431
-0.574142
-0.592042
-0.609091
-0.625247
-0.640468
-0.654717
-0.667954
-0.680146
-0.691257
-0.701258
-0.710120
-0.717817
-0.724327
-0.729631
-0.733713
-0.736561
-0.738167
-0.738527
-0.737640
-0.735510
-0.732145
-0.727558
-0.721763
-0.714782
-0.706639
-0.697362
-0.686984
-0.675540
-0.663070
-0.649616
-0.635225
-0.619945
-0.603827
-0.586926
-0.569296
-0.550997
-0.532088
-0.512627
-0.492678
-0.472301
-0.451558
-0.430512
-0.409224
-0.387755
-0.366164
-0.344511
-0.322852
-0.301241
-0.279734
-0.258380
-0.237228
-0.216325
-0.195713
-0.175433
-0.155522
-0.136015
-0.116944
-0.098336
-0.080218
-0.062610
-0.045532
-0.028999
-0.013026
0.002378
0.017205
0.031452
0.045115
0.058195
0.070694
0.082618
0.093972
0.104765
0.115008
0.124711
0.133887
0.142550
0.150716
0.158400
0.165619
0.172389
0.178728
0.184653
0.190183
0.195334
0.200126
0.204574
0.208698
0.212512
0.216034
0.219279
0.222263
0.225000
0.227505
0.229790
0.231869
0.233753
0.235453
0.236979
0.238342
0.239550
0.240612
0.241535
0.242325
0.242990
0.243534
0.243963
0.244282
0.244494
0.244613
0.244585
0.244176
0.243131
0.241365
0.238884
0.235698
0.231818
0.227254
0.222023
0.216138
0.209619
0.202485
0.194756
0.186455
0.177607
0.168239
0.158377
0.148050
0.137289
0.126125
0.114592
0.102722
0.090551
0.078114
0.065448
0.052590
0.039578
0.026450
0.013245
0.000000
##END
