##TITLE= dor3.5 radial b cnst1=70.614
##JCAMP-DX= 5.00 Bruker JCAMP library
##DATA TYPE= Shape Data
##ORIGIN= Bruker Analytik GmbH
##OWNER= <nmrsu>
##DATE= xx
##TIME= xx
##MINX= 0
##MAXX= 1
##MINY= 0
##MAXY= 1
##$SHAPE_EXMODE= Gradient
##$SHAPE_TOTROT= 0
##$SHAPE_BWFAC= 0
##$SHAPE_INTEGFAC= 0
##$SHAPE_MODE= 0
##NPOINTS=1000
##XYDATA= (X++(Y..Y))
0.000000
0.000000
0.000000
0.000000
0.000000
0.000001
0.000003
0.000007
0.000015
0.000030
0.000055
0.000095
0.000157
0.000247
0.000376
0.000554
0.000794
0.001110
0.001518
0.002036
0.002682
0.003475
0.004435
0.005582
0.006936
0.008514
0.010335
0.012412
0.014760
0.017389
0.020314
0.023553
0.027120
0.031029
0.035292
0.039923
0.044932
0.050330
0.056127
0.062330
0.068948
0.075986
0.083450
0.091344
0.099669
0.108426
0.117616
0.127236
0.137282
0.147749
0.158629
0.169915
0.181594
0.193655
0.206083
0.218861
0.231970
0.245390
0.259098
0.273068
0.287275
0.301689
0.316278
0.331010
0.345848
0.360755
0.375692
0.390617
0.405487
0.420257
0.434879
0.449306
0.463488
0.477373
0.490910
0.504045
0.516725
0.528895
0.540500
0.551486
0.561798
0.571381
0.580182
0.588149
0.595229
0.601373
0.606533
0.610662
0.613717
0.615656
0.616442
0.616039
0.614414
0.611541
0.607395
0.601956
0.595207
0.587137
0.577740
0.567012
0.554956
0.541580
0.526895
0.510918
0.493670
0.475179
0.455474
0.434592
0.412572
0.389459
0.365300
0.340147
0.314055
0.287084
0.259294
0.230749
0.201516
0.171664
0.141262
0.110381
0.079094
0.047474
0.015593
-0.016476
-0.048661
-0.080889
-0.113090
-0.145197
-0.177140
-0.208856
-0.240280
-0.271353
-0.302017
-0.332217
-0.361901
-0.391021
-0.419530
-0.447387
-0.474554
-0.500995
-0.526679
-0.551578
-0.575668
-0.598927
-0.621339
-0.642888
-0.663564
-0.683358
-0.702266
-0.720296
-0.737478
-0.753835
-0.769363
-0.784046
-0.797872
-0.810827
-0.822897
-0.834073
-0.844343
-0.853699
-0.862132
-0.869634
-0.876199
-0.881822
-0.886499
-0.890225
-0.893000
-0.894821
-0.895688
-0.895603
-0.894566
-0.892582
-0.889653
-0.885785
-0.880983
-0.875255
-0.868608
-0.861052
-0.852595
-0.843250
-0.833027
-0.821940
-0.810002
-0.797228
-0.783633
-0.769234
-0.754047
-0.738091
-0.721385
-0.703948
-0.685801
-0.666965
-0.647461
-0.627313
-0.606544
-0.585178
-0.563239
-0.540752
-0.517744
-0.494240
-0.470268
-0.445854
-0.421027
-0.395814
-0.370245
-0.344347
-0.318151
-0.291687
-0.264983
-0.238070
-0.210978
-0.183738
-0.156380
-0.128935
-0.101434
-0.073907
-0.046386
-0.018900
0.008519
0.035841
0.063035
0.090071
0.116919
0.143549
0.169932
0.196039
0.221839
0.247306
0.272410
0.297124
0.321420
0.345273
0.368654
0.391540
0.413904
0.435722
0.456970
0.477625
0.497663
0.517064
0.535806
0.553868
0.571231
0.587876
0.603785
0.618940
0.633326
0.646926
0.659726
0.671713
0.682872
0.693194
0.702666
0.711279
0.719023
0.725891
0.731875
0.736970
0.741170
0.744472
0.746871
0.748367
0.748958
0.748644
0.747426
0.745307
0.742288
0.738374
0.733571
0.727884
0.721320
0.713887
0.705594
0.696451
0.686469
0.675660
0.664036
0.651611
0.638401
0.624419
0.609682
0.594208
0.578015
0.561121
0.543545
0.525309
0.506433
0.486939
0.466850
0.446188
0.424977
0.403243
0.381009
0.358302
0.335147
0.311571
0.287601
0.263265
0.238590
0.213606
0.188340
0.162821
0.137080
0.111145
0.085046
0.058814
0.032478
0.006068
-0.020384
-0.046850
-0.073297
-0.099697
-0.126017
-0.152229
-0.178302
-0.204206
-0.229910
-0.255387
-0.280604
-0.305535
-0.330150
-0.354420
-0.378317
-0.401814
-0.424883
-0.447497
-0.469630
-0.491257
-0.512351
-0.532888
-0.552845
-0.572197
-0.590922
-0.608998
-0.626403
-0.643116
-0.659119
-0.674390
-0.688913
-0.702669
-0.715643
-0.727817
-0.739177
-0.749710
-0.759401
-0.768239
-0.776212
-0.783310
-0.789523
-0.794844
-0.799264
-0.802778
-0.805379
-0.807064
-0.807829
-0.807671
-0.806589
-0.804583
-0.801653
-0.797801
-0.793030
-0.787343
-0.780745
-0.773242
-0.764840
-0.755548
-0.745373
-0.734326
-0.722417
-0.709658
-0.696061
-0.681641
-0.666410
-0.650385
-0.633582
-0.616017
-0.597709
-0.578677
-0.558940
-0.538518
-0.517432
-0.495705
-0.473359
-0.450417
-0.426903
-0.402842
-0.378259
-0.353180
-0.327632
-0.301640
-0.275233
-0.248439
-0.221286
-0.193802
-0.166018
-0.137962
-0.109664
-0.081155
-0.052465
-0.023625
0.005335
0.034384
0.063490
0.092622
0.121749
0.150839
0.179861
0.208785
0.237578
0.266210
0.294650
0.322866
0.350829
0.378509
0.405874
0.432895
0.459543
0.485790
0.511605
0.536962
0.561832
0.586189
0.610004
0.633254
0.655911
0.677951
0.699349
0.720083
0.740129
0.759464
0.778068
0.795919
0.812998
0.829285
0.844763
0.859413
0.873220
0.886167
0.898239
0.909424
0.919707
0.929078
0.937524
0.945036
0.951605
0.957222
0.961881
0.965576
0.968302
0.970054
0.970829
0.970627
0.969445
0.967284
0.964145
0.960031
0.954944
0.948889
0.941871
0.933897
0.924974
0.915110
0.904315
0.892599
0.879973
0.866450
0.852043
0.836767
0.820635
0.803665
0.785873
0.767277
0.747896
0.727750
0.706857
0.685241
0.662922
0.639924
0.616269
0.591982
0.567087
0.541610
0.515577
0.489014
0.461949
0.434409
0.406422
0.378018
0.349225
0.320073
0.290592
0.260812
0.230763
0.200477
0.169985
0.139318
0.108507
0.077585
0.046583
0.015533
-0.015533
-0.046583
-0.077585
-0.108507
-0.139318
-0.169985
-0.200477
-0.230763
-0.260812
-0.290592
-0.320073
-0.349225
-0.378018
-0.406422
-0.434409
-0.461949
-0.489014
-0.515577
-0.541610
-0.567087
-0.591982
-0.616269
-0.639924
-0.662922
-0.685241
-0.706857
-0.727750
-0.747896
-0.767277
-0.785873
-0.803665
-0.820635
-0.836767
-0.852043
-0.866450
-0.879973
-0.892599
-0.904315
-0.915110
-0.924974
-0.933897
-0.941871
-0.948889
-0.954944
-0.960031
-0.964145
-0.967284
-0.969445
-0.970627
-0.970829
-0.970054
-0.968302
-0.965576
-0.961881
-0.957222
-0.951605
-0.945036
-0.937524
-0.929078
-0.919707
-0.909424
-0.898239
-0.886167
-0.873220
-0.859413
-0.844763
-0.829285
-0.812998
-0.795919
-0.778068
-0.759464
-0.740129
-0.720083
-0.699349
-0.677951
-0.655911
-0.633254
-0.610004
-0.586189
-0.561832
-0.536962
-0.511605
-0.485790
-0.459543
-0.432895
-0.405874
-0.378509
-0.350829
-0.322866
-0.294650
-0.266210
-0.237578
-0.208785
-0.179861
-0.150839
-0.121749
-0.092622
-0.063490
-0.034384
-0.005335
0.023625
0.052465
0.081155
0.109664
0.137962
0.166018
0.193802
0.221286
0.248439
0.275233
0.301640
0.327632
0.353180
0.378259
0.402842
0.426903
0.450417
0.473359
0.495705
0.517432
0.538518
0.558940
0.578677
0.597709
0.616017
0.633582
0.650385
0.666410
0.681641
0.696061
0.709658
0.722417
0.734326
0.745373
0.755548
0.764840
0.773242
0.780745
0.787343
0.793030
0.797801
0.801653
0.804583
0.806589
0.807671
0.807829
0.807064
0.805379
0.802778
0.799264
0.794844
0.789523
0.783310
0.776212
0.768239
0.759401
0.749710
0.739177
0.727817
0.715643
0.702669
0.688913
0.674390
0.659119
0.643116
0.626403
0.608998
0.590922
0.572197
0.552845
0.532888
0.512351
0.491257
0.469630
0.447497
0.424883
0.401814
0.378317
0.354420
0.330150
0.305535
0.280604
0.255387
0.229910
0.204206
0.178302
0.152229
0.126017
0.099697
0.073297
0.046850
0.020384
-0.006068
-0.032478
-0.058814
-0.085046
-0.111145
-0.137080
-0.162821
-0.188340
-0.213606
-0.238590
-0.263265
-0.287601
-0.311571
-0.335147
-0.358302
-0.381009
-0.403243
-0.424977
-0.446188
-0.466850
-0.486939
-0.506433
-0.525309
-0.543545
-0.561121
-0.578015
-0.594208
-0.609682
-0.624419
-0.638401
-0.651611
-0.664036
-0.675660
-0.686469
-0.696451
-0.705594
-0.713887
-0.721320
-0.727884
-0.733571
-0.738374
-0.742288
-0.745307
-0.747426
-0.748644
-0.748958
-0.748367
-0.746871
-0.744472
-0.741170
-0.736970
-0.731875
-0.725891
-0.719023
-0.711279
-0.702666
-0.693194
-0.682872
-0.671713
-0.659726
-0.646926
-0.633326
-0.618940
-0.603785
-0.587876
-0.571231
-0.553868
-0.535806
-0.517064
-0.497663
-0.477625
-0.456970
-0.435722
-0.413904
-0.391540
-0.368654
-0.345273
-0.321420
-0.297124
-0.272410
-0.247306
-0.221839
-0.196039
-0.169932
-0.143549
-0.116919
-0.090071
-0.063035
-0.035841
-0.008519
0.018900
0.046386
0.073907
0.101434
0.128935
0.156380
0.183738
0.210978
0.238070
0.264983
0.291687
0.318151
0.344347
0.370245
0.395814
0.421027
0.445854
0.470268
0.494240
0.517744
0.540752
0.563239
0.585178
0.606544
0.627313
0.647461
0.666965
0.685801
0.703948
0.721385
0.738091
0.754047
0.769234
0.783633
0.797228
0.810002
0.821940
0.833027
0.843250
0.852595
0.861052
0.868608
0.875255
0.880983
0.885785
0.889653
0.892582
0.894566
0.895603
0.895688
0.894821
0.893000
0.890225
0.886499
0.881822
0.876199
0.869634
0.862132
0.853699
0.844343
0.834073
0.822897
0.810827
0.797872
0.784046
0.769363
0.753835
0.737478
0.720296
0.702266
0.683358
0.663564
0.642888
0.621339
0.598927
0.575668
0.551578
0.526679
0.500995
0.474554
0.447387
0.419530
0.391021
0.361901
0.332217
0.302017
0.271353
0.240280
0.208856
0.177140
0.145197
0.113090
0.080889
0.048661
0.016476
-0.015593
-0.047474
-0.079094
-0.110381
-0.141262
-0.171664
-0.201516
-0.230749
-0.259294
-0.287084
-0.314055
-0.340147
-0.365300
-0.389459
-0.412572
-0.434592
-0.455474
-0.475179
-0.493670
-0.510918
-0.526895
-0.541580
-0.554956
-0.567012
-0.577740
-0.587137
-0.595207
-0.601956
-0.607395
-0.611541
-0.614414
-0.616039
-0.616442
-0.615656
-0.613717
-0.610662
-0.606533
-0.601373
-0.595229
-0.588149
-0.580182
-0.571381
-0.561798
-0.551486
-0.540500
-0.528895
-0.516725
-0.504045
-0.490910
-0.477373
-0.463488
-0.449306
-0.434879
-0.420257
-0.405487
-0.390617
-0.375692
-0.360755
-0.345848
-0.331010
-0.316278
-0.301689
-0.287275
-0.273068
-0.259098
-0.245390
-0.231970
-0.218861
-0.206083
-0.193655
-0.181594
-0.169915
-0.158629
-0.147749
-0.137282
-0.127236
-0.117616
-0.108426
-0.099669
-0.091344
-0.083450
-0.075986
-0.068948
-0.062330
-0.056127
-0.050330
-0.044932
-0.039923
-0.035292
-0.031029
-0.027120
-0.023553
-0.020314
-0.017389
-0.014760
-0.012412
-0.010335
-0.008514
-0.006936
-0.005582
-0.004435
-0.003475
-0.002682
-0.002036
-0.001518
-0.001110
-0.000794
-0.000554
-0.000376
-0.000247
-0.000157
-0.000095
-0.000055
-0.000030
-0.000015
-0.000007
-0.000003
-0.000001
-0.000000
-0.000000
-0.000000
-0.000000
0.000000
##END
