##TITLE= dor3.5 axial c cnst1=70.614
##JCAMP-DX= 5.00 Bruker JCAMP library
##DATA TYPE= Shape Data
##ORIGIN= Bruker Analytik GmbH
##OWNER= <nmrsu>
##DATE= xx
##TIME= xx
##MINX= 0
##MAXX= 1
##MINY= 0
##MAXY= 1
##$SHAPE_EXMODE= Gradient
##$SHAPE_TOTROT= 0
##$SHAPE_BWFAC= 0
##$SHAPE_INTEGFAC= 0
##$SHAPE_MODE= 0
##NPOINTS=1000
##XYDATA= (X++(Y..Y))
0.000000
0.026493
0.052909
0.079170
0.105198
0.130918
0.156253
0.181131
0.205477
0.229220
0.252291
0.274622
0.296148
0.316805
0.336532
0.355273
0.372971
0.389575
0.405036
0.419309
0.432351
0.444125
0.454594
0.463728
0.471499
0.477884
0.482862
0.486419
0.488541
0.489400
0.489508
0.489338
0.489001
0.488473
0.487750
0.486828
0.485703
0.484369
0.482820
0.481051
0.479054
0.476823
0.474349
0.471624
0.468638
0.465382
0.461844
0.458014
0.453879
0.449427
0.444645
0.439518
0.434034
0.428176
0.421929
0.415279
0.408209
0.400702
0.392744
0.384317
0.375404
0.365991
0.356061
0.345599
0.334589
0.323018
0.310871
0.298137
0.284803
0.270859
0.256296
0.241106
0.225282
0.208822
0.191720
0.173978
0.155596
0.136578
0.116929
0.096657
0.075773
0.054290
0.032223
0.009591
-0.013587
-0.037287
-0.061483
-0.086147
-0.111248
-0.136753
-0.162626
-0.188830
-0.215323
-0.242065
-0.269010
-0.296113
-0.323327
-0.350601
-0.377887
-0.405134
-0.432288
-0.459298
-0.486110
-0.512672
-0.538930
-0.564831
-0.590325
-0.615358
-0.639881
-0.663846
-0.687203
-0.709908
-0.731916
-0.753186
-0.773678
-0.793354
-0.812179
-0.830123
-0.847154
-0.863248
-0.878381
-0.892532
-0.905684
-0.917824
-0.928939
-0.939023
-0.948071
-0.956080
-0.963052
-0.968992
-0.973906
-0.977804
-0.980698
-0.982604
-0.983538
-0.983520
-0.982570
-0.980713
-0.977973
-0.974376
-0.969950
-0.964725
-0.958729
-0.951994
-0.944551
-0.936432
-0.927668
-0.918291
-0.908334
-0.897817
-0.886738
-0.875084
-0.862855
-0.850058
-0.836703
-0.822798
-0.808352
-0.793374
-0.777875
-0.761865
-0.745354
-0.728352
-0.710872
-0.692925
-0.674522
-0.655676
-0.636398
-0.616703
-0.596601
-0.576108
-0.555236
-0.533999
-0.512411
-0.490486
-0.468238
-0.445683
-0.422835
-0.399709
-0.376320
-0.352684
-0.328815
-0.304731
-0.280446
-0.255977
-0.231340
-0.206551
-0.181625
-0.156581
-0.131433
-0.106199
-0.080896
-0.055539
-0.030145
-0.004732
0.020684
0.046087
0.071459
0.096785
0.122047
0.147228
0.172313
0.197285
0.222127
0.246822
0.271356
0.295711
0.319872
0.343823
0.367547
0.391030
0.414256
0.437209
0.459875
0.482239
0.504286
0.526001
0.547370
0.568380
0.589016
0.609265
0.629113
0.648548
0.667556
0.686125
0.704244
0.721899
0.739080
0.755775
0.771973
0.787664
0.802837
0.817482
0.831589
0.845151
0.858156
0.870597
0.882466
0.893755
0.904456
0.914563
0.924068
0.932966
0.941251
0.948917
0.955959
0.962373
0.968154
0.973298
0.977803
0.981665
0.984882
0.987451
0.989371
0.990640
0.991259
0.991226
0.990541
0.989205
0.987218
0.984583
0.981300
0.977373
0.972802
0.967593
0.961747
0.955269
0.948163
0.940433
0.932086
0.923125
0.913558
0.903391
0.892629
0.881281
0.869353
0.856853
0.843791
0.830174
0.816011
0.801311
0.786085
0.770342
0.754093
0.737348
0.720118
0.702414
0.684249
0.665635
0.646582
0.627105
0.607215
0.586926
0.566251
0.545204
0.523799
0.502049
0.479969
0.457574
0.434878
0.411896
0.388643
0.365135
0.341387
0.317414
0.293233
0.268859
0.244308
0.219596
0.194740
0.169756
0.144661
0.119470
0.094201
0.068870
0.043494
0.018089
-0.007328
-0.032740
-0.058130
-0.083482
-0.108780
-0.134006
-0.159143
-0.184177
-0.209089
-0.233863
-0.258484
-0.282935
-0.307200
-0.331263
-0.355108
-0.378720
-0.402083
-0.425181
-0.448000
-0.470525
-0.492740
-0.514631
-0.536184
-0.557385
-0.578219
-0.598672
-0.618733
-0.638386
-0.657620
-0.676422
-0.694779
-0.712679
-0.730111
-0.747063
-0.763523
-0.779482
-0.794928
-0.809852
-0.824243
-0.838092
-0.851391
-0.864130
-0.876300
-0.887895
-0.898906
-0.909326
-0.919148
-0.928366
-0.936974
-0.944966
-0.952336
-0.959081
-0.965195
-0.970674
-0.975516
-0.979716
-0.983272
-0.986182
-0.988443
-0.990054
-0.991015
-0.991324
-0.990982
-0.989988
-0.988343
-0.986049
-0.983106
-0.979517
-0.975284
-0.970410
-0.964898
-0.958752
-0.951975
-0.944573
-0.936549
-0.927910
-0.918661
-0.908809
-0.898358
-0.887317
-0.875693
-0.863493
-0.850725
-0.837399
-0.823521
-0.809103
-0.794152
-0.778679
-0.762695
-0.746209
-0.729232
-0.711776
-0.693853
-0.675473
-0.656649
-0.637393
-0.617718
-0.597637
-0.577164
-0.556311
-0.535092
-0.513521
-0.491613
-0.469382
-0.446842
-0.424009
-0.400896
-0.377520
-0.353896
-0.330039
-0.305966
-0.281691
-0.257231
-0.232602
-0.207820
-0.182901
-0.157862
-0.132720
-0.107490
-0.082189
-0.056835
-0.031443
-0.006030
0.019387
0.044790
0.070165
0.095493
0.120759
0.145945
0.171035
0.196013
0.220862
0.245565
0.270108
0.294472
0.318643
0.342605
0.366341
0.389837
0.413076
0.436044
0.458725
0.481105
0.503168
0.524900
0.546288
0.567316
0.587972
0.608240
0.628109
0.647565
0.666596
0.685188
0.703330
0.721009
0.738214
0.754934
0.771158
0.786875
0.802075
0.816747
0.830882
0.844471
0.857505
0.869976
0.881874
0.893193
0.903924
0.914061
0.923598
0.932527
0.940843
0.948541
0.955615
0.962061
0.967874
0.973051
0.977589
0.981484
0.984733
0.987335
0.989289
0.990591
0.991243
0.991243
0.990591
0.989289
0.987335
0.984733
0.981484
0.977589
0.973051
0.967874
0.962061
0.955615
0.948541
0.940843
0.932527
0.923598
0.914061
0.903924
0.893193
0.881874
0.869976
0.857505
0.844471
0.830882
0.816747
0.802075
0.786875
0.771158
0.754934
0.738214
0.721009
0.703330
0.685188
0.666596
0.647565
0.628109
0.608240
0.587972
0.567316
0.546288
0.524900
0.503168
0.481105
0.458725
0.436044
0.413076
0.389837
0.366341
0.342605
0.318643
0.294472
0.270108
0.245565
0.220862
0.196013
0.171035
0.145945
0.120759
0.095493
0.070165
0.044790
0.019387
-0.006030
-0.031443
-0.056835
-0.082189
-0.107490
-0.132720
-0.157862
-0.182901
-0.207820
-0.232602
-0.257231
-0.281691
-0.305966
-0.330039
-0.353896
-0.377520
-0.400896
-0.424009
-0.446842
-0.469382
-0.491613
-0.513521
-0.535092
-0.556311
-0.577164
-0.597637
-0.617718
-0.637393
-0.656649
-0.675473
-0.693853
-0.711776
-0.729232
-0.746209
-0.762695
-0.778679
-0.794152
-0.809103
-0.823521
-0.837399
-0.850725
-0.863493
-0.875693
-0.887317
-0.898358
-0.908809
-0.918661
-0.927910
-0.936549
-0.944573
-0.951975
-0.958752
-0.964898
-0.970410
-0.975284
-0.979517
-0.983106
-0.986049
-0.988343
-0.989988
-0.990982
-0.991324
-0.991015
-0.990054
-0.988443
-0.986182
-0.983272
-0.979716
-0.975516
-0.970674
-0.965195
-0.959081
-0.952336
-0.944966
-0.936974
-0.928366
-0.919148
-0.909326
-0.898906
-0.887895
-0.876300
-0.864130
-0.851391
-0.838092
-0.824243
-0.809852
-0.794928
-0.779482
-0.763523
-0.747063
-0.730111
-0.712679
-0.694779
-0.676422
-0.657620
-0.638386
-0.618733
-0.598672
-0.578219
-0.557385
-0.536184
-0.514631
-0.492740
-0.470525
-0.448000
-0.425181
-0.402083
-0.378720
-0.355108
-0.331263
-0.307200
-0.282935
-0.258484
-0.233863
-0.209089
-0.184177
-0.159143
-0.134006
-0.108780
-0.083482
-0.058130
-0.032740
-0.007328
0.018089
0.043494
0.068870
0.094201
0.119470
0.144661
0.169756
0.194740
0.219596
0.244308
0.268859
0.293233
0.317414
0.341387
0.365135
0.388643
0.411896
0.434878
0.457574
0.479969
0.502049
0.523799
0.545204
0.566251
0.586926
0.607215
0.627105
0.646582
0.665635
0.684249
0.702414
0.720118
0.737348
0.754093
0.770342
0.786085
0.801311
0.816011
0.830174
0.843791
0.856853
0.869353
0.881281
0.892629
0.903391
0.913558
0.923125
0.932086
0.940433
0.948163
0.955269
0.961747
0.967593
0.972802
0.977373
0.981300
0.984583
0.987218
0.989205
0.990541
0.991226
0.991259
0.990640
0.989371
0.987451
0.984882
0.981665
0.977803
0.973298
0.968154
0.962373
0.955959
0.948917
0.941251
0.932966
0.924068
0.914563
0.904456
0.893755
0.882466
0.870597
0.858156
0.845151
0.831589
0.817482
0.802837
0.787664
0.771973
0.755775
0.739080
0.721899
0.704244
0.686125
0.667556
0.648548
0.629113
0.609265
0.589016
0.568380
0.547370
0.526001
0.504286
0.482239
0.459875
0.437209
0.414256
0.391030
0.367547
0.343823
0.319872
0.295711
0.271356
0.246822
0.222127
0.197285
0.172313
0.147228
0.122047
0.096785
0.071459
0.046087
0.020684
-0.004732
-0.030145
-0.055539
-0.080896
-0.106199
-0.131433
-0.156581
-0.181625
-0.206551
-0.231340
-0.255977
-0.280446
-0.304731
-0.328815
-0.352684
-0.376320
-0.399709
-0.422835
-0.445683
-0.468238
-0.490486
-0.512411
-0.533999
-0.555236
-0.576108
-0.596601
-0.616703
-0.636398
-0.655676
-0.674522
-0.692925
-0.710872
-0.728352
-0.745354
-0.761865
-0.777875
-0.793374
-0.808352
-0.822798
-0.836703
-0.850058
-0.862855
-0.875084
-0.886738
-0.897817
-0.908334
-0.918291
-0.927668
-0.936432
-0.944551
-0.951994
-0.958729
-0.964725
-0.969950
-0.974376
-0.977973
-0.980713
-0.982570
-0.983520
-0.983538
-0.982604
-0.980698
-0.977804
-0.973906
-0.968992
-0.963052
-0.956080
-0.948071
-0.939023
-0.928939
-0.917824
-0.905684
-0.892532
-0.878381
-0.863248
-0.847154
-0.830123
-0.812179
-0.793354
-0.773678
-0.753186
-0.731916
-0.709908
-0.687203
-0.663846
-0.639881
-0.615358
-0.590325
-0.564831
-0.538930
-0.512672
-0.486110
-0.459298
-0.432288
-0.405134
-0.377887
-0.350601
-0.323327
-0.296113
-0.269010
-0.242065
-0.215323
-0.188830
-0.162626
-0.136753
-0.111248
-0.086147
-0.061483
-0.037287
-0.013587
0.009591
0.032223
0.054290
0.075773
0.096657
0.116929
0.136578
0.155596
0.173978
0.191720
0.208822
0.225282
0.241106
0.256296
0.270859
0.284803
0.298137
0.310871
0.323018
0.334589
0.345599
0.356061
0.365991
0.375404
0.384317
0.392744
0.400702
0.408209
0.415279
0.421929
0.428176
0.434034
0.439518
0.444645
0.449427
0.453879
0.458014
0.461844
0.465382
0.468638
0.471624
0.474349
0.476823
0.479054
0.481051
0.482820
0.484369
0.485703
0.486828
0.487750
0.488473
0.489001
0.489338
0.489508
0.489400
0.488541
0.486419
0.482862
0.477884
0.471499
0.463728
0.454594
0.444125
0.432351
0.419309
0.405036
0.389575
0.372971
0.355273
0.336532
0.316805
0.296148
0.274622
0.252291
0.229220
0.205477
0.181131
0.156253
0.130918
0.105198
0.079170
0.052909
0.026493
0.000000
##END
