##TITLE= xa
##JCAMP-DX= 5.00 Bruker JCAMP library
##DATA TYPE= Shape Data
##ORIGIN= Bruker Analytik GmbH
##OWNER= <nmrsu>
##DATE= xx
##TIME= xx
##MINX= 0
##MAXX= 1
##MINY= 0
##MAXY= 1
##$SHAPE_EXMODE= Gradient
##$SHAPE_TOTROT= 0
##$SHAPE_BWFAC= 0
##$SHAPE_INTEGFAC= 0
##$SHAPE_MODE= 0
##NPOINTS=480
##XYDATA= (X++(Y..Y))
-0.000000
-0.000000
-0.000000
-0.000000
-0.000000
-0.000000
-0.000000
-0.000000
-0.001334
-0.003048
-0.004763
-0.006477
-0.008192
-0.009906
-0.011621
-0.013335
-0.001886
-0.004311
-0.006735
-0.009160
-0.011585
-0.014009
-0.016434
-0.018859
-0.002310
-0.005279
-0.008249
-0.011219
-0.014188
-0.017158
-0.020127
-0.023097
0.000000
0.000000
0.000000
0.000000
0.000000
0.000000
0.000000
0.000000
0.004522
0.010337
0.016152
0.021966
0.027781
0.033595
0.039410
0.045225
0.006396
0.014619
0.022842
0.031065
0.039288
0.047511
0.055734
0.063957
0.007833
0.017904
0.027975
0.038047
0.048118
0.058189
0.068260
0.078331
0.000000
0.000000
0.000000
0.000000
0.000000
0.000000
0.000000
0.000000
0.043563
0.099572
0.155581
0.211590
0.267599
0.323609
0.379618
0.435627
0.061607
0.140816
0.220025
0.299234
0.378443
0.457652
0.536860
0.616069
0.075453
0.172464
0.269474
0.366485
0.463496
0.560506
0.657517
0.754528
0.000000
0.000000
0.000000
0.000000
0.000000
0.000000
0.000000
0.000000
0.004914
0.011231
0.017549
0.023866
0.030184
0.036501
0.042819
0.049136
0.006949
0.015883
0.024818
0.033752
0.042686
0.051621
0.060555
0.069489
0.008511
0.019453
0.030395
0.041338
0.052280
0.063222
0.074164
0.085107
-0.000000
-0.000000
-0.000000
-0.000000
-0.000000
-0.000000
-0.000000
-0.000000
-0.033246
-0.075991
-0.118736
-0.161480
-0.204225
-0.246970
-0.289715
-0.332459
-0.047017
-0.107467
-0.167917
-0.228368
-0.288818
-0.349268
-0.409718
-0.470169
-0.057584
-0.131620
-0.205656
-0.279692
-0.353728
-0.427764
-0.501801
-0.575837
0.000000
0.000000
0.000000
0.000000
0.000000
0.000000
0.000000
0.000000
0.005435
0.012422
0.019410
0.026397
0.033385
0.040372
0.047360
0.054347
0.007686
0.017568
0.027450
0.037331
0.047213
0.057095
0.066977
0.076859
0.009413
0.021516
0.033619
0.045721
0.057824
0.069927
0.082030
0.094132
-0.000000
-0.000000
-0.000000
-0.000000
-0.000000
-0.000000
-0.000000
-0.000000
-0.039851
-0.091088
-0.142324
-0.193561
-0.244798
-0.296035
-0.347272
-0.398509
-0.056358
-0.128817
-0.201277
-0.273737
-0.346197
-0.418657
-0.491116
-0.563576
-0.069024
-0.157768
-0.246513
-0.335258
-0.424003
-0.512747
-0.601492
-0.690237
0.000000
0.000000
0.000000
0.000000
0.000000
0.000000
0.000000
0.000000
0.048958
0.111905
0.174852
0.237798
0.300745
0.363691
0.426638
0.489585
0.069238
0.158258
0.247278
0.336297
0.425317
0.514337
0.603357
0.692377
0.084799
0.193825
0.302852
0.411879
0.520905
0.629932
0.738959
0.847985
0.000000
0.000000
0.000000
0.000000
0.000000
0.000000
0.000000
0.000000
0.018835
0.043051
0.067268
0.091484
0.115700
0.139917
0.164133
0.188350
0.026637
0.060884
0.095131
0.129378
0.163625
0.197872
0.232119
0.266367
0.032623
0.074567
0.116511
0.158455
0.200399
0.242343
0.284287
0.326231
0.000000
0.000000
0.000000
0.000000
0.000000
0.000000
0.000000
0.000000
0.000020
0.000046
0.000072
0.000097
0.000123
0.000149
0.000175
0.000201
0.000028
0.000065
0.000101
0.000138
0.000174
0.000211
0.000247
0.000284
0.000035
0.000079
0.000124
0.000169
0.000213
0.000258
0.000303
0.000347
-0.000000
-0.000000
-0.000000
-0.000000
-0.000000
-0.000000
-0.000000
-0.000000
-0.014664
-0.033517
-0.052370
-0.071224
-0.090077
-0.108931
-0.127784
-0.146637
-0.020738
-0.047400
-0.074063
-0.100726
-0.127388
-0.154051
-0.180714
-0.207376
-0.025398
-0.058053
-0.090708
-0.123363
-0.156018
-0.188673
-0.221328
-0.253983
-0.000000
-0.000000
-0.000000
-0.000000
-0.000000
-0.000000
-0.000000
-0.000000
-0.021609
-0.049391
-0.077174
-0.104956
-0.132739
-0.160521
-0.188304
-0.216086
-0.030559
-0.069850
-0.109140
-0.148431
-0.187721
-0.227011
-0.266302
-0.305592
-0.037427
-0.085548
-0.133669
-0.181790
-0.229910
-0.278031
-0.326152
-0.374273
-0.000000
-0.000000
-0.000000
-0.000000
-0.000000
-0.000000
-0.000000
-0.000000
-0.016353
-0.037377
-0.058402
-0.079426
-0.100451
-0.121476
-0.142500
-0.163525
-0.023126
-0.052859
-0.082593
-0.112326
-0.142059
-0.171793
-0.201526
-0.231259
-0.028323
-0.064739
-0.101155
-0.137571
-0.173986
-0.210402
-0.246818
-0.283234
-0.000000
-0.000000
-0.000000
-0.000000
-0.000000
-0.000000
-0.000000
-0.000000
-0.010160
-0.023222
-0.036284
-0.049346
-0.062409
-0.075471
-0.088533
-0.101595
-0.014368
-0.032841
-0.051313
-0.069786
-0.088259
-0.106732
-0.125205
-0.143678
-0.017597
-0.040221
-0.062846
-0.085470
-0.108095
-0.130719
-0.153344
-0.175968
0.000000
0.000000
0.000000
0.000000
0.000000
0.000000
0.000000
0.000000
0.023579
0.053894
0.084210
0.114525
0.144841
0.175156
0.205472
0.235787
0.033345
0.076218
0.119091
0.161963
0.204836
0.247709
0.290581
0.333454
0.040840
0.093348
0.145856
0.198364
0.250872
0.303380
0.355888
0.408396
##END
