##TITLE= xb
##JCAMP-DX= 5.00 Bruker JCAMP library
##DATA TYPE= Shape Data
##ORIGIN= Bruker Analytik GmbH
##OWNER= <nmrsu>
##DATE= xx
##TIME= xx
##MINX= 0
##MAXX= 1
##MINY= 0
##MAXY= 1
##$SHAPE_EXMODE= Gradient
##$SHAPE_TOTROT= 0
##$SHAPE_BWFAC= 0
##$SHAPE_INTEGFAC= 0
##$SHAPE_MODE= 0
##NPOINTS=480
##XYDATA= (X++(Y..Y))
-0.000000
-0.000000
-0.000000
-0.000000
-0.000000
-0.000000
-0.000000
-0.000000
-0.057646
-0.131762
-0.205878
-0.279994
-0.354110
-0.428226
-0.502342
-0.576458
-0.081524
-0.186339
-0.291155
-0.395971
-0.500787
-0.605603
-0.710419
-0.815235
-0.099845
-0.228218
-0.356591
-0.484964
-0.613337
-0.741709
-0.870082
-0.998455
-0.000000
-0.000000
-0.000000
-0.000000
-0.000000
-0.000000
-0.000000
-0.000000
-0.035672
-0.081536
-0.127400
-0.173264
-0.219128
-0.264992
-0.310856
-0.356720
-0.050448
-0.115309
-0.180171
-0.245032
-0.309894
-0.374755
-0.439617
-0.504478
-0.061786
-0.141225
-0.220663
-0.300102
-0.379541
-0.458980
-0.538419
-0.617857
-0.000000
-0.000000
-0.000000
-0.000000
-0.000000
-0.000000
-0.000000
-0.000000
-0.029952
-0.068461
-0.106970
-0.145479
-0.183989
-0.222498
-0.261007
-0.299517
-0.042358
-0.096818
-0.151279
-0.205739
-0.260199
-0.314660
-0.369120
-0.423580
-0.051878
-0.118578
-0.185278
-0.251978
-0.318678
-0.385378
-0.452078
-0.518778
-0.000000
-0.000000
-0.000000
-0.000000
-0.000000
-0.000000
-0.000000
-0.000000
-0.056491
-0.129122
-0.201754
-0.274385
-0.347016
-0.419648
-0.492279
-0.564911
-0.079890
-0.182607
-0.285323
-0.388039
-0.490755
-0.593472
-0.696188
-0.798904
-0.097845
-0.223647
-0.349448
-0.475249
-0.601050
-0.726851
-0.852653
-0.978454
-0.000000
-0.000000
-0.000000
-0.000000
-0.000000
-0.000000
-0.000000
-0.000000
-0.038709
-0.088479
-0.138248
-0.188017
-0.237786
-0.287556
-0.337325
-0.387094
-0.054743
-0.125128
-0.195512
-0.265896
-0.336281
-0.406665
-0.477049
-0.547434
-0.067047
-0.153249
-0.239452
-0.325655
-0.411858
-0.498061
-0.584264
-0.670466
-0.000000
-0.000000
-0.000000
-0.000000
-0.000000
-0.000000
-0.000000
-0.000000
-0.022492
-0.051411
-0.080329
-0.109248
-0.138167
-0.167085
-0.196004
-0.224922
-0.031809
-0.072706
-0.113603
-0.154500
-0.195397
-0.236294
-0.277191
-0.318088
-0.038958
-0.089046
-0.139135
-0.189223
-0.239312
-0.289400
-0.339489
-0.389577
-0.000000
-0.000000
-0.000000
-0.000000
-0.000000
-0.000000
-0.000000
-0.000000
-0.026030
-0.059496
-0.092963
-0.126430
-0.159896
-0.193363
-0.226830
-0.260296
-0.036811
-0.084141
-0.131470
-0.178799
-0.226128
-0.273457
-0.320786
-0.368115
-0.045085
-0.103051
-0.161017
-0.218983
-0.276949
-0.334915
-0.392881
-0.450847
-0.000000
-0.000000
-0.000000
-0.000000
-0.000000
-0.000000
-0.000000
-0.000000
-0.016045
-0.036673
-0.057302
-0.077931
-0.098559
-0.119188
-0.139817
-0.160446
-0.022690
-0.051864
-0.081037
-0.110211
-0.139384
-0.168558
-0.197731
-0.226904
-0.027790
-0.063520
-0.099250
-0.134980
-0.170710
-0.206440
-0.242170
-0.277900
0.000000
0.000000
0.000000
0.000000
0.000000
0.000000
0.000000
0.000000
0.042778
0.097778
0.152778
0.207778
0.262778
0.317778
0.372778
0.427778
0.060497
0.138279
0.216060
0.293842
0.371624
0.449405
0.527187
0.604969
0.074093
0.169356
0.264619
0.359881
0.455144
0.550407
0.645670
0.740932
0.000000
0.000000
0.000000
0.000000
0.000000
0.000000
0.000000
0.000000
0.057231
0.130815
0.204398
0.277981
0.351565
0.425148
0.498731
0.572315
0.080938
0.185000
0.289063
0.393125
0.497188
0.601250
0.705313
0.809375
0.099128
0.226578
0.354028
0.481478
0.608928
0.736378
0.863828
0.991278
0.000000
0.000000
0.000000
0.000000
0.000000
0.000000
0.000000
0.000000
0.027655
0.063212
0.098768
0.134325
0.169881
0.205438
0.240995
0.276551
0.039110
0.089395
0.139679
0.189964
0.240249
0.290533
0.340818
0.391102
0.047900
0.109486
0.171072
0.232657
0.294243
0.355829
0.417415
0.479001
0.000000
0.000000
0.000000
0.000000
0.000000
0.000000
0.000000
0.000000
0.051142
0.116895
0.182648
0.248402
0.314155
0.379909
0.445662
0.511416
0.072325
0.165315
0.258304
0.351293
0.444283
0.537272
0.630262
0.723251
0.088580
0.202468
0.316356
0.430245
0.544133
0.658021
0.771910
0.885798
0.000000
0.000000
0.000000
0.000000
0.000000
0.000000
0.000000
0.000000
0.013287
0.030371
0.047455
0.064539
0.081623
0.098706
0.115790
0.132874
0.018791
0.042951
0.067112
0.091272
0.115432
0.139592
0.163752
0.187912
0.023014
0.052604
0.082194
0.111784
0.141374
0.170964
0.200554
0.230145
0.000000
0.000000
0.000000
0.000000
0.000000
0.000000
0.000000
0.000000
0.056353
0.128808
0.201262
0.273717
0.346171
0.418625
0.491080
0.563534
0.079696
0.182162
0.284628
0.387094
0.489560
0.592026
0.694492
0.796958
0.097607
0.223102
0.348596
0.474091
0.599586
0.725080
0.850575
0.976070
0.000000
0.000000
0.000000
0.000000
0.000000
0.000000
0.000000
0.000000
0.031022
0.070907
0.110793
0.150678
0.190563
0.230449
0.270334
0.310219
0.043872
0.100278
0.156684
0.213091
0.269497
0.325904
0.382310
0.438716
0.053732
0.122815
0.191898
0.260982
0.330065
0.399149
0.468232
0.537316
##END
