##TITLE= yc
##JCAMP-DX= 5.00 Bruker JCAMP library
##DATA TYPE= Shape Data
##ORIGIN= Bruker Analytik GmbH
##OWNER= <nmrsu>
##DATE= xx
##TIME= xx
##MINX= 0
##MAXX= 1
##MINY= 0
##MAXY= 1
##$SHAPE_EXMODE= Gradient
##$SHAPE_TOTROT= 0
##$SHAPE_BWFAC= 0
##$SHAPE_INTEGFAC= 0
##$SHAPE_MODE= 0
##NPOINTS=480
##XYDATA= (X++(Y..Y))
0.090812
0.207570
0.324328
0.441086
0.557845
0.674603
0.791361
0.908119
0.074148
0.169480
0.264813
0.360146
0.455478
0.550811
0.646144
0.741476
0.052430
0.119841
0.187251
0.254661
0.322072
0.389482
0.456892
0.524303
0.000000
0.000000
0.000000
0.000000
0.000000
0.000000
0.000000
0.000000
0.061478
0.140522
0.219566
0.298609
0.377653
0.456697
0.535740
0.614784
0.050197
0.114736
0.179275
0.243813
0.308352
0.372891
0.437430
0.501969
0.035495
0.081130
0.126766
0.172402
0.218038
0.263674
0.309310
0.354946
0.000000
0.000000
0.000000
0.000000
0.000000
0.000000
0.000000
0.000000
0.024391
0.055750
0.087110
0.118469
0.149829
0.181188
0.212548
0.243907
0.019915
0.045520
0.071125
0.096730
0.122335
0.147940
0.173545
0.199149
0.014082
0.032187
0.050293
0.068398
0.086504
0.104609
0.122715
0.140820
0.000000
0.000000
0.000000
0.000000
0.000000
0.000000
0.000000
0.000000
0.089146
0.203762
0.318379
0.432995
0.547611
0.662227
0.776844
0.891460
0.072787
0.166371
0.259955
0.353539
0.447123
0.540706
0.634290
0.727874
0.051468
0.117642
0.183816
0.249990
0.316163
0.382337
0.448511
0.514685
0.000000
0.000000
0.000000
0.000000
0.000000
0.000000
0.000000
0.000000
0.042278
0.096636
0.150994
0.205352
0.259710
0.314068
0.368426
0.422784
0.034520
0.078903
0.123286
0.167669
0.212052
0.256435
0.300818
0.345201
0.024409
0.055793
0.087177
0.118560
0.149944
0.181327
0.212711
0.244094
0.000000
0.000000
0.000000
0.000000
0.000000
0.000000
0.000000
0.000000
0.038754
0.088580
0.138406
0.188232
0.238058
0.287884
0.337711
0.387537
0.031642
0.072325
0.113008
0.153691
0.194374
0.235057
0.275740
0.316422
0.022374
0.051142
0.079909
0.108676
0.137443
0.166210
0.194977
0.223744
0.000000
0.000000
0.000000
0.000000
0.000000
0.000000
0.000000
0.000000
0.028586
0.065340
0.102094
0.138847
0.175601
0.212355
0.249108
0.285862
0.023341
0.053350
0.083359
0.113368
0.143378
0.173387
0.203396
0.233405
0.016504
0.037724
0.058944
0.080164
0.101383
0.122603
0.143823
0.165043
0.000000
0.000000
0.000000
0.000000
0.000000
0.000000
0.000000
0.000000
0.013057
0.029844
0.046631
0.063418
0.080205
0.096992
0.113779
0.130566
0.010661
0.024367
0.038074
0.051780
0.065487
0.079193
0.092900
0.106606
0.007538
0.017230
0.026922
0.036614
0.046306
0.055998
0.065690
0.075382
0.000000
0.000000
0.000000
0.000000
0.000000
0.000000
0.000000
0.000000
-0.064764
-0.148032
-0.231300
-0.314568
-0.397836
-0.481104
-0.564372
-0.647641
-0.052880
-0.120868
-0.188856
-0.256844
-0.324832
-0.392820
-0.460808
-0.528796
-0.037392
-0.085466
-0.133541
-0.181616
-0.229691
-0.277766
-0.325841
-0.373915
-0.000000
-0.000000
-0.000000
-0.000000
-0.000000
-0.000000
-0.000000
-0.000000
-0.099127
-0.226577
-0.354027
-0.481476
-0.608926
-0.736376
-0.863825
-0.991275
-0.080937
-0.184999
-0.289062
-0.393124
-0.497186
-0.601248
-0.705310
-0.809373
-0.057231
-0.130814
-0.204397
-0.277981
-0.351564
-0.425147
-0.498730
-0.572313
-0.000000
-0.000000
-0.000000
-0.000000
-0.000000
-0.000000
-0.000000
-0.000000
-0.045851
-0.104803
-0.163755
-0.222706
-0.281658
-0.340609
-0.399561
-0.458513
-0.037437
-0.085571
-0.133705
-0.181839
-0.229973
-0.278106
-0.326240
-0.374374
-0.026472
-0.060508
-0.094544
-0.128579
-0.162615
-0.196651
-0.230687
-0.264722
-0.000000
-0.000000
-0.000000
-0.000000
-0.000000
-0.000000
-0.000000
-0.000000
-0.052372
-0.119706
-0.187041
-0.254376
-0.321711
-0.389046
-0.456381
-0.523716
-0.042761
-0.097740
-0.152719
-0.207697
-0.262676
-0.317655
-0.372634
-0.427612
-0.030237
-0.069113
-0.107988
-0.146864
-0.185740
-0.224616
-0.263492
-0.302368
-0.000000
-0.000000
-0.000000
-0.000000
-0.000000
-0.000000
-0.000000
-0.000000
-0.022018
-0.050327
-0.078636
-0.106945
-0.135254
-0.163563
-0.191872
-0.220181
-0.017978
-0.041092
-0.064206
-0.087320
-0.110435
-0.133549
-0.156663
-0.179777
-0.012712
-0.029056
-0.045401
-0.061745
-0.078089
-0.094433
-0.110778
-0.127122
-0.000000
-0.000000
-0.000000
-0.000000
-0.000000
-0.000000
-0.000000
-0.000000
-0.057347
-0.131078
-0.204809
-0.278540
-0.352271
-0.426003
-0.499734
-0.573465
-0.046823
-0.107025
-0.167226
-0.227427
-0.287628
-0.347830
-0.408031
-0.468232
-0.033109
-0.075678
-0.118247
-0.160815
-0.203384
-0.245953
-0.288522
-0.331090
-0.000000
-0.000000
-0.000000
-0.000000
-0.000000
-0.000000
-0.000000
-0.000000
-0.047012
-0.107455
-0.167899
-0.228343
-0.288786
-0.349230
-0.409674
-0.470117
-0.038385
-0.087737
-0.137089
-0.186441
-0.235793
-0.285145
-0.334497
-0.383849
-0.027142
-0.062039
-0.096937
-0.131834
-0.166731
-0.201628
-0.236525
-0.271422
-0.000000
-0.000000
-0.000000
-0.000000
-0.000000
-0.000000
-0.000000
-0.000000
##END
