##TITLE= dor5 radial a cnst1=100
##JCAMP-DX= 5.00 Bruker JCAMP library
##DATA TYPE= Shape Data
##ORIGIN= Bruker Analytik GmbH
##OWNER= <nmrsu>
##DATE= xx
##TIME= xx
##MINX= 0
##MAXX= 1
##MINY= 0
##MAXY= 1
##$SHAPE_EXMODE= Gradient
##$SHAPE_TOTROT= 0
##$SHAPE_BWFAC= 0
##$SHAPE_INTEGFAC= 0
##$SHAPE_MODE= 0
##NPOINTS=1000
##XYDATA= (X++(Y..Y))
0.000000
0.009353
0.018679
0.027951
0.037140
0.046220
0.055165
0.063948
0.072543
0.080926
0.089071
0.096955
0.104554
0.111847
0.118812
0.125428
0.131676
0.137538
0.142996
0.148034
0.152637
0.156791
0.160484
0.163704
0.166440
0.168684
0.170428
0.171664
0.172387
0.172656
0.172650
0.172533
0.172341
0.172064
0.171695
0.171230
0.170663
0.169985
0.169190
0.168270
0.167214
0.166012
0.164655
0.163129
0.161422
0.159520
0.157408
0.155072
0.152494
0.149658
0.146546
0.143138
0.139417
0.135362
0.130953
0.126169
0.120989
0.115394
0.109361
0.102871
0.095904
0.088439
0.080459
0.071944
0.062880
0.053251
0.043044
0.032247
0.020851
0.008849
-0.003763
-0.016987
-0.030819
-0.045256
-0.060288
-0.075904
-0.092085
-0.108813
-0.126061
-0.143801
-0.162000
-0.180618
-0.199614
-0.218940
-0.238545
-0.258372
-0.278361
-0.298448
-0.318564
-0.338638
-0.358595
-0.378355
-0.397840
-0.416964
-0.435645
-0.453795
-0.471328
-0.488156
-0.504193
-0.519352
-0.533550
-0.546702
-0.558729
-0.569554
-0.579102
-0.587306
-0.594099
-0.599423
-0.603223
-0.605452
-0.606068
-0.605035
-0.602327
-0.597923
-0.591808
-0.583978
-0.574434
-0.563184
-0.550246
-0.535644
-0.519409
-0.501578
-0.482196
-0.461316
-0.438993
-0.415290
-0.390276
-0.364023
-0.336608
-0.308112
-0.278618
-0.248214
-0.216987
-0.185028
-0.152429
-0.119282
-0.085679
-0.051711
-0.017470
0.016955
0.051475
0.086005
0.120461
0.154762
0.188830
0.222591
0.255973
0.288909
0.321333
0.353194
0.384456
0.415082
0.445016
0.474200
0.502571
0.530074
0.556649
0.582244
0.606804
0.630278
0.652617
0.673775
0.693705
0.712365
0.729716
0.745720
0.760340
0.773546
0.785306
0.795595
0.804387
0.811660
0.817398
0.821583
0.824204
0.825250
0.824716
0.822596
0.818892
0.813606
0.806742
0.798310
0.788322
0.776792
0.763738
0.749181
0.733144
0.715653
0.696739
0.676432
0.654769
0.631786
0.607524
0.582024
0.555334
0.527499
0.498569
0.468597
0.437635
0.405742
0.372973
0.339388
0.305050
0.270020
0.234363
0.198145
0.161431
0.124291
0.086792
0.049003
0.010996
-0.027159
-0.065392
-0.103631
-0.141804
-0.179840
-0.217668
-0.255216
-0.292415
-0.329194
-0.365484
-0.401217
-0.436324
-0.470739
-0.504397
-0.537234
-0.569188
-0.600198
-0.630204
-0.659148
-0.686977
-0.713635
-0.739072
-0.763238
-0.786087
-0.807574
-0.827657
-0.846297
-0.863458
-0.879105
-0.893207
-0.905736
-0.916666
-0.925976
-0.933645
-0.939657
-0.943999
-0.946660
-0.947634
-0.946916
-0.944506
-0.940407
-0.934622
-0.927162
-0.918038
-0.907264
-0.894859
-0.880844
-0.865243
-0.848082
-0.829391
-0.809204
-0.787556
-0.764484
-0.740031
-0.714239
-0.687154
-0.658826
-0.629304
-0.598642
-0.566895
-0.534120
-0.500377
-0.465725
-0.430228
-0.393951
-0.356958
-0.319317
-0.281096
-0.242364
-0.203192
-0.163651
-0.123812
-0.083749
-0.043533
-0.003238
0.037063
0.077297
0.117389
0.157269
0.196863
0.236099
0.274906
0.313214
0.350953
0.388055
0.424452
0.460078
0.494870
0.528763
0.561698
0.593614
0.624454
0.654163
0.682686
0.709974
0.735977
0.760648
0.783944
0.805824
0.826248
0.845182
0.862590
0.878444
0.892716
0.905381
0.916418
0.925808
0.933537
0.939591
0.943962
0.946643
0.947633
0.946930
0.944540
0.940467
0.934723
0.927319
0.918272
0.907600
0.895327
0.881475
0.866075
0.849155
0.830750
0.810896
0.789631
0.766998
0.743041
0.717805
0.691339
0.663696
0.634926
0.605087
0.574235
0.542429
0.509729
0.476199
0.441900
0.406900
0.371264
0.335059
0.298354
0.261217
0.223720
0.185932
0.147925
0.109769
0.071536
0.033298
-0.004875
-0.042911
-0.080739
-0.118289
-0.155492
-0.192279
-0.228581
-0.264333
-0.299468
-0.333921
-0.367631
-0.400535
-0.432573
-0.463688
-0.493823
-0.522924
-0.550938
-0.577816
-0.603510
-0.627974
-0.651165
-0.673043
-0.693569
-0.712710
-0.730431
-0.746704
-0.761500
-0.774797
-0.786574
-0.796810
-0.805493
-0.812609
-0.818150
-0.822108
-0.824482
-0.825271
-0.824478
-0.822110
-0.818175
-0.812686
-0.805658
-0.797109
-0.787059
-0.775533
-0.762558
-0.748162
-0.732379
-0.715242
-0.696789
-0.677060
-0.656097
-0.633945
-0.610649
-0.586260
-0.560829
-0.534407
-0.507050
-0.478814
-0.449757
-0.419939
-0.389420
-0.358263
-0.326532
-0.294289
-0.261602
-0.228534
-0.195154
-0.161529
-0.127724
-0.093810
-0.059852
-0.025919
0.007922
0.041603
0.075058
0.108220
0.141023
0.173404
0.205298
0.236642
0.267376
0.297438
0.326770
0.355314
0.383016
0.409821
0.435677
0.460534
0.484345
0.507063
0.528646
0.549051
0.568240
0.586177
0.602827
0.618161
0.632149
0.644765
0.655987
0.665794
0.674170
0.681099
0.686571
0.690576
0.693110
0.694169
0.693754
0.691869
0.688519
0.683713
0.677464
0.669787
0.660700
0.650223
0.638380
0.625197
0.610703
0.594929
0.577910
0.559682
0.540284
0.519757
0.498145
0.475494
0.451851
0.427267
0.401792
0.375481
0.348387
0.320570
0.292085
0.262993
0.233354
0.203230
0.172683
0.141778
0.110578
0.079149
0.047555
0.015863
-0.015863
-0.047555
-0.079149
-0.110578
-0.141778
-0.172683
-0.203230
-0.233354
-0.262993
-0.292085
-0.320570
-0.348387
-0.375481
-0.401792
-0.427267
-0.451851
-0.475494
-0.498145
-0.519757
-0.540284
-0.559682
-0.577910
-0.594929
-0.610703
-0.625197
-0.638380
-0.650223
-0.660700
-0.669787
-0.677464
-0.683713
-0.688519
-0.691869
-0.693754
-0.694169
-0.693110
-0.690576
-0.686571
-0.681099
-0.674170
-0.665794
-0.655987
-0.644765
-0.632149
-0.618161
-0.602827
-0.586177
-0.568240
-0.549051
-0.528646
-0.507063
-0.484345
-0.460534
-0.435677
-0.409821
-0.383016
-0.355314
-0.326770
-0.297438
-0.267376
-0.236642
-0.205298
-0.173404
-0.141023
-0.108220
-0.075058
-0.041603
-0.007922
0.025919
0.059852
0.093810
0.127724
0.161529
0.195154
0.228534
0.261602
0.294289
0.326532
0.358263
0.389420
0.419939
0.449757
0.478814
0.507050
0.534407
0.560829
0.586260
0.610649
0.633945
0.656097
0.677060
0.696789
0.715242
0.732379
0.748162
0.762558
0.775533
0.787059
0.797109
0.805658
0.812686
0.818175
0.822110
0.824478
0.825271
0.824482
0.822108
0.818150
0.812609
0.805493
0.796810
0.786574
0.774797
0.761500
0.746704
0.730431
0.712710
0.693569
0.673043
0.651165
0.627974
0.603510
0.577816
0.550938
0.522924
0.493823
0.463688
0.432573
0.400535
0.367631
0.333921
0.299468
0.264333
0.228581
0.192279
0.155492
0.118289
0.080739
0.042911
0.004875
-0.033298
-0.071536
-0.109769
-0.147925
-0.185932
-0.223720
-0.261217
-0.298354
-0.335059
-0.371264
-0.406900
-0.441900
-0.476199
-0.509729
-0.542429
-0.574235
-0.605087
-0.634926
-0.663696
-0.691339
-0.717805
-0.743041
-0.766998
-0.789631
-0.810896
-0.830750
-0.849155
-0.866075
-0.881475
-0.895327
-0.907600
-0.918272
-0.927319
-0.934723
-0.940467
-0.944540
-0.946930
-0.947633
-0.946643
-0.943962
-0.939591
-0.933537
-0.925808
-0.916418
-0.905381
-0.892716
-0.878444
-0.862590
-0.845182
-0.826248
-0.805824
-0.783944
-0.760648
-0.735977
-0.709974
-0.682686
-0.654163
-0.624454
-0.593614
-0.561698
-0.528763
-0.494870
-0.460078
-0.424452
-0.388055
-0.350953
-0.313214
-0.274906
-0.236099
-0.196863
-0.157269
-0.117389
-0.077297
-0.037063
0.003238
0.043533
0.083749
0.123812
0.163651
0.203192
0.242364
0.281096
0.319317
0.356958
0.393951
0.430228
0.465725
0.500377
0.534120
0.566895
0.598642
0.629304
0.658826
0.687154
0.714239
0.740031
0.764484
0.787556
0.809204
0.829391
0.848082
0.865243
0.880844
0.894859
0.907264
0.918038
0.927162
0.934622
0.940407
0.944506
0.946916
0.947634
0.946660
0.943999
0.939657
0.933645
0.925976
0.916666
0.905736
0.893207
0.879105
0.863458
0.846297
0.827657
0.807574
0.786087
0.763238
0.739072
0.713635
0.686977
0.659148
0.630204
0.600198
0.569188
0.537234
0.504397
0.470739
0.436324
0.401217
0.365484
0.329194
0.292415
0.255216
0.217668
0.179840
0.141804
0.103631
0.065392
0.027159
-0.010996
-0.049003
-0.086792
-0.124291
-0.161431
-0.198145
-0.234363
-0.270020
-0.305050
-0.339388
-0.372973
-0.405742
-0.437635
-0.468597
-0.498569
-0.527499
-0.555334
-0.582024
-0.607524
-0.631786
-0.654769
-0.676432
-0.696739
-0.715653
-0.733144
-0.749181
-0.763738
-0.776792
-0.788322
-0.798310
-0.806742
-0.813606
-0.818892
-0.822596
-0.824716
-0.825250
-0.824204
-0.821583
-0.817398
-0.811660
-0.804387
-0.795595
-0.785306
-0.773546
-0.760340
-0.745720
-0.729716
-0.712365
-0.693705
-0.673775
-0.652617
-0.630278
-0.606804
-0.582244
-0.556649
-0.530074
-0.502571
-0.474200
-0.445016
-0.415082
-0.384456
-0.353194
-0.321333
-0.288909
-0.255973
-0.222591
-0.188830
-0.154762
-0.120461
-0.086005
-0.051475
-0.016955
0.017470
0.051711
0.085679
0.119282
0.152429
0.185028
0.216987
0.248214
0.278618
0.308112
0.336608
0.364023
0.390276
0.415290
0.438993
0.461316
0.482196
0.501578
0.519409
0.535644
0.550246
0.563184
0.574434
0.583978
0.591808
0.597923
0.602327
0.605035
0.606068
0.605452
0.603223
0.599423
0.594099
0.587306
0.579102
0.569554
0.558729
0.546702
0.533550
0.519352
0.504193
0.488156
0.471328
0.453795
0.435645
0.416964
0.397840
0.378355
0.358595
0.338638
0.318564
0.298448
0.278361
0.258372
0.238545
0.218940
0.199614
0.180618
0.162000
0.143801
0.126061
0.108813
0.092085
0.075904
0.060288
0.045256
0.030819
0.016987
0.003763
-0.008849
-0.020851
-0.032247
-0.043044
-0.053251
-0.062880
-0.071944
-0.080459
-0.088439
-0.095904
-0.102871
-0.109361
-0.115394
-0.120989
-0.126169
-0.130953
-0.135362
-0.139417
-0.143138
-0.146546
-0.149658
-0.152494
-0.155072
-0.157408
-0.159520
-0.161422
-0.163129
-0.164655
-0.166012
-0.167214
-0.168270
-0.169190
-0.169985
-0.170663
-0.171230
-0.171695
-0.172064
-0.172341
-0.172533
-0.172650
-0.172656
-0.172387
-0.171664
-0.170428
-0.168684
-0.166440
-0.163704
-0.160484
-0.156791
-0.152637
-0.148034
-0.142996
-0.137538
-0.131676
-0.125428
-0.118812
-0.111847
-0.104554
-0.096955
-0.089071
-0.080926
-0.072543
-0.063948
-0.055165
-0.046220
-0.037140
-0.027951
-0.018679
-0.009353
0.000000
##END
