##TITLE= dor5 radial b cnst1=100
##JCAMP-DX= 5.00 Bruker JCAMP library
##DATA TYPE= Shape Data
##ORIGIN= Bruker Analytik GmbH
##OWNER= <nmrsu>
##DATE= xx
##TIME= xx
##MINX= 0
##MAXX= 1
##MINY= 0
##MAXY= 1
##$SHAPE_EXMODE= Gradient
##$SHAPE_TOTROT= 0
##$SHAPE_BWFAC= 0
##$SHAPE_INTEGFAC= 0
##$SHAPE_MODE= 0
##NPOINTS=1000
##XYDATA= (X++(Y..Y))
0.000000
0.000000
0.000000
0.000000
0.000000
0.000001
0.000003
0.000007
0.000015
0.000029
0.000053
0.000092
0.000152
0.000239
0.000363
0.000535
0.000767
0.001072
0.001467
0.001967
0.002591
0.003357
0.004285
0.005393
0.006700
0.008225
0.009983
0.011990
0.014258
0.016797
0.019623
0.022751
0.026195
0.029970
0.034087
0.038558
0.043394
0.048604
0.054197
0.060181
0.066563
0.073348
0.080539
0.088141
0.096152
0.104574
0.113404
0.122638
0.132270
0.142292
0.152695
0.163466
0.174590
0.186052
0.197833
0.209910
0.222259
0.234854
0.247666
0.260662
0.273806
0.287062
0.300389
0.313743
0.327077
0.340344
0.353491
0.366463
0.379205
0.391657
0.403758
0.415444
0.426651
0.437312
0.447358
0.456722
0.465334
0.473124
0.480022
0.485960
0.490868
0.494680
0.497332
0.498760
0.498904
0.497707
0.495117
0.491084
0.485564
0.478519
0.469914
0.459722
0.447922
0.434500
0.419447
0.402765
0.384460
0.364548
0.343052
0.320002
0.295439
0.269409
0.241966
0.213173
0.183100
0.151823
0.119428
0.086004
0.051646
0.016458
-0.019455
-0.055982
-0.093007
-0.130413
-0.168079
-0.205884
-0.243705
-0.281417
-0.318898
-0.356026
-0.392680
-0.428741
-0.464096
-0.498632
-0.532241
-0.564822
-0.596276
-0.626510
-0.655440
-0.682985
-0.709070
-0.733631
-0.756606
-0.777943
-0.797595
-0.815525
-0.831701
-0.846097
-0.858696
-0.869485
-0.878461
-0.885623
-0.890979
-0.894541
-0.896325
-0.896355
-0.894656
-0.891260
-0.886199
-0.879509
-0.871221
-0.861357
-0.849941
-0.836996
-0.822552
-0.806639
-0.789292
-0.770545
-0.750439
-0.729014
-0.706315
-0.682387
-0.657280
-0.631043
-0.603730
-0.575395
-0.546095
-0.515887
-0.484832
-0.452991
-0.420427
-0.387204
-0.353387
-0.319042
-0.284236
-0.249037
-0.213514
-0.177735
-0.141770
-0.105688
-0.069560
-0.033453
0.002561
0.038415
0.074039
0.109365
0.144327
0.178857
0.212889
0.246361
0.279207
0.311367
0.342780
0.373387
0.403130
0.431955
0.459808
0.486637
0.512393
0.537028
0.560498
0.582760
0.603774
0.623503
0.641910
0.658964
0.674635
0.688897
0.701724
0.713096
0.722994
0.731403
0.738311
0.743707
0.747586
0.749944
0.750780
0.750097
0.747900
0.744198
0.739002
0.732327
0.724190
0.714611
0.703613
0.691221
0.677465
0.662374
0.645984
0.628330
0.609451
0.589388
0.568183
0.545884
0.522538
0.498193
0.472903
0.446719
0.419698
0.391896
0.363372
0.334184
0.304394
0.274064
0.243257
0.212036
0.180466
0.148612
0.116541
0.084317
0.052007
0.019679
-0.012603
-0.044771
-0.076760
-0.108505
-0.139940
-0.171001
-0.201625
-0.231749
-0.261312
-0.290254
-0.318516
-0.346040
-0.372769
-0.398651
-0.423632
-0.447661
-0.470690
-0.492672
-0.513562
-0.533319
-0.551900
-0.569270
-0.585393
-0.600237
-0.613770
-0.625966
-0.636801
-0.646251
-0.654298
-0.660926
-0.666121
-0.669873
-0.672175
-0.673020
-0.672409
-0.670341
-0.666822
-0.661858
-0.655459
-0.647639
-0.638412
-0.627799
-0.615820
-0.602500
-0.587865
-0.571945
-0.554773
-0.536384
-0.516814
-0.496103
-0.474293
-0.451429
-0.427558
-0.402726
-0.376986
-0.350388
-0.322989
-0.294842
-0.266005
-0.236538
-0.206500
-0.175952
-0.144956
-0.113577
-0.081878
-0.049924
-0.017780
0.014488
0.046814
0.079131
0.111373
0.143473
0.175366
0.206986
0.238268
0.269146
0.299557
0.329438
0.358726
0.387361
0.415283
0.442434
0.468755
0.494193
0.518693
0.542203
0.564674
0.586057
0.606307
0.625379
0.643232
0.659828
0.675130
0.689102
0.701715
0.712939
0.722748
0.731118
0.738029
0.743464
0.747406
0.749845
0.750772
0.750180
0.748067
0.744433
0.739280
0.732614
0.724446
0.714786
0.703649
0.691054
0.677022
0.661576
0.644742
0.626550
0.607031
0.586221
0.564157
0.540878
0.516427
0.490848
0.464188
0.436496
0.407824
0.378224
0.347752
0.316465
0.284421
0.251681
0.218306
0.184359
0.149904
0.115008
0.079736
0.044155
0.008334
-0.027660
-0.063756
-0.099886
-0.135980
-0.171968
-0.207782
-0.243351
-0.278606
-0.313480
-0.347903
-0.381810
-0.415133
-0.447807
-0.479769
-0.510954
-0.541302
-0.570752
-0.599246
-0.626727
-0.653140
-0.678432
-0.702553
-0.725452
-0.747085
-0.767406
-0.786373
-0.803948
-0.820094
-0.834776
-0.847963
-0.859627
-0.869742
-0.878285
-0.885236
-0.890578
-0.894297
-0.896383
-0.896828
-0.895627
-0.892778
-0.888284
-0.882148
-0.874379
-0.864987
-0.853986
-0.841394
-0.827230
-0.811518
-0.794282
-0.775553
-0.755362
-0.733743
-0.710734
-0.686374
-0.660707
-0.633776
-0.605630
-0.576318
-0.545892
-0.514407
-0.481918
-0.448484
-0.414165
-0.379023
-0.343120
-0.306522
-0.269295
-0.231506
-0.193225
-0.154519
-0.115461
-0.076121
-0.036570
0.003118
0.042872
0.082618
0.122285
0.161798
0.201086
0.240077
0.278700
0.316882
0.354554
0.391646
0.428091
0.463821
0.498770
0.532875
0.566071
0.598298
0.629496
0.659607
0.688577
0.716351
0.742879
0.768110
0.791999
0.814501
0.835575
0.855181
0.873284
0.889849
0.904847
0.918249
0.930031
0.940170
0.948648
0.955450
0.960562
0.963976
0.965684
0.965684
0.963976
0.960562
0.955450
0.948648
0.940170
0.930031
0.918249
0.904847
0.889849
0.873284
0.855181
0.835575
0.814501
0.791999
0.768110
0.742879
0.716351
0.688577
0.659607
0.629496
0.598298
0.566071
0.532875
0.498770
0.463821
0.428091
0.391646
0.354554
0.316882
0.278700
0.240077
0.201086
0.161798
0.122285
0.082618
0.042872
0.003118
-0.036570
-0.076121
-0.115461
-0.154519
-0.193225
-0.231506
-0.269295
-0.306522
-0.343120
-0.379023
-0.414165
-0.448484
-0.481918
-0.514407
-0.545892
-0.576318
-0.605630
-0.633776
-0.660707
-0.686374
-0.710734
-0.733743
-0.755362
-0.775553
-0.794282
-0.811518
-0.827230
-0.841394
-0.853986
-0.864987
-0.874379
-0.882148
-0.888284
-0.892778
-0.895627
-0.896828
-0.896383
-0.894297
-0.890578
-0.885236
-0.878285
-0.869742
-0.859627
-0.847963
-0.834776
-0.820094
-0.803948
-0.786373
-0.767406
-0.747085
-0.725452
-0.702553
-0.678432
-0.653140
-0.626727
-0.599246
-0.570752
-0.541302
-0.510954
-0.479769
-0.447807
-0.415133
-0.381810
-0.347903
-0.313480
-0.278606
-0.243351
-0.207782
-0.171968
-0.135980
-0.099886
-0.063756
-0.027660
0.008334
0.044155
0.079736
0.115008
0.149904
0.184359
0.218306
0.251681
0.284421
0.316465
0.347752
0.378224
0.407824
0.436496
0.464188
0.490848
0.516427
0.540878
0.564157
0.586221
0.607031
0.626550
0.644742
0.661576
0.677022
0.691054
0.703649
0.714786
0.724446
0.732614
0.739280
0.744433
0.748067
0.750180
0.750772
0.749845
0.747406
0.743464
0.738029
0.731118
0.722748
0.712939
0.701715
0.689102
0.675130
0.659828
0.643232
0.625379
0.606307
0.586057
0.564674
0.542203
0.518693
0.494193
0.468755
0.442434
0.415283
0.387361
0.358726
0.329438
0.299557
0.269146
0.238268
0.206986
0.175366
0.143473
0.111373
0.079131
0.046814
0.014488
-0.017780
-0.049924
-0.081878
-0.113577
-0.144956
-0.175952
-0.206500
-0.236538
-0.266005
-0.294842
-0.322989
-0.350388
-0.376986
-0.402726
-0.427558
-0.451429
-0.474293
-0.496103
-0.516814
-0.536384
-0.554773
-0.571945
-0.587865
-0.602500
-0.615820
-0.627799
-0.638412
-0.647639
-0.655459
-0.661858
-0.666822
-0.670341
-0.672409
-0.673020
-0.672175
-0.669873
-0.666121
-0.660926
-0.654298
-0.646251
-0.636801
-0.625966
-0.613770
-0.600237
-0.585393
-0.569270
-0.551900
-0.533319
-0.513562
-0.492672
-0.470690
-0.447661
-0.423632
-0.398651
-0.372769
-0.346040
-0.318516
-0.290254
-0.261312
-0.231749
-0.201625
-0.171001
-0.139940
-0.108505
-0.076760
-0.044771
-0.012603
0.019679
0.052007
0.084317
0.116541
0.148612
0.180466
0.212036
0.243257
0.274064
0.304394
0.334184
0.363372
0.391896
0.419698
0.446719
0.472903
0.498193
0.522538
0.545884
0.568183
0.589388
0.609451
0.628330
0.645984
0.662374
0.677465
0.691221
0.703613
0.714611
0.724190
0.732327
0.739002
0.744198
0.747900
0.750097
0.750780
0.749944
0.747586
0.743707
0.738311
0.731403
0.722994
0.713096
0.701724
0.688897
0.674635
0.658964
0.641910
0.623503
0.603774
0.582760
0.560498
0.537028
0.512393
0.486637
0.459808
0.431955
0.403130
0.373387
0.342780
0.311367
0.279207
0.246361
0.212889
0.178857
0.144327
0.109365
0.074039
0.038415
0.002561
-0.033453
-0.069560
-0.105688
-0.141770
-0.177735
-0.213514
-0.249037
-0.284236
-0.319042
-0.353387
-0.387204
-0.420427
-0.452991
-0.484832
-0.515887
-0.546095
-0.575395
-0.603730
-0.631043
-0.657280
-0.682387
-0.706315
-0.729014
-0.750439
-0.770545
-0.789292
-0.806639
-0.822552
-0.836996
-0.849941
-0.861357
-0.871221
-0.879509
-0.886199
-0.891260
-0.894656
-0.896355
-0.896325
-0.894541
-0.890979
-0.885623
-0.878461
-0.869485
-0.858696
-0.846097
-0.831701
-0.815525
-0.797595
-0.777943
-0.756606
-0.733631
-0.709070
-0.682985
-0.655440
-0.626510
-0.596276
-0.564822
-0.532241
-0.498632
-0.464096
-0.428741
-0.392680
-0.356026
-0.318898
-0.281417
-0.243705
-0.205884
-0.168079
-0.130413
-0.093007
-0.055982
-0.019455
0.016458
0.051646
0.086004
0.119428
0.151823
0.183100
0.213173
0.241966
0.269409
0.295439
0.320002
0.343052
0.364548
0.384460
0.402765
0.419447
0.434500
0.447922
0.459722
0.469914
0.478519
0.485564
0.491084
0.495117
0.497707
0.498904
0.498760
0.497332
0.494680
0.490868
0.485960
0.480022
0.473124
0.465334
0.456722
0.447358
0.437312
0.426651
0.415444
0.403758
0.391657
0.379205
0.366463
0.353491
0.340344
0.327077
0.313743
0.300389
0.287062
0.273806
0.260662
0.247666
0.234854
0.222259
0.209910
0.197833
0.186052
0.174590
0.163466
0.152695
0.142292
0.132270
0.122638
0.113404
0.104574
0.096152
0.088141
0.080539
0.073348
0.066563
0.060181
0.054197
0.048604
0.043394
0.038558
0.034087
0.029970
0.026195
0.022751
0.019623
0.016797
0.014258
0.011990
0.009983
0.008225
0.006700
0.005393
0.004285
0.003357
0.002591
0.001967
0.001467
0.001072
0.000767
0.000535
0.000363
0.000239
0.000152
0.000092
0.000053
0.000029
0.000015
0.000007
0.000003
0.000001
0.000000
0.000000
0.000000
0.000000
0.000000
##END
