##TITLE= dor5 axial c cnst1=100
##JCAMP-DX= 5.00 Bruker JCAMP library
##DATA TYPE= Shape Data
##ORIGIN= Bruker Analytik GmbH
##OWNER= <nmrsu>
##DATE= xx
##TIME= xx
##MINX= 0
##MAXX= 1
##MINY= 0
##MAXY= 1
##$SHAPE_EXMODE= Gradient
##$SHAPE_TOTROT= 0
##$SHAPE_BWFAC= 0
##$SHAPE_INTEGFAC= 0
##$SHAPE_MODE= 0
##NPOINTS=1000
##XYDATA= (X++(Y..Y))
0.000000
0.018710
0.037365
0.055910
0.074292
0.092455
0.110348
0.127916
0.145110
0.161878
0.178171
0.193941
0.209143
0.223731
0.237662
0.250897
0.263396
0.275121
0.286040
0.296118
0.305328
0.313640
0.321031
0.327477
0.332960
0.337460
0.340965
0.343460
0.344938
0.345516
0.345556
0.345389
0.345092
0.344644
0.344041
0.343275
0.342340
0.341229
0.339931
0.338439
0.336740
0.334825
0.332680
0.330293
0.327648
0.324730
0.321523
0.318009
0.314170
0.309986
0.305438
0.300503
0.295161
0.289388
0.283161
0.276457
0.269251
0.261519
0.253237
0.244381
0.234925
0.224848
0.214125
0.202735
0.190657
0.177870
0.164356
0.150100
0.135085
0.119299
0.102733
0.085379
0.067233
0.048294
0.028563
0.008046
-0.013247
-0.035303
-0.058104
-0.081630
-0.105854
-0.130745
-0.156270
-0.182387
-0.209054
-0.236222
-0.263839
-0.291846
-0.320183
-0.348784
-0.377580
-0.406499
-0.435464
-0.464396
-0.493214
-0.521832
-0.550166
-0.578128
-0.605629
-0.632580
-0.658891
-0.684475
-0.709241
-0.733104
-0.755979
-0.777782
-0.798434
-0.817857
-0.835978
-0.852729
-0.868043
-0.881862
-0.894130
-0.904797
-0.913821
-0.921162
-0.926790
-0.930678
-0.932807
-0.933164
-0.931743
-0.928543
-0.923569
-0.916835
-0.908357
-0.898159
-0.886271
-0.872728
-0.857567
-0.840834
-0.822577
-0.802847
-0.781702
-0.759199
-0.735400
-0.710370
-0.684175
-0.656882
-0.628561
-0.599279
-0.569108
-0.538118
-0.506377
-0.473954
-0.440917
-0.407333
-0.373266
-0.338779
-0.303932
-0.268769
-0.233301
-0.197534
-0.161502
-0.125254
-0.088837
-0.052301
-0.015695
0.020932
0.057530
0.094052
0.130448
0.166668
0.202665
0.238390
0.273796
0.308834
0.343457
0.377620
0.411277
0.444381
0.476890
0.508758
0.539944
0.570406
0.600103
0.628994
0.657042
0.684208
0.710456
0.735752
0.760060
0.783349
0.805586
0.826743
0.846791
0.865703
0.883453
0.900019
0.915377
0.929506
0.942389
0.954008
0.964347
0.973392
0.981131
0.987554
0.992653
0.996419
0.998849
0.999939
0.999687
0.998094
0.995163
0.990896
0.985300
0.978382
0.970152
0.960620
0.949799
0.937704
0.924351
0.909759
0.893945
0.876933
0.858744
0.839403
0.818936
0.797370
0.774734
0.751060
0.726377
0.700721
0.674124
0.646622
0.618254
0.589056
0.559067
0.528329
0.496882
0.464768
0.432031
0.398714
0.364863
0.330521
0.295737
0.260556
0.225025
0.189192
0.153106
0.116814
0.080365
0.043809
0.007193
-0.029431
-0.066017
-0.102514
-0.138873
-0.175046
-0.210984
-0.246639
-0.281963
-0.316909
-0.351430
-0.385480
-0.419012
-0.451982
-0.484346
-0.516060
-0.547081
-0.577369
-0.606882
-0.635581
-0.663428
-0.690384
-0.716414
-0.741484
-0.765558
-0.788605
-0.810595
-0.831497
-0.851283
-0.869928
-0.887405
-0.903692
-0.918767
-0.932609
-0.945200
-0.956523
-0.966562
-0.975305
-0.982740
-0.988856
-0.993646
-0.997102
-0.999221
-1.000000
-0.999437
-0.997533
-0.994291
-0.989715
-0.983812
-0.976588
-0.968055
-0.958222
-0.947105
-0.934716
-0.921074
-0.906196
-0.890102
-0.872815
-0.854356
-0.834751
-0.814027
-0.792210
-0.769330
-0.745419
-0.720507
-0.694629
-0.667819
-0.640113
-0.611549
-0.582164
-0.551997
-0.521091
-0.489485
-0.457223
-0.424347
-0.390902
-0.356933
-0.322485
-0.287604
-0.252337
-0.216732
-0.180836
-0.144698
-0.108365
-0.071887
-0.035313
0.001309
0.037929
0.074499
0.110968
0.147288
0.183411
0.219288
0.254870
0.290111
0.324962
0.359378
0.393311
0.426717
0.459550
0.491767
0.523324
0.554179
0.584291
0.613618
0.642123
0.669766
0.696510
0.722321
0.747162
0.771001
0.793805
0.815545
0.836190
0.855714
0.874090
0.891293
0.907300
0.922090
0.935644
0.947942
0.958968
0.968708
0.977148
0.984278
0.990086
0.994567
0.997714
0.999522
0.999989
0.999114
0.996900
0.993348
0.988463
0.982252
0.974724
0.965887
0.955756
0.944341
0.931661
0.917730
0.902568
0.886195
0.868633
0.849906
0.830039
0.809059
0.786992
0.763871
0.739724
0.714585
0.688488
0.661466
0.633558
0.604799
0.575229
0.544888
0.513815
0.482053
0.449645
0.416633
0.383062
0.348978
0.314425
0.279450
0.244101
0.208424
0.172467
0.136279
0.099909
0.063404
0.026814
-0.009812
-0.046424
-0.082975
-0.119414
-0.155693
-0.191763
-0.227575
-0.263083
-0.298237
-0.332992
-0.367299
-0.401114
-0.434391
-0.467085
-0.499153
-0.530550
-0.561237
-0.591170
-0.620310
-0.648618
-0.676055
-0.702586
-0.728175
-0.752786
-0.776387
-0.798947
-0.820436
-0.840823
-0.860083
-0.878188
-0.895116
-0.910843
-0.925347
-0.938611
-0.950615
-0.961344
-0.970783
-0.978920
-0.985744
-0.991245
-0.995417
-0.998253
-0.999750
-0.999905
-0.998720
-0.996194
-0.992332
-0.987139
-0.980622
-0.972789
-0.963651
-0.953220
-0.941510
-0.928538
-0.914319
-0.898874
-0.882224
-0.864389
-0.845395
-0.825267
-0.804032
-0.781718
-0.758356
-0.733976
-0.708611
-0.682296
-0.655066
-0.626956
-0.598006
-0.568253
-0.537739
-0.506502
-0.474586
-0.442034
-0.408888
-0.375194
-0.340997
-0.306342
-0.271276
-0.235847
-0.200100
-0.164086
-0.127851
-0.091445
-0.054916
-0.018314
0.018314
0.054916
0.091445
0.127851
0.164086
0.200100
0.235847
0.271276
0.306342
0.340997
0.375194
0.408888
0.442034
0.474586
0.506502
0.537739
0.568253
0.598006
0.626956
0.655066
0.682296
0.708611
0.733976
0.758356
0.781718
0.804032
0.825267
0.845395
0.864389
0.882224
0.898874
0.914319
0.928538
0.941510
0.953220
0.963651
0.972789
0.980622
0.987139
0.992332
0.996194
0.998720
0.999905
0.999750
0.998253
0.995417
0.991245
0.985744
0.978920
0.970783
0.961344
0.950615
0.938611
0.925347
0.910843
0.895116
0.878188
0.860083
0.840823
0.820436
0.798947
0.776387
0.752786
0.728175
0.702586
0.676055
0.648618
0.620310
0.591170
0.561237
0.530550
0.499153
0.467085
0.434391
0.401114
0.367299
0.332992
0.298237
0.263083
0.227575
0.191763
0.155693
0.119414
0.082975
0.046424
0.009812
-0.026814
-0.063404
-0.099909
-0.136279
-0.172467
-0.208424
-0.244101
-0.279450
-0.314425
-0.348978
-0.383062
-0.416633
-0.449645
-0.482053
-0.513815
-0.544888
-0.575229
-0.604799
-0.633558
-0.661466
-0.688488
-0.714585
-0.739724
-0.763871
-0.786992
-0.809059
-0.830039
-0.849906
-0.868633
-0.886195
-0.902568
-0.917730
-0.931661
-0.944341
-0.955756
-0.965887
-0.974724
-0.982252
-0.988463
-0.993348
-0.996900
-0.999114
-0.999989
-0.999522
-0.997714
-0.994567
-0.990086
-0.984278
-0.977148
-0.968708
-0.958968
-0.947942
-0.935644
-0.922090
-0.907300
-0.891293
-0.874090
-0.855714
-0.836190
-0.815545
-0.793805
-0.771001
-0.747162
-0.722321
-0.696510
-0.669766
-0.642123
-0.613618
-0.584291
-0.554179
-0.523324
-0.491767
-0.459550
-0.426717
-0.393311
-0.359378
-0.324962
-0.290111
-0.254870
-0.219288
-0.183411
-0.147288
-0.110968
-0.074499
-0.037929
-0.001309
0.035313
0.071887
0.108365
0.144698
0.180836
0.216732
0.252337
0.287604
0.322485
0.356933
0.390902
0.424347
0.457223
0.489485
0.521091
0.551997
0.582164
0.611549
0.640113
0.667819
0.694629
0.720507
0.745419
0.769330
0.792210
0.814027
0.834751
0.854356
0.872815
0.890102
0.906196
0.921074
0.934716
0.947105
0.958222
0.968055
0.976588
0.983812
0.989715
0.994291
0.997533
0.999437
1.000000
0.999221
0.997102
0.993646
0.988856
0.982740
0.975305
0.966562
0.956523
0.945200
0.932609
0.918767
0.903692
0.887405
0.869928
0.851283
0.831497
0.810595
0.788605
0.765558
0.741484
0.716414
0.690384
0.663428
0.635581
0.606882
0.577369
0.547081
0.516060
0.484346
0.451982
0.419012
0.385480
0.351430
0.316909
0.281963
0.246639
0.210984
0.175046
0.138873
0.102514
0.066017
0.029431
-0.007193
-0.043809
-0.080365
-0.116814
-0.153106
-0.189192
-0.225025
-0.260556
-0.295737
-0.330521
-0.364863
-0.398714
-0.432031
-0.464768
-0.496882
-0.528329
-0.559067
-0.589056
-0.618254
-0.646622
-0.674124
-0.700721
-0.726377
-0.751060
-0.774734
-0.797370
-0.818936
-0.839403
-0.858744
-0.876933
-0.893945
-0.909759
-0.924351
-0.937704
-0.949799
-0.960620
-0.970152
-0.978382
-0.985300
-0.990896
-0.995163
-0.998094
-0.999687
-0.999939
-0.998849
-0.996419
-0.992653
-0.987554
-0.981131
-0.973392
-0.964347
-0.954008
-0.942389
-0.929506
-0.915377
-0.900019
-0.883453
-0.865703
-0.846791
-0.826743
-0.805586
-0.783349
-0.760060
-0.735752
-0.710456
-0.684208
-0.657042
-0.628994
-0.600103
-0.570406
-0.539944
-0.508758
-0.476890
-0.444381
-0.411277
-0.377620
-0.343457
-0.308834
-0.273796
-0.238390
-0.202665
-0.166668
-0.130448
-0.094052
-0.057530
-0.020932
0.015695
0.052301
0.088837
0.125254
0.161502
0.197534
0.233301
0.268769
0.303932
0.338779
0.373266
0.407333
0.440917
0.473954
0.506377
0.538118
0.569108
0.599279
0.628561
0.656882
0.684175
0.710370
0.735400
0.759199
0.781702
0.802847
0.822577
0.840834
0.857567
0.872728
0.886271
0.898159
0.908357
0.916835
0.923569
0.928543
0.931743
0.933164
0.932807
0.930678
0.926790
0.921162
0.913821
0.904797
0.894130
0.881862
0.868043
0.852729
0.835978
0.817857
0.798434
0.777782
0.755979
0.733104
0.709241
0.684475
0.658891
0.632580
0.605629
0.578128
0.550166
0.521832
0.493214
0.464396
0.435464
0.406499
0.377580
0.348784
0.320183
0.291846
0.263839
0.236222
0.209054
0.182387
0.156270
0.130745
0.105854
0.081630
0.058104
0.035303
0.013247
-0.008046
-0.028563
-0.048294
-0.067233
-0.085379
-0.102733
-0.119299
-0.135085
-0.150100
-0.164356
-0.177870
-0.190657
-0.202735
-0.214125
-0.224848
-0.234925
-0.244381
-0.253237
-0.261519
-0.269251
-0.276457
-0.283161
-0.289388
-0.295161
-0.300503
-0.305438
-0.309986
-0.314170
-0.318009
-0.321523
-0.324730
-0.327648
-0.330293
-0.332680
-0.334825
-0.336740
-0.338439
-0.339931
-0.341229
-0.342340
-0.343275
-0.344041
-0.344644
-0.345092
-0.345389
-0.345556
-0.345516
-0.344938
-0.343460
-0.340965
-0.337460
-0.332960
-0.327477
-0.321031
-0.313640
-0.305328
-0.296118
-0.286040
-0.275121
-0.263396
-0.250897
-0.237662
-0.223731
-0.209143
-0.193941
-0.178171
-0.161878
-0.145110
-0.127916
-0.110348
-0.092455
-0.074292
-0.055910
-0.037365
-0.018710
0.000000
##END
