##TITLE= dor4.5 radial a cnst1=90
##JCAMP-DX= 5.00 Bruker JCAMP library
##DATA TYPE= Shape Data
##ORIGIN= Bruker Analytik GmbH
##OWNER= <nmrsu>
##DATE= xx
##TIME= xx
##MINX= 0
##MAXX= 1
##MINY= 0
##MAXY= 1
##$SHAPE_EXMODE= Gradient
##$SHAPE_TOTROT= 0
##$SHAPE_BWFAC= 0
##$SHAPE_INTEGFAC= 0
##$SHAPE_MODE= 0
##NPOINTS=1000
##XYDATA= (X++(Y..Y))
0.000000
0.010392
0.020754
0.031055
0.041265
0.051354
0.061292
0.071050
0.080600
0.089914
0.098963
0.107723
0.116167
0.124269
0.132008
0.139359
0.146301
0.152814
0.158878
0.164476
0.169590
0.174207
0.178310
0.181889
0.184931
0.187426
0.189367
0.190745
0.191554
0.191861
0.191865
0.191748
0.191552
0.191265
0.190881
0.190397
0.189806
0.189101
0.188275
0.187321
0.186229
0.184990
0.183594
0.182029
0.180283
0.178344
0.176197
0.173829
0.171223
0.168364
0.165235
0.161818
0.158094
0.154046
0.149654
0.144898
0.139760
0.134218
0.128252
0.121844
0.114973
0.107621
0.099770
0.091400
0.082497
0.073045
0.063030
0.052439
0.041263
0.029493
0.017122
0.004148
-0.009430
-0.023611
-0.038390
-0.053758
-0.069702
-0.086209
-0.103258
-0.120827
-0.138889
-0.157413
-0.176363
-0.195702
-0.215385
-0.235367
-0.255596
-0.276018
-0.296574
-0.317203
-0.337840
-0.358418
-0.378866
-0.399110
-0.419078
-0.438692
-0.457874
-0.476547
-0.494631
-0.512049
-0.528722
-0.544573
-0.559526
-0.573508
-0.586449
-0.598279
-0.608934
-0.618353
-0.626479
-0.633260
-0.638648
-0.642600
-0.645081
-0.646058
-0.645507
-0.643408
-0.639748
-0.634521
-0.627725
-0.619367
-0.609457
-0.598014
-0.585060
-0.570626
-0.554745
-0.537458
-0.518809
-0.498847
-0.477625
-0.455200
-0.431634
-0.406989
-0.381332
-0.354730
-0.327255
-0.298976
-0.269968
-0.240302
-0.210051
-0.179289
-0.148087
-0.116516
-0.084648
-0.052549
-0.020286
0.012076
0.044475
0.076851
0.109148
0.141321
0.173348
0.205206
0.236853
0.268235
0.299299
0.329993
0.360266
0.390067
0.419344
0.448048
0.476131
0.503544
0.530241
0.556176
0.581304
0.605582
0.628969
0.651422
0.672903
0.693376
0.712802
0.731148
0.748382
0.764472
0.779389
0.793106
0.805598
0.816840
0.826812
0.835494
0.842869
0.848921
0.853637
0.857007
0.859021
0.859673
0.858958
0.856874
0.853421
0.848600
0.842417
0.834878
0.825991
0.815768
0.804221
0.791366
0.777220
0.761802
0.745135
0.727241
0.708146
0.687878
0.666466
0.643941
0.620336
0.595687
0.570031
0.543404
0.515848
0.487403
0.458113
0.428022
0.397176
0.365621
0.333405
0.300579
0.267191
0.233294
0.198940
0.164181
0.129071
0.093664
0.058015
0.022179
-0.013788
-0.049830
-0.085891
-0.121916
-0.157847
-0.193629
-0.229207
-0.264523
-0.299524
-0.334153
-0.368358
-0.402084
-0.435277
-0.467887
-0.499861
-0.531149
-0.561702
-0.591471
-0.620410
-0.648472
-0.675613
-0.701790
-0.726961
-0.751087
-0.774128
-0.796048
-0.816813
-0.836388
-0.854743
-0.871847
-0.887673
-0.902197
-0.915393
-0.927240
-0.937720
-0.946815
-0.954509
-0.960790
-0.965647
-0.969071
-0.971057
-0.971600
-0.970698
-0.968352
-0.964565
-0.959341
-0.952688
-0.944615
-0.935135
-0.924260
-0.912007
-0.898395
-0.883443
-0.867174
-0.849612
-0.830785
-0.810720
-0.789448
-0.767002
-0.743415
-0.718724
-0.692966
-0.666180
-0.638409
-0.609693
-0.580077
-0.549607
-0.518328
-0.486290
-0.453541
-0.420131
-0.386113
-0.351537
-0.316456
-0.280926
-0.245000
-0.208734
-0.172182
-0.135402
-0.098449
-0.061381
-0.024253
0.012876
0.049951
0.086914
0.123709
0.160280
0.196571
0.232525
0.268090
0.303209
0.337831
0.371901
0.405369
0.438184
0.470295
0.501654
0.532215
0.561930
0.590754
0.618646
0.645562
0.671463
0.696310
0.720065
0.742695
0.764165
0.784444
0.803501
0.821311
0.837846
0.853084
0.867002
0.879580
0.890803
0.900654
0.909120
0.916191
0.921858
0.926114
0.928955
0.930380
0.930388
0.928983
0.926168
0.921952
0.916342
0.909351
0.900992
0.891280
0.880235
0.867874
0.854222
0.839300
0.823137
0.805758
0.787195
0.767479
0.746643
0.724723
0.701755
0.677778
0.652832
0.626958
0.600199
0.572600
0.544207
0.515065
0.485223
0.454730
0.423636
0.391991
0.359847
0.327256
0.294272
0.260947
0.227337
0.193494
0.159474
0.125331
0.091121
0.056898
0.022718
-0.011366
-0.045298
-0.079024
-0.112491
-0.145646
-0.178436
-0.210808
-0.242713
-0.274098
-0.304916
-0.335117
-0.364655
-0.393483
-0.421555
-0.448830
-0.475263
-0.500815
-0.525446
-0.549118
-0.571796
-0.593444
-0.614030
-0.633523
-0.651894
-0.669116
-0.685163
-0.700013
-0.713643
-0.726035
-0.737171
-0.747036
-0.755618
-0.762905
-0.768888
-0.773561
-0.776920
-0.778962
-0.779688
-0.779098
-0.777198
-0.773995
-0.769495
-0.763711
-0.756655
-0.748343
-0.738789
-0.728015
-0.716041
-0.702889
-0.688586
-0.673156
-0.656630
-0.639036
-0.620409
-0.600780
-0.580186
-0.558663
-0.536251
-0.512988
-0.488916
-0.464077
-0.438516
-0.412278
-0.385407
-0.357952
-0.329960
-0.301480
-0.272561
-0.243254
-0.213609
-0.183679
-0.153513
-0.123165
-0.092687
-0.062132
-0.031551
-0.000998
0.029476
0.059817
0.089973
0.119894
0.149528
0.178825
0.207733
0.236204
0.264189
0.291641
0.318512
0.344758
0.370332
0.395192
0.419295
0.442601
0.465069
0.486661
0.507342
0.527075
0.545826
0.563566
0.580262
0.595887
0.610414
0.623819
0.636078
0.647172
0.657081
0.665789
0.673280
0.679542
0.684564
0.688339
0.690858
0.692119
0.692119
0.690858
0.688339
0.684564
0.679542
0.673280
0.665789
0.657081
0.647172
0.636078
0.623819
0.610414
0.595887
0.580262
0.563566
0.545826
0.527075
0.507342
0.486661
0.465069
0.442601
0.419295
0.395192
0.370332
0.344758
0.318512
0.291641
0.264189
0.236204
0.207733
0.178825
0.149528
0.119894
0.089973
0.059817
0.029476
-0.000998
-0.031551
-0.062132
-0.092687
-0.123165
-0.153513
-0.183679
-0.213609
-0.243254
-0.272561
-0.301480
-0.329960
-0.357952
-0.385407
-0.412278
-0.438516
-0.464077
-0.488916
-0.512988
-0.536251
-0.558663
-0.580186
-0.600780
-0.620409
-0.639036
-0.656630
-0.673156
-0.688586
-0.702889
-0.716041
-0.728015
-0.738789
-0.748343
-0.756655
-0.763711
-0.769495
-0.773995
-0.777198
-0.779098
-0.779688
-0.778962
-0.776920
-0.773561
-0.768888
-0.762905
-0.755618
-0.747036
-0.737171
-0.726035
-0.713643
-0.700013
-0.685163
-0.669116
-0.651894
-0.633523
-0.614030
-0.593444
-0.571796
-0.549118
-0.525446
-0.500815
-0.475263
-0.448830
-0.421555
-0.393483
-0.364655
-0.335117
-0.304916
-0.274098
-0.242713
-0.210808
-0.178436
-0.145646
-0.112491
-0.079024
-0.045298
-0.011366
0.022718
0.056898
0.091121
0.125331
0.159474
0.193494
0.227337
0.260947
0.294272
0.327256
0.359847
0.391991
0.423636
0.454730
0.485223
0.515065
0.544207
0.572600
0.600199
0.626958
0.652832
0.677778
0.701755
0.724723
0.746643
0.767479
0.787195
0.805758
0.823137
0.839300
0.854222
0.867874
0.880235
0.891280
0.900992
0.909351
0.916342
0.921952
0.926168
0.928983
0.930388
0.930380
0.928955
0.926114
0.921858
0.916191
0.909120
0.900654
0.890803
0.879580
0.867002
0.853084
0.837846
0.821311
0.803501
0.784444
0.764165
0.742695
0.720065
0.696310
0.671463
0.645562
0.618646
0.590754
0.561930
0.532215
0.501654
0.470295
0.438184
0.405369
0.371901
0.337831
0.303209
0.268090
0.232525
0.196571
0.160280
0.123709
0.086914
0.049951
0.012876
-0.024253
-0.061381
-0.098449
-0.135402
-0.172182
-0.208734
-0.245000
-0.280926
-0.316456
-0.351537
-0.386113
-0.420131
-0.453541
-0.486290
-0.518328
-0.549607
-0.580077
-0.609693
-0.638409
-0.666180
-0.692966
-0.718724
-0.743415
-0.767002
-0.789448
-0.810720
-0.830785
-0.849612
-0.867174
-0.883443
-0.898395
-0.912007
-0.924260
-0.935135
-0.944615
-0.952688
-0.959341
-0.964565
-0.968352
-0.970698
-0.971600
-0.971057
-0.969071
-0.965647
-0.960790
-0.954509
-0.946815
-0.937720
-0.927240
-0.915393
-0.902197
-0.887673
-0.871847
-0.854743
-0.836388
-0.816813
-0.796048
-0.774128
-0.751087
-0.726961
-0.701790
-0.675613
-0.648472
-0.620410
-0.591471
-0.561702
-0.531149
-0.499861
-0.467887
-0.435277
-0.402084
-0.368358
-0.334153
-0.299524
-0.264523
-0.229207
-0.193629
-0.157847
-0.121916
-0.085891
-0.049830
-0.013788
0.022179
0.058015
0.093664
0.129071
0.164181
0.198940
0.233294
0.267191
0.300579
0.333405
0.365621
0.397176
0.428022
0.458113
0.487403
0.515848
0.543404
0.570031
0.595687
0.620336
0.643941
0.666466
0.687878
0.708146
0.727241
0.745135
0.761802
0.777220
0.791366
0.804221
0.815768
0.825991
0.834878
0.842417
0.848600
0.853421
0.856874
0.858958
0.859673
0.859021
0.857007
0.853637
0.848921
0.842869
0.835494
0.826812
0.816840
0.805598
0.793106
0.779389
0.764472
0.748382
0.731148
0.712802
0.693376
0.672903
0.651422
0.628969
0.605582
0.581304
0.556176
0.530241
0.503544
0.476131
0.448048
0.419344
0.390067
0.360266
0.329993
0.299299
0.268235
0.236853
0.205206
0.173348
0.141321
0.109148
0.076851
0.044475
0.012076
-0.020286
-0.052549
-0.084648
-0.116516
-0.148087
-0.179289
-0.210051
-0.240302
-0.269968
-0.298976
-0.327255
-0.354730
-0.381332
-0.406989
-0.431634
-0.455200
-0.477625
-0.498847
-0.518809
-0.537458
-0.554745
-0.570626
-0.585060
-0.598014
-0.609457
-0.619367
-0.627725
-0.634521
-0.639748
-0.643408
-0.645507
-0.646058
-0.645081
-0.642600
-0.638648
-0.633260
-0.626479
-0.618353
-0.608934
-0.598279
-0.586449
-0.573508
-0.559526
-0.544573
-0.528722
-0.512049
-0.494631
-0.476547
-0.457874
-0.438692
-0.419078
-0.399110
-0.378866
-0.358418
-0.337840
-0.317203
-0.296574
-0.276018
-0.255596
-0.235367
-0.215385
-0.195702
-0.176363
-0.157413
-0.138889
-0.120827
-0.103258
-0.086209
-0.069702
-0.053758
-0.038390
-0.023611
-0.009430
0.004148
0.017122
0.029493
0.041263
0.052439
0.063030
0.073045
0.082497
0.091400
0.099770
0.107621
0.114973
0.121844
0.128252
0.134218
0.139760
0.144898
0.149654
0.154046
0.158094
0.161818
0.165235
0.168364
0.171223
0.173829
0.176197
0.178344
0.180283
0.182029
0.183594
0.184990
0.186229
0.187321
0.188275
0.189101
0.189806
0.190397
0.190881
0.191265
0.191552
0.191748
0.191865
0.191861
0.191554
0.190745
0.189367
0.187426
0.184931
0.181889
0.178310
0.174207
0.169590
0.164476
0.158878
0.152814
0.146301
0.139359
0.132008
0.124269
0.116167
0.107723
0.098963
0.089914
0.080600
0.071050
0.061292
0.051354
0.041265
0.031055
0.020754
0.010392
0.000000
##END
