##TITLE= dor4.5 radial b cnst1=90
##JCAMP-DX= 5.00 Bruker JCAMP library
##DATA TYPE= Shape Data
##ORIGIN= Bruker Analytik GmbH
##OWNER= <nmrsu>
##DATE= xx
##TIME= xx
##MINX= 0
##MAXX= 1
##MINY= 0
##MAXY= 1
##$SHAPE_EXMODE= Gradient
##$SHAPE_TOTROT= 0
##$SHAPE_BWFAC= 0
##$SHAPE_INTEGFAC= 0
##$SHAPE_MODE= 0
##NPOINTS=1000
##XYDATA= (X++(Y..Y))
0.000000
0.000000
0.000000
0.000000
0.000000
0.000001
0.000003
0.000007
0.000015
0.000030
0.000054
0.000093
0.000153
0.000242
0.000367
0.000541
0.000775
0.001084
0.001483
0.001989
0.002621
0.003396
0.004334
0.005454
0.006777
0.008319
0.010098
0.012128
0.014421
0.016990
0.019848
0.023012
0.026497
0.030315
0.034480
0.039003
0.043895
0.049167
0.054826
0.060882
0.067341
0.074209
0.081490
0.089187
0.097302
0.105835
0.114784
0.124145
0.133915
0.144085
0.154647
0.165590
0.176900
0.188564
0.200563
0.212877
0.225485
0.238361
0.251479
0.264809
0.278320
0.291975
0.305738
0.319570
0.333427
0.347266
0.361037
0.374693
0.388180
0.401445
0.414431
0.427081
0.439334
0.451130
0.462406
0.473098
0.483142
0.492474
0.501029
0.508742
0.515550
0.521389
0.526197
0.529915
0.532484
0.533850
0.533959
0.532763
0.530216
0.526276
0.520908
0.514079
0.505762
0.495937
0.484587
0.471703
0.457283
0.441329
0.423852
0.404869
0.384403
0.362484
0.339150
0.314445
0.288418
0.261126
0.232633
0.203007
0.172322
0.140657
0.108098
0.074731
0.040650
0.005951
-0.029268
-0.064906
-0.100860
-0.137026
-0.173298
-0.209573
-0.245746
-0.281713
-0.317371
-0.352622
-0.387368
-0.421513
-0.454967
-0.487643
-0.519456
-0.550329
-0.580187
-0.608961
-0.636587
-0.663007
-0.688168
-0.712021
-0.734526
-0.755645
-0.775348
-0.793609
-0.810409
-0.825732
-0.839568
-0.851913
-0.862765
-0.872129
-0.880012
-0.886426
-0.891386
-0.894912
-0.897024
-0.897739
-0.897061
-0.894995
-0.891546
-0.886724
-0.880540
-0.873005
-0.864136
-0.853950
-0.842466
-0.829704
-0.815689
-0.800446
-0.784002
-0.766386
-0.747630
-0.727765
-0.706826
-0.684850
-0.661874
-0.637938
-0.613082
-0.587348
-0.560781
-0.533425
-0.505325
-0.476530
-0.447087
-0.417045
-0.386455
-0.355368
-0.323834
-0.291907
-0.259638
-0.227082
-0.194292
-0.161322
-0.128225
-0.095057
-0.061871
-0.028722
0.004337
0.037251
0.069967
0.102432
0.134594
0.166400
0.197799
0.228740
0.259174
0.289052
0.318326
0.346950
0.374877
0.402063
0.428465
0.454042
0.478753
0.502559
0.525423
0.547309
0.568183
0.588013
0.606769
0.624421
0.640943
0.656310
0.670499
0.683489
0.695261
0.705799
0.715086
0.723112
0.729864
0.735335
0.739518
0.742409
0.744005
0.744308
0.743319
0.741043
0.737487
0.732658
0.726568
0.719230
0.710659
0.700872
0.689887
0.677727
0.664413
0.649971
0.634427
0.617810
0.600151
0.581481
0.561835
0.541247
0.519754
0.497395
0.474209
0.450238
0.425524
0.400110
0.374042
0.347366
0.320127
0.292374
0.264156
0.235521
0.206520
0.177203
0.147622
0.117828
0.087872
0.057807
0.027684
-0.002443
-0.032522
-0.062502
-0.092331
-0.121956
-0.151327
-0.180392
-0.209101
-0.237405
-0.265254
-0.292601
-0.319397
-0.345597
-0.371155
-0.396027
-0.420170
-0.443541
-0.466100
-0.487808
-0.508628
-0.528522
-0.547456
-0.565398
-0.582315
-0.598178
-0.612960
-0.626634
-0.639176
-0.650563
-0.660776
-0.669796
-0.677607
-0.684194
-0.689546
-0.693652
-0.696504
-0.698096
-0.698425
-0.697489
-0.695289
-0.691826
-0.687107
-0.681137
-0.673927
-0.665486
-0.655828
-0.644970
-0.632927
-0.619719
-0.605368
-0.589897
-0.573330
-0.555696
-0.537023
-0.517341
-0.496684
-0.475084
-0.452579
-0.429204
-0.404999
-0.380003
-0.354260
-0.327810
-0.300699
-0.272971
-0.244673
-0.215852
-0.186556
-0.156836
-0.126739
-0.096317
-0.065622
-0.034704
-0.003617
0.027588
0.058858
0.090140
0.121381
0.152528
0.183527
0.214327
0.244875
0.275118
0.305004
0.334484
0.363505
0.392019
0.419975
0.447326
0.474025
0.500024
0.525279
0.549746
0.573382
0.596145
0.617995
0.638893
0.658803
0.677688
0.695514
0.712250
0.727864
0.742329
0.755616
0.767701
0.778561
0.788175
0.796523
0.803589
0.809357
0.813816
0.816953
0.818760
0.819231
0.818362
0.816150
0.812596
0.807701
0.801471
0.793912
0.785032
0.774843
0.763359
0.750593
0.736564
0.721291
0.704795
0.687101
0.668233
0.648219
0.627088
0.604872
0.581603
0.557317
0.532050
0.505839
0.478726
0.450750
0.421954
0.392383
0.362082
0.331098
0.299477
0.267271
0.234527
0.201297
0.167633
0.133587
0.099213
0.064563
0.029694
-0.005342
-0.040489
-0.075690
-0.110892
-0.146038
-0.181073
-0.215941
-0.250586
-0.284955
-0.318992
-0.352643
-0.385855
-0.418573
-0.450747
-0.482324
-0.513254
-0.543487
-0.572975
-0.601670
-0.629525
-0.656496
-0.682539
-0.707611
-0.731672
-0.754683
-0.776605
-0.797403
-0.817043
-0.835492
-0.852720
-0.868698
-0.883398
-0.896797
-0.908872
-0.919602
-0.928968
-0.936953
-0.943545
-0.948729
-0.952498
-0.954842
-0.955756
-0.955237
-0.953285
-0.949900
-0.945085
-0.938848
-0.931194
-0.922136
-0.911685
-0.899856
-0.886666
-0.872133
-0.856279
-0.839127
-0.820702
-0.801031
-0.780144
-0.758071
-0.734845
-0.710502
-0.685077
-0.658609
-0.631138
-0.602706
-0.573355
-0.543129
-0.512075
-0.480240
-0.447672
-0.414421
-0.380537
-0.346071
-0.311078
-0.275609
-0.239718
-0.203462
-0.166895
-0.130072
-0.093051
-0.055888
-0.018639
0.018639
0.055888
0.093051
0.130072
0.166895
0.203462
0.239718
0.275609
0.311078
0.346071
0.380537
0.414421
0.447672
0.480240
0.512075
0.543129
0.573355
0.602706
0.631138
0.658609
0.685077
0.710502
0.734845
0.758071
0.780144
0.801031
0.820702
0.839127
0.856279
0.872133
0.886666
0.899856
0.911685
0.922136
0.931194
0.938848
0.945085
0.949900
0.953285
0.955237
0.955756
0.954842
0.952498
0.948729
0.943545
0.936953
0.928968
0.919602
0.908872
0.896797
0.883398
0.868698
0.852720
0.835492
0.817043
0.797403
0.776605
0.754683
0.731672
0.707611
0.682539
0.656496
0.629525
0.601670
0.572975
0.543487
0.513254
0.482324
0.450747
0.418573
0.385855
0.352643
0.318992
0.284955
0.250586
0.215941
0.181073
0.146038
0.110892
0.075690
0.040489
0.005342
-0.029694
-0.064563
-0.099213
-0.133587
-0.167633
-0.201297
-0.234527
-0.267271
-0.299477
-0.331098
-0.362082
-0.392383
-0.421954
-0.450750
-0.478726
-0.505839
-0.532050
-0.557317
-0.581603
-0.604872
-0.627088
-0.648219
-0.668233
-0.687101
-0.704795
-0.721291
-0.736564
-0.750593
-0.763359
-0.774843
-0.785032
-0.793912
-0.801471
-0.807701
-0.812596
-0.816150
-0.818362
-0.819231
-0.818760
-0.816953
-0.813816
-0.809357
-0.803589
-0.796523
-0.788175
-0.778561
-0.767701
-0.755616
-0.742329
-0.727864
-0.712250
-0.695514
-0.677688
-0.658803
-0.638893
-0.617995
-0.596145
-0.573382
-0.549746
-0.525279
-0.500024
-0.474025
-0.447326
-0.419975
-0.392019
-0.363505
-0.334484
-0.305004
-0.275118
-0.244875
-0.214327
-0.183527
-0.152528
-0.121381
-0.090140
-0.058858
-0.027588
0.003617
0.034704
0.065622
0.096317
0.126739
0.156836
0.186556
0.215852
0.244673
0.272971
0.300699
0.327810
0.354260
0.380003
0.404999
0.429204
0.452579
0.475084
0.496684
0.517341
0.537023
0.555696
0.573330
0.589897
0.605368
0.619719
0.632927
0.644970
0.655828
0.665486
0.673927
0.681137
0.687107
0.691826
0.695289
0.697489
0.698425
0.698096
0.696504
0.693652
0.689546
0.684194
0.677607
0.669796
0.660776
0.650563
0.639176
0.626634
0.612960
0.598178
0.582315
0.565398
0.547456
0.528522
0.508628
0.487808
0.466100
0.443541
0.420170
0.396027
0.371155
0.345597
0.319397
0.292601
0.265254
0.237405
0.209101
0.180392
0.151327
0.121956
0.092331
0.062502
0.032522
0.002443
-0.027684
-0.057807
-0.087872
-0.117828
-0.147622
-0.177203
-0.206520
-0.235521
-0.264156
-0.292374
-0.320127
-0.347366
-0.374042
-0.400110
-0.425524
-0.450238
-0.474209
-0.497395
-0.519754
-0.541247
-0.561835
-0.581481
-0.600151
-0.617810
-0.634427
-0.649971
-0.664413
-0.677727
-0.689887
-0.700872
-0.710659
-0.719230
-0.726568
-0.732658
-0.737487
-0.741043
-0.743319
-0.744308
-0.744005
-0.742409
-0.739518
-0.735335
-0.729864
-0.723112
-0.715086
-0.705799
-0.695261
-0.683489
-0.670499
-0.656310
-0.640943
-0.624421
-0.606769
-0.588013
-0.568183
-0.547309
-0.525423
-0.502559
-0.478753
-0.454042
-0.428465
-0.402063
-0.374877
-0.346950
-0.318326
-0.289052
-0.259174
-0.228740
-0.197799
-0.166400
-0.134594
-0.102432
-0.069967
-0.037251
-0.004337
0.028722
0.061871
0.095057
0.128225
0.161322
0.194292
0.227082
0.259638
0.291907
0.323834
0.355368
0.386455
0.417045
0.447087
0.476530
0.505325
0.533425
0.560781
0.587348
0.613082
0.637938
0.661874
0.684850
0.706826
0.727765
0.747630
0.766386
0.784002
0.800446
0.815689
0.829704
0.842466
0.853950
0.864136
0.873005
0.880540
0.886724
0.891546
0.894995
0.897061
0.897739
0.897024
0.894912
0.891386
0.886426
0.880012
0.872129
0.862765
0.851913
0.839568
0.825732
0.810409
0.793609
0.775348
0.755645
0.734526
0.712021
0.688168
0.663007
0.636587
0.608961
0.580187
0.550329
0.519456
0.487643
0.454967
0.421513
0.387368
0.352622
0.317371
0.281713
0.245746
0.209573
0.173298
0.137026
0.100860
0.064906
0.029268
-0.005951
-0.040650
-0.074731
-0.108098
-0.140657
-0.172322
-0.203007
-0.232633
-0.261126
-0.288418
-0.314445
-0.339150
-0.362484
-0.384403
-0.404869
-0.423852
-0.441329
-0.457283
-0.471703
-0.484587
-0.495937
-0.505762
-0.514079
-0.520908
-0.526276
-0.530216
-0.532763
-0.533959
-0.533850
-0.532484
-0.529915
-0.526197
-0.521389
-0.515550
-0.508742
-0.501029
-0.492474
-0.483142
-0.473098
-0.462406
-0.451130
-0.439334
-0.427081
-0.414431
-0.401445
-0.388180
-0.374693
-0.361037
-0.347266
-0.333427
-0.319570
-0.305738
-0.291975
-0.278320
-0.264809
-0.251479
-0.238361
-0.225485
-0.212877
-0.200563
-0.188564
-0.176900
-0.165590
-0.154647
-0.144085
-0.133915
-0.124145
-0.114784
-0.105835
-0.097302
-0.089187
-0.081490
-0.074209
-0.067341
-0.060882
-0.054826
-0.049167
-0.043895
-0.039003
-0.034480
-0.030315
-0.026497
-0.023012
-0.019848
-0.016990
-0.014421
-0.012128
-0.010098
-0.008319
-0.006777
-0.005454
-0.004334
-0.003396
-0.002621
-0.001989
-0.001483
-0.001084
-0.000775
-0.000541
-0.000367
-0.000242
-0.000153
-0.000093
-0.000054
-0.000030
-0.000015
-0.000007
-0.000003
-0.000001
-0.000000
-0.000000
-0.000000
-0.000000
0.000000
##END
