##TITLE= dor4.5 axial c cnst1=90
##JCAMP-DX= 5.00 Bruker JCAMP library
##DATA TYPE= Shape Data
##ORIGIN= Bruker Analytik GmbH
##OWNER= <nmrsu>
##DATE= xx
##TIME= xx
##MINX= 0
##MAXX= 1
##MINY= 0
##MAXY= 1
##$SHAPE_EXMODE= Gradient
##$SHAPE_TOTROT= 0
##$SHAPE_BWFAC= 0
##$SHAPE_INTEGFAC= 0
##$SHAPE_MODE= 0
##NPOINTS=1000
##XYDATA= (X++(Y..Y))
0.000000
0.020788
0.041515
0.062120
0.082543
0.102724
0.122603
0.142123
0.161226
0.179856
0.197959
0.215481
0.232371
0.248579
0.264058
0.278763
0.292650
0.305678
0.317809
0.329007
0.339240
0.348477
0.356689
0.363853
0.369947
0.374951
0.378849
0.381629
0.383279
0.383933
0.383993
0.383827
0.383521
0.383054
0.382422
0.381619
0.380638
0.379473
0.378116
0.376559
0.374791
0.372804
0.370585
0.368124
0.365407
0.362421
0.359151
0.355581
0.351696
0.347477
0.342908
0.337968
0.332640
0.326901
0.320732
0.314112
0.307019
0.299431
0.291326
0.282683
0.273479
0.263694
0.253306
0.242294
0.230641
0.218326
0.205333
0.191645
0.177250
0.162133
0.146285
0.129698
0.112365
0.094284
0.075454
0.055877
0.035559
0.014508
-0.007262
-0.029736
-0.052895
-0.076716
-0.101172
-0.126231
-0.151860
-0.178021
-0.204670
-0.231763
-0.259249
-0.287076
-0.315188
-0.343525
-0.372024
-0.400621
-0.429247
-0.457833
-0.486307
-0.514595
-0.542623
-0.570315
-0.597594
-0.624384
-0.650609
-0.676193
-0.701062
-0.725142
-0.748361
-0.770651
-0.791943
-0.812175
-0.831284
-0.849213
-0.865908
-0.881320
-0.895402
-0.908114
-0.919419
-0.929284
-0.937684
-0.944596
-0.950004
-0.953895
-0.956262
-0.957105
-0.956425
-0.954230
-0.950534
-0.945352
-0.938707
-0.930624
-0.921131
-0.910261
-0.898052
-0.884540
-0.869770
-0.853785
-0.836631
-0.818357
-0.799012
-0.778648
-0.757317
-0.735070
-0.711961
-0.688043
-0.663368
-0.637987
-0.611951
-0.585311
-0.558116
-0.530396
-0.502152
-0.473376
-0.444085
-0.414312
-0.384088
-0.353447
-0.322422
-0.291047
-0.259355
-0.227382
-0.195162
-0.162729
-0.130120
-0.097369
-0.064512
-0.031586
0.001375
0.034335
0.067257
0.100106
0.132847
0.165443
0.197859
0.230060
0.262011
0.293678
0.325025
0.356019
0.386627
0.416814
0.446548
0.475797
0.504529
0.532712
0.560317
0.587313
0.613671
0.639362
0.664358
0.688632
0.712158
0.734910
0.756863
0.777994
0.798279
0.817697
0.836227
0.853848
0.870541
0.886287
0.901071
0.914876
0.927686
0.939489
0.950270
0.960019
0.968725
0.976378
0.982970
0.988494
0.992943
0.996314
0.998602
0.999805
0.999921
0.998951
0.996895
0.993756
0.989537
0.984243
0.977879
0.970453
0.961972
0.952446
0.941884
0.930300
0.917704
0.904111
0.889536
0.873994
0.857502
0.840078
0.821742
0.802512
0.782411
0.761459
0.739680
0.717097
0.693735
0.669619
0.644775
0.619231
0.593013
0.566152
0.538675
0.510613
0.481996
0.452855
0.423222
0.393129
0.362609
0.331695
0.300420
0.268819
0.236926
0.204775
0.172402
0.139842
0.107129
0.074300
0.041391
0.008436
-0.024527
-0.057464
-0.090339
-0.123115
-0.155758
-0.188232
-0.220500
-0.252530
-0.284284
-0.315730
-0.346833
-0.377559
-0.407875
-0.437747
-0.467144
-0.496033
-0.524383
-0.552163
-0.579344
-0.605894
-0.631787
-0.656992
-0.681484
-0.705235
-0.728220
-0.750414
-0.771792
-0.792332
-0.812010
-0.830806
-0.848699
-0.865670
-0.881701
-0.896773
-0.910870
-0.923978
-0.936082
-0.947169
-0.957226
-0.966243
-0.974211
-0.981119
-0.986962
-0.991731
-0.995424
-0.998034
-0.999560
-1.000000
-0.999353
-0.997620
-0.994803
-0.990906
-0.985931
-0.979885
-0.972774
-0.964606
-0.955390
-0.945135
-0.933854
-0.921558
-0.908260
-0.893976
-0.878720
-0.862509
-0.845360
-0.827294
-0.808328
-0.788484
-0.767783
-0.746247
-0.723901
-0.700768
-0.676874
-0.652244
-0.626905
-0.600885
-0.574212
-0.546916
-0.519024
-0.490569
-0.461581
-0.432091
-0.402132
-0.371735
-0.340935
-0.309764
-0.278257
-0.246447
-0.214369
-0.182059
-0.149550
-0.116879
-0.084082
-0.051192
-0.018247
0.014717
0.047666
0.080563
0.113372
0.146059
0.178586
0.210920
0.243024
0.274864
0.306405
0.337614
0.368455
0.398897
0.428904
0.458446
0.487490
0.516003
0.543956
0.571318
0.598059
0.624151
0.649564
0.674271
0.698245
0.721461
0.743893
0.765516
0.786307
0.806244
0.825305
0.843469
0.860717
0.877029
0.892388
0.906777
0.920181
0.932585
0.943976
0.954341
0.963669
0.971950
0.979174
0.985334
0.990424
0.994438
0.997370
0.999219
0.999983
0.999659
0.998250
0.995755
0.992178
0.987524
0.981796
0.975001
0.967147
0.958242
0.948295
0.937318
0.925323
0.912322
0.898329
0.883361
0.867432
0.850561
0.832766
0.814065
0.794481
0.774032
0.752743
0.730635
0.707734
0.684064
0.659650
0.634519
0.608699
0.582218
0.555104
0.527386
0.499096
0.470263
0.440919
0.411096
0.380826
0.350142
0.319078
0.287668
0.255944
0.223943
0.191698
0.159245
0.126618
0.093855
0.060989
0.028057
-0.004906
-0.037863
-0.070779
-0.103618
-0.136345
-0.168923
-0.201318
-0.233494
-0.265417
-0.297051
-0.328362
-0.359316
-0.389880
-0.420020
-0.449704
-0.478899
-0.507574
-0.535697
-0.563238
-0.590167
-0.616455
-0.642072
-0.666992
-0.691188
-0.714632
-0.737299
-0.759166
-0.780207
-0.800401
-0.819725
-0.838158
-0.855680
-0.872273
-0.887917
-0.902597
-0.916296
-0.928999
-0.940693
-0.951364
-0.961002
-0.969595
-0.977135
-0.983613
-0.989022
-0.993356
-0.996611
-0.998783
-0.999869
-0.999869
-0.998783
-0.996611
-0.993356
-0.989022
-0.983613
-0.977135
-0.969595
-0.961002
-0.951364
-0.940693
-0.928999
-0.916296
-0.902597
-0.887917
-0.872273
-0.855680
-0.838158
-0.819725
-0.800401
-0.780207
-0.759166
-0.737299
-0.714632
-0.691188
-0.666992
-0.642072
-0.616455
-0.590167
-0.563238
-0.535697
-0.507574
-0.478899
-0.449704
-0.420020
-0.389880
-0.359316
-0.328362
-0.297051
-0.265417
-0.233494
-0.201318
-0.168923
-0.136345
-0.103618
-0.070779
-0.037863
-0.004906
0.028057
0.060989
0.093855
0.126618
0.159245
0.191698
0.223943
0.255944
0.287668
0.319078
0.350142
0.380826
0.411096
0.440919
0.470263
0.499096
0.527386
0.555104
0.582218
0.608699
0.634519
0.659650
0.684064
0.707734
0.730635
0.752743
0.774032
0.794481
0.814065
0.832766
0.850561
0.867432
0.883361
0.898329
0.912322
0.925323
0.937318
0.948295
0.958242
0.967147
0.975001
0.981796
0.987524
0.992178
0.995755
0.998250
0.999659
0.999983
0.999219
0.997370
0.994438
0.990424
0.985334
0.979174
0.971950
0.963669
0.954341
0.943976
0.932585
0.920181
0.906777
0.892388
0.877029
0.860717
0.843469
0.825305
0.806244
0.786307
0.765516
0.743893
0.721461
0.698245
0.674271
0.649564
0.624151
0.598059
0.571318
0.543956
0.516003
0.487490
0.458446
0.428904
0.398897
0.368455
0.337614
0.306405
0.274864
0.243024
0.210920
0.178586
0.146059
0.113372
0.080563
0.047666
0.014717
-0.018247
-0.051192
-0.084082
-0.116879
-0.149550
-0.182059
-0.214369
-0.246447
-0.278257
-0.309764
-0.340935
-0.371735
-0.402132
-0.432091
-0.461581
-0.490569
-0.519024
-0.546916
-0.574212
-0.600885
-0.626905
-0.652244
-0.676874
-0.700768
-0.723901
-0.746247
-0.767783
-0.788484
-0.808328
-0.827294
-0.845360
-0.862509
-0.878720
-0.893976
-0.908260
-0.921558
-0.933854
-0.945135
-0.955390
-0.964606
-0.972774
-0.979885
-0.985931
-0.990906
-0.994803
-0.997620
-0.999353
-1.000000
-0.999560
-0.998034
-0.995424
-0.991731
-0.986962
-0.981119
-0.974211
-0.966243
-0.957226
-0.947169
-0.936082
-0.923978
-0.910870
-0.896773
-0.881701
-0.865670
-0.848699
-0.830806
-0.812010
-0.792332
-0.771792
-0.750414
-0.728220
-0.705235
-0.681484
-0.656992
-0.631787
-0.605894
-0.579344
-0.552163
-0.524383
-0.496033
-0.467144
-0.437747
-0.407875
-0.377559
-0.346833
-0.315730
-0.284284
-0.252530
-0.220500
-0.188232
-0.155758
-0.123115
-0.090339
-0.057464
-0.024527
0.008436
0.041391
0.074300
0.107129
0.139842
0.172402
0.204775
0.236926
0.268819
0.300420
0.331695
0.362609
0.393129
0.423222
0.452855
0.481996
0.510613
0.538675
0.566152
0.593013
0.619231
0.644775
0.669619
0.693735
0.717097
0.739680
0.761459
0.782411
0.802512
0.821742
0.840078
0.857502
0.873994
0.889536
0.904111
0.917704
0.930300
0.941884
0.952446
0.961972
0.970453
0.977879
0.984243
0.989537
0.993756
0.996895
0.998951
0.999921
0.999805
0.998602
0.996314
0.992943
0.988494
0.982970
0.976378
0.968725
0.960019
0.950270
0.939489
0.927686
0.914876
0.901071
0.886287
0.870541
0.853848
0.836227
0.817697
0.798279
0.777994
0.756863
0.734910
0.712158
0.688632
0.664358
0.639362
0.613671
0.587313
0.560317
0.532712
0.504529
0.475797
0.446548
0.416814
0.386627
0.356019
0.325025
0.293678
0.262011
0.230060
0.197859
0.165443
0.132847
0.100106
0.067257
0.034335
0.001375
-0.031586
-0.064512
-0.097369
-0.130120
-0.162729
-0.195162
-0.227382
-0.259355
-0.291047
-0.322422
-0.353447
-0.384088
-0.414312
-0.444085
-0.473376
-0.502152
-0.530396
-0.558116
-0.585311
-0.611951
-0.637987
-0.663368
-0.688043
-0.711961
-0.735070
-0.757317
-0.778648
-0.799012
-0.818357
-0.836631
-0.853785
-0.869770
-0.884540
-0.898052
-0.910261
-0.921131
-0.930624
-0.938707
-0.945352
-0.950534
-0.954230
-0.956425
-0.957105
-0.956262
-0.953895
-0.950004
-0.944596
-0.937684
-0.929284
-0.919419
-0.908114
-0.895402
-0.881320
-0.865908
-0.849213
-0.831284
-0.812175
-0.791943
-0.770651
-0.748361
-0.725142
-0.701062
-0.676193
-0.650609
-0.624384
-0.597594
-0.570315
-0.542623
-0.514595
-0.486307
-0.457833
-0.429247
-0.400621
-0.372024
-0.343525
-0.315188
-0.287076
-0.259249
-0.231763
-0.204670
-0.178021
-0.151860
-0.126231
-0.101172
-0.076716
-0.052895
-0.029736
-0.007262
0.014508
0.035559
0.055877
0.075454
0.094284
0.112365
0.129698
0.146285
0.162133
0.177250
0.191645
0.205333
0.218326
0.230641
0.242294
0.253306
0.263694
0.273479
0.282683
0.291326
0.299431
0.307019
0.314112
0.320732
0.326901
0.332640
0.337968
0.342908
0.347477
0.351696
0.355581
0.359151
0.362421
0.365407
0.368124
0.370585
0.372804
0.374791
0.376559
0.378116
0.379473
0.380638
0.381619
0.382422
0.383054
0.383521
0.383827
0.383993
0.383933
0.383279
0.381629
0.378849
0.374951
0.369947
0.363853
0.356689
0.348477
0.339240
0.329007
0.317809
0.305678
0.292650
0.278763
0.264058
0.248579
0.232371
0.215481
0.197959
0.179856
0.161226
0.142123
0.122603
0.102724
0.082543
0.062120
0.041515
0.020788
0.000000
##END
