##TITLE= dor0 radial a cnst1=24.459
##JCAMP-DX= 5.00 Bruker JCAMP library
##DATA TYPE= Shape Data
##ORIGIN= Bruker Analytik GmbH
##OWNER= <nmrsu>
##DATE= xx
##TIME= xx
##MINX= 0
##MAXX= 1
##MINY= 0
##MAXY= 1
##$SHAPE_EXMODE= Gradient
##$SHAPE_TOTROT= 0
##$SHAPE_BWFAC= 0
##$SHAPE_INTEGFAC= 0
##$SHAPE_MODE= 0
##NPOINTS=1000
##XYDATA= (X++(Y..Y))
0.000000
-0.054100
-0.108040
-0.161664
-0.214814
-0.267334
-0.319069
-0.369869
-0.419584
-0.468068
-0.515179
-0.560779
-0.604734
-0.646915
-0.687199
-0.725468
-0.761608
-0.795514
-0.827087
-0.856234
-0.882869
-0.906914
-0.928299
-0.946961
-0.962845
-0.975904
-0.986100
-0.993403
-0.997790
-0.999616
-0.999931
-0.999703
-0.999167
-0.998279
-0.997040
-0.995450
-0.993509
-0.991217
-0.988575
-0.985583
-0.982242
-0.978553
-0.974518
-0.970136
-0.965409
-0.960339
-0.954927
-0.949174
-0.943082
-0.936653
-0.929888
-0.922789
-0.915358
-0.907597
-0.899508
-0.891094
-0.882357
-0.873298
-0.863922
-0.854230
-0.844225
-0.833912
-0.823291
-0.812368
-0.801146
-0.789628
-0.777819
-0.765723
-0.753344
-0.740687
-0.727757
-0.714559
-0.701099
-0.687383
-0.673417
-0.659208
-0.644762
-0.630087
-0.615190
-0.600080
-0.584763
-0.569250
-0.553549
-0.537670
-0.521622
-0.505415
-0.489060
-0.472568
-0.455950
-0.439217
-0.422382
-0.405456
-0.388451
-0.371381
-0.354258
-0.337096
-0.319908
-0.302708
-0.285509
-0.268325
-0.251170
-0.234058
-0.217004
-0.200022
-0.183125
-0.166328
-0.149645
-0.133090
-0.116677
-0.100419
-0.084330
-0.068423
-0.052711
-0.037207
-0.021922
-0.006870
0.007938
0.022491
0.036778
0.050789
0.064514
0.077943
0.091067
0.103879
0.116370
0.128533
0.140361
0.151848
0.162990
0.173780
0.184215
0.194291
0.204005
0.213355
0.222340
0.230957
0.239206
0.247089
0.254605
0.261756
0.268545
0.274973
0.281045
0.286763
0.292134
0.297161
0.301851
0.306209
0.310243
0.313996
0.317583
0.321116
0.324632
0.328130
0.331611
0.335074
0.338519
0.341946
0.345354
0.348744
0.352116
0.355468
0.358801
0.362115
0.365410
0.368685
0.371940
0.375175
0.378390
0.381585
0.384759
0.387913
0.391046
0.394158
0.397248
0.400318
0.403366
0.406392
0.409396
0.412379
0.415339
0.418277
0.421193
0.424086
0.426956
0.429803
0.432627
0.435428
0.438206
0.440960
0.443691
0.446397
0.449080
0.451739
0.454373
0.456983
0.459568
0.462129
0.464665
0.467176
0.469662
0.472123
0.474559
0.476968
0.479353
0.481712
0.484044
0.486351
0.488632
0.490886
0.493114
0.495316
0.497491
0.499640
0.501761
0.503856
0.505924
0.507964
0.509977
0.511963
0.513921
0.515852
0.517755
0.519631
0.521478
0.523297
0.525089
0.526852
0.528587
0.530293
0.531971
0.533621
0.535242
0.536834
0.538397
0.539932
0.541437
0.542914
0.544361
0.545779
0.547168
0.548527
0.549857
0.551158
0.552429
0.553670
0.554881
0.556063
0.557215
0.558337
0.559429
0.560491
0.561523
0.562525
0.563496
0.564438
0.565349
0.566230
0.567080
0.567900
0.568689
0.569448
0.570177
0.570874
0.571541
0.572178
0.572784
0.573359
0.573903
0.574416
0.574899
0.575351
0.575772
0.576162
0.576521
0.576849
0.577146
0.577412
0.577647
0.577851
0.578025
0.578167
0.578278
0.578358
0.578407
0.578425
0.578412
0.578368
0.578293
0.578187
0.578050
0.577881
0.577682
0.577452
0.577191
0.576899
0.576575
0.576221
0.575836
0.575420
0.574974
0.574496
0.573987
0.573448
0.572878
0.572277
0.571646
0.570984
0.570291
0.569567
0.568813
0.568029
0.567214
0.566368
0.565492
0.564586
0.563650
0.562683
0.561686
0.560659
0.559602
0.558515
0.557397
0.556250
0.555073
0.553867
0.552630
0.551364
0.550068
0.548743
0.547388
0.546004
0.544591
0.543148
0.541676
0.540176
0.538646
0.537087
0.535500
0.533883
0.532238
0.530565
0.528863
0.527133
0.525374
0.523587
0.521772
0.519929
0.518058
0.516160
0.514233
0.512279
0.510298
0.508289
0.506253
0.504190
0.502100
0.499982
0.497838
0.495667
0.493470
0.491246
0.488996
0.486719
0.484417
0.482088
0.479733
0.477353
0.474947
0.472516
0.470059
0.467577
0.465070
0.462538
0.459982
0.457400
0.454794
0.452164
0.449509
0.446830
0.444127
0.441400
0.438650
0.435876
0.433079
0.430258
0.427415
0.424548
0.421659
0.418747
0.415812
0.412856
0.409877
0.406876
0.403853
0.400809
0.397743
0.394656
0.391547
0.388418
0.385267
0.382096
0.378905
0.375693
0.372461
0.369209
0.365937
0.362646
0.359335
0.356005
0.352655
0.349287
0.345900
0.342495
0.339071
0.335629
0.332169
0.328691
0.325195
0.321682
0.318152
0.314604
0.311040
0.307459
0.303862
0.300248
0.296618
0.292972
0.289311
0.285634
0.281941
0.278234
0.274511
0.270774
0.267023
0.263257
0.259476
0.255682
0.251875
0.248053
0.244219
0.240371
0.236510
0.232637
0.228751
0.224853
0.220943
0.217021
0.213087
0.209142
0.205186
0.201218
0.197240
0.193252
0.189253
0.185243
0.181224
0.177195
0.173157
0.169109
0.165052
0.160987
0.156912
0.152830
0.148739
0.144640
0.140533
0.136419
0.132297
0.128169
0.124033
0.119891
0.115743
0.111588
0.107427
0.103261
0.099088
0.094911
0.090728
0.086541
0.082349
0.078153
0.073952
0.069747
0.065539
0.061327
0.057112
0.052894
0.048673
0.044449
0.040223
0.035995
0.031765
0.027533
0.023300
0.019065
0.014829
0.010593
0.006356
0.002119
-0.002119
-0.006356
-0.010593
-0.014829
-0.019065
-0.023300
-0.027533
-0.031765
-0.035995
-0.040223
-0.044449
-0.048673
-0.052894
-0.057112
-0.061327
-0.065539
-0.069747
-0.073952
-0.078153
-0.082349
-0.086541
-0.090728
-0.094911
-0.099088
-0.103261
-0.107427
-0.111588
-0.115743
-0.119891
-0.124033
-0.128169
-0.132297
-0.136419
-0.140533
-0.144640
-0.148739
-0.152830
-0.156912
-0.160987
-0.165052
-0.169109
-0.173157
-0.177195
-0.181224
-0.185243
-0.189253
-0.193252
-0.197240
-0.201218
-0.205186
-0.209142
-0.213087
-0.217021
-0.220943
-0.224853
-0.228751
-0.232637
-0.236510
-0.240371
-0.244219
-0.248053
-0.251875
-0.255682
-0.259476
-0.263257
-0.267023
-0.270774
-0.274511
-0.278234
-0.281941
-0.285634
-0.289311
-0.292972
-0.296618
-0.300248
-0.303862
-0.307459
-0.311040
-0.314604
-0.318152
-0.321682
-0.325195
-0.328691
-0.332169
-0.335629
-0.339071
-0.342495
-0.345900
-0.349287
-0.352655
-0.356005
-0.359335
-0.362646
-0.365937
-0.369209
-0.372461
-0.375693
-0.378905
-0.382096
-0.385267
-0.388418
-0.391547
-0.394656
-0.397743
-0.400809
-0.403853
-0.406876
-0.409877
-0.412856
-0.415812
-0.418747
-0.421659
-0.424548
-0.427415
-0.430258
-0.433079
-0.435876
-0.438650
-0.441400
-0.444127
-0.446830
-0.449509
-0.452164
-0.454794
-0.457400
-0.459982
-0.462538
-0.465070
-0.467577
-0.470059
-0.472516
-0.474947
-0.477353
-0.479733
-0.482088
-0.484417
-0.486719
-0.488996
-0.491246
-0.493470
-0.495667
-0.497838
-0.499982
-0.502100
-0.504190
-0.506253
-0.508289
-0.510298
-0.512279
-0.514233
-0.516160
-0.518058
-0.519929
-0.521772
-0.523587
-0.525374
-0.527133
-0.528863
-0.530565
-0.532238
-0.533883
-0.535500
-0.537087
-0.538646
-0.540176
-0.541676
-0.543148
-0.544591
-0.546004
-0.547388
-0.548743
-0.550068
-0.551364
-0.552630
-0.553867
-0.555073
-0.556250
-0.557397
-0.558515
-0.559602
-0.560659
-0.561686
-0.562683
-0.563650
-0.564586
-0.565492
-0.566368
-0.567214
-0.568029
-0.568813
-0.569567
-0.570291
-0.570984
-0.571646
-0.572277
-0.572878
-0.573448
-0.573987
-0.574496
-0.574974
-0.575420
-0.575836
-0.576221
-0.576575
-0.576899
-0.577191
-0.577452
-0.577682
-0.577881
-0.578050
-0.578187
-0.578293
-0.578368
-0.578412
-0.578425
-0.578407
-0.578358
-0.578278
-0.578167
-0.578025
-0.577851
-0.577647
-0.577412
-0.577146
-0.576849
-0.576521
-0.576162
-0.575772
-0.575351
-0.574899
-0.574416
-0.573903
-0.573359
-0.572784
-0.572178
-0.571541
-0.570874
-0.570177
-0.569448
-0.568689
-0.567900
-0.567080
-0.566230
-0.565349
-0.564438
-0.563496
-0.562525
-0.561523
-0.560491
-0.559429
-0.558337
-0.557215
-0.556063
-0.554881
-0.553670
-0.552429
-0.551158
-0.549857
-0.548527
-0.547168
-0.545779
-0.544361
-0.542914
-0.541437
-0.539932
-0.538397
-0.536834
-0.535242
-0.533621
-0.531971
-0.530293
-0.528587
-0.526852
-0.525089
-0.523297
-0.521478
-0.519631
-0.517755
-0.515852
-0.513921
-0.511963
-0.509977
-0.507964
-0.505924
-0.503856
-0.501761
-0.499640
-0.497491
-0.495316
-0.493114
-0.490886
-0.488632
-0.486351
-0.484044
-0.481712
-0.479353
-0.476968
-0.474559
-0.472123
-0.469662
-0.467176
-0.464665
-0.462129
-0.459568
-0.456983
-0.454373
-0.451739
-0.449080
-0.446397
-0.443691
-0.440960
-0.438206
-0.435428
-0.432627
-0.429803
-0.426956
-0.424086
-0.421193
-0.418277
-0.415339
-0.412379
-0.409396
-0.406392
-0.403366
-0.400318
-0.397248
-0.394158
-0.391046
-0.387913
-0.384759
-0.381585
-0.378390
-0.375175
-0.371940
-0.368685
-0.365410
-0.362115
-0.358801
-0.355468
-0.352116
-0.348744
-0.345354
-0.341946
-0.338519
-0.335074
-0.331611
-0.328130
-0.324632
-0.321116
-0.317583
-0.313996
-0.310243
-0.306209
-0.301851
-0.297161
-0.292134
-0.286763
-0.281045
-0.274973
-0.268545
-0.261756
-0.254605
-0.247089
-0.239206
-0.230957
-0.222340
-0.213355
-0.204005
-0.194291
-0.184215
-0.173780
-0.162990
-0.151848
-0.140361
-0.128533
-0.116370
-0.103879
-0.091067
-0.077943
-0.064514
-0.050789
-0.036778
-0.022491
-0.007938
0.006870
0.021922
0.037207
0.052711
0.068423
0.084330
0.100419
0.116677
0.133090
0.149645
0.166328
0.183125
0.200022
0.217004
0.234058
0.251170
0.268325
0.285509
0.302708
0.319908
0.337096
0.354258
0.371381
0.388451
0.405456
0.422382
0.439217
0.455950
0.472568
0.489060
0.505415
0.521622
0.537670
0.553549
0.569250
0.584763
0.600080
0.615190
0.630087
0.644762
0.659208
0.673417
0.687383
0.701099
0.714559
0.727757
0.740687
0.753344
0.765723
0.777819
0.789628
0.801146
0.812368
0.823291
0.833912
0.844225
0.854230
0.863922
0.873298
0.882357
0.891094
0.899508
0.907597
0.915358
0.922789
0.929888
0.936653
0.943082
0.949174
0.954927
0.960339
0.965409
0.970136
0.974518
0.978553
0.982242
0.985583
0.988575
0.991217
0.993509
0.995450
0.997040
0.998279
0.999167
0.999703
0.999931
0.999616
0.997790
0.993403
0.986100
0.975904
0.962845
0.946961
0.928299
0.906914
0.882869
0.856234
0.827087
0.795514
0.761608
0.725468
0.687199
0.646915
0.604734
0.560779
0.515179
0.468068
0.419584
0.369869
0.319069
0.267334
0.214814
0.161664
0.108040
0.054100
0.000000
##END
