##TITLE= dor0 radial b cnst1=24.459
##JCAMP-DX= 5.00 Bruker JCAMP library
##DATA TYPE= Shape Data
##ORIGIN= Bruker Analytik GmbH
##OWNER= <nmrsu>
##DATE= xx
##TIME= xx
##MINX= 0
##MAXX= 1
##MINY= 0
##MAXY= 1
##$SHAPE_EXMODE= Gradient
##$SHAPE_TOTROT= 0
##$SHAPE_BWFAC= 0
##$SHAPE_INTEGFAC= 0
##$SHAPE_MODE= 0
##NPOINTS=1000
##XYDATA= (X++(Y..Y))
0.000000
-0.000000
-0.000000
-0.000000
-0.000000
-0.000001
-0.000002
-0.000004
-0.000009
-0.000018
-0.000032
-0.000055
-0.000091
-0.000143
-0.000217
-0.000320
-0.000459
-0.000642
-0.000878
-0.001178
-0.001551
-0.002010
-0.002565
-0.003229
-0.004011
-0.004924
-0.005977
-0.007179
-0.008536
-0.010057
-0.011749
-0.013623
-0.015686
-0.017948
-0.020415
-0.023095
-0.025994
-0.029119
-0.032476
-0.036070
-0.039905
-0.043986
-0.048316
-0.052898
-0.057735
-0.062827
-0.068176
-0.073781
-0.079644
-0.085761
-0.092132
-0.098753
-0.105622
-0.112733
-0.120083
-0.127665
-0.135473
-0.143501
-0.151740
-0.160182
-0.168818
-0.177639
-0.186634
-0.195792
-0.205101
-0.214550
-0.224127
-0.233817
-0.243608
-0.253486
-0.263436
-0.273445
-0.283496
-0.293575
-0.303667
-0.313756
-0.323827
-0.333863
-0.343849
-0.353770
-0.363609
-0.373352
-0.382982
-0.392485
-0.401846
-0.411050
-0.420082
-0.428930
-0.437578
-0.446015
-0.454228
-0.462204
-0.469933
-0.477403
-0.484604
-0.491528
-0.498164
-0.504506
-0.510545
-0.516276
-0.521692
-0.526788
-0.531561
-0.536006
-0.540123
-0.543908
-0.547362
-0.550484
-0.553276
-0.555738
-0.557875
-0.559688
-0.561183
-0.562364
-0.563237
-0.563808
-0.564086
-0.564078
-0.563792
-0.563238
-0.562426
-0.561366
-0.560070
-0.558549
-0.556815
-0.554881
-0.552760
-0.550466
-0.548011
-0.545411
-0.542679
-0.539830
-0.536879
-0.533842
-0.530732
-0.527566
-0.524359
-0.521126
-0.517882
-0.514643
-0.511424
-0.508240
-0.505106
-0.502038
-0.499049
-0.496155
-0.493370
-0.490707
-0.488180
-0.485779
-0.483443
-0.481103
-0.478738
-0.476347
-0.473930
-0.471488
-0.469021
-0.466528
-0.464011
-0.461468
-0.458901
-0.456309
-0.453693
-0.451052
-0.448387
-0.445699
-0.442986
-0.440249
-0.437489
-0.434705
-0.431898
-0.429068
-0.426215
-0.423338
-0.420440
-0.417518
-0.414574
-0.411608
-0.408620
-0.405610
-0.402578
-0.399525
-0.396450
-0.393354
-0.390236
-0.387098
-0.383939
-0.380759
-0.377559
-0.374339
-0.371099
-0.367838
-0.364558
-0.361259
-0.357940
-0.354601
-0.351244
-0.347868
-0.344473
-0.341060
-0.337628
-0.334179
-0.330711
-0.327226
-0.323723
-0.320203
-0.316665
-0.313111
-0.309539
-0.305951
-0.302347
-0.298727
-0.295090
-0.291438
-0.287770
-0.284086
-0.280387
-0.276674
-0.272945
-0.269202
-0.265444
-0.261672
-0.257886
-0.254086
-0.250273
-0.246446
-0.242605
-0.238752
-0.234886
-0.231008
-0.227117
-0.223214
-0.219298
-0.215371
-0.211433
-0.207483
-0.203522
-0.199550
-0.195568
-0.191575
-0.187571
-0.183558
-0.179534
-0.175502
-0.171459
-0.167408
-0.163347
-0.159278
-0.155200
-0.151114
-0.147019
-0.142917
-0.138807
-0.134690
-0.130566
-0.126434
-0.122296
-0.118151
-0.114000
-0.109842
-0.105679
-0.101510
-0.097336
-0.093156
-0.088972
-0.084782
-0.080588
-0.076390
-0.072188
-0.067982
-0.063772
-0.059559
-0.055342
-0.051123
-0.046901
-0.042676
-0.038449
-0.034220
-0.029989
-0.025756
-0.021523
-0.017287
-0.013052
-0.008815
-0.004578
-0.000340
0.003897
0.008134
0.012371
0.016607
0.020842
0.025076
0.029309
0.033540
0.037770
0.041997
0.046222
0.050445
0.054665
0.058881
0.063095
0.067306
0.071512
0.075715
0.079914
0.084109
0.088299
0.092484
0.096665
0.100840
0.105010
0.109174
0.113332
0.117484
0.121630
0.125770
0.129902
0.134028
0.138147
0.142258
0.146361
0.150457
0.154544
0.158623
0.162694
0.166756
0.170809
0.174853
0.178887
0.182912
0.186927
0.190932
0.194927
0.198911
0.202885
0.206848
0.210799
0.214740
0.218668
0.222585
0.226490
0.230383
0.234264
0.238132
0.241987
0.245830
0.249659
0.253474
0.257276
0.261065
0.264839
0.268599
0.272345
0.276076
0.279792
0.283493
0.287179
0.290849
0.294504
0.298143
0.301767
0.305374
0.308964
0.312538
0.316095
0.319635
0.323159
0.326664
0.330152
0.333623
0.337075
0.340510
0.343926
0.347324
0.350703
0.354063
0.357405
0.360727
0.364030
0.367313
0.370576
0.373820
0.377043
0.380247
0.383430
0.386592
0.389734
0.392854
0.395954
0.399032
0.402089
0.405124
0.408138
0.411130
0.414099
0.417047
0.419972
0.422874
0.425754
0.428611
0.431445
0.434256
0.437043
0.439807
0.442548
0.445264
0.447957
0.450626
0.453270
0.455891
0.458486
0.461058
0.463604
0.466126
0.468622
0.471093
0.473540
0.475960
0.478355
0.480725
0.483068
0.485386
0.487678
0.489943
0.492183
0.494395
0.496582
0.498741
0.500874
0.502980
0.505059
0.507111
0.509136
0.511133
0.513103
0.515045
0.516960
0.518847
0.520706
0.522537
0.524340
0.526115
0.527862
0.529581
0.531271
0.532932
0.534565
0.536169
0.537745
0.539291
0.540809
0.542298
0.543757
0.545188
0.546589
0.547960
0.549303
0.550616
0.551899
0.553153
0.554377
0.555571
0.556735
0.557870
0.558974
0.560049
0.561094
0.562108
0.563092
0.564046
0.564970
0.565864
0.566727
0.567560
0.568362
0.569133
0.569875
0.570585
0.571265
0.571915
0.572533
0.573121
0.573678
0.574205
0.574700
0.575165
0.575599
0.576002
0.576374
0.576715
0.577025
0.577304
0.577552
0.577769
0.577956
0.578111
0.578235
0.578328
0.578390
0.578421
0.578421
0.578390
0.578328
0.578235
0.578111
0.577956
0.577769
0.577552
0.577304
0.577025
0.576715
0.576374
0.576002
0.575599
0.575165
0.574700
0.574205
0.573678
0.573121
0.572533
0.571915
0.571265
0.570585
0.569875
0.569133
0.568362
0.567560
0.566727
0.565864
0.564970
0.564046
0.563092
0.562108
0.561094
0.560049
0.558974
0.557870
0.556735
0.555571
0.554377
0.553153
0.551899
0.550616
0.549303
0.547960
0.546589
0.545188
0.543757
0.542298
0.540809
0.539291
0.537745
0.536169
0.534565
0.532932
0.531271
0.529581
0.527862
0.526115
0.524340
0.522537
0.520706
0.518847
0.516960
0.515045
0.513103
0.511133
0.509136
0.507111
0.505059
0.502980
0.500874
0.498741
0.496582
0.494395
0.492183
0.489943
0.487678
0.485386
0.483068
0.480725
0.478355
0.475960
0.473540
0.471093
0.468622
0.466126
0.463604
0.461058
0.458486
0.455891
0.453270
0.450626
0.447957
0.445264
0.442548
0.439807
0.437043
0.434256
0.431445
0.428611
0.425754
0.422874
0.419972
0.417047
0.414099
0.411130
0.408138
0.405124
0.402089
0.399032
0.395954
0.392854
0.389734
0.386592
0.383430
0.380247
0.377043
0.373820
0.370576
0.367313
0.364030
0.360727
0.357405
0.354063
0.350703
0.347324
0.343926
0.340510
0.337075
0.333623
0.330152
0.326664
0.323159
0.319635
0.316095
0.312538
0.308964
0.305374
0.301767
0.298143
0.294504
0.290849
0.287179
0.283493
0.279792
0.276076
0.272345
0.268599
0.264839
0.261065
0.257276
0.253474
0.249659
0.245830
0.241987
0.238132
0.234264
0.230383
0.226490
0.222585
0.218668
0.214740
0.210799
0.206848
0.202885
0.198911
0.194927
0.190932
0.186927
0.182912
0.178887
0.174853
0.170809
0.166756
0.162694
0.158623
0.154544
0.150457
0.146361
0.142258
0.138147
0.134028
0.129902
0.125770
0.121630
0.117484
0.113332
0.109174
0.105010
0.100840
0.096665
0.092484
0.088299
0.084109
0.079914
0.075715
0.071512
0.067306
0.063095
0.058881
0.054665
0.050445
0.046222
0.041997
0.037770
0.033540
0.029309
0.025076
0.020842
0.016607
0.012371
0.008134
0.003897
-0.000340
-0.004578
-0.008815
-0.013052
-0.017287
-0.021523
-0.025756
-0.029989
-0.034220
-0.038449
-0.042676
-0.046901
-0.051123
-0.055342
-0.059559
-0.063772
-0.067982
-0.072188
-0.076390
-0.080588
-0.084782
-0.088972
-0.093156
-0.097336
-0.101510
-0.105679
-0.109842
-0.114000
-0.118151
-0.122296
-0.126434
-0.130566
-0.134690
-0.138807
-0.142917
-0.147019
-0.151114
-0.155200
-0.159278
-0.163347
-0.167408
-0.171459
-0.175502
-0.179534
-0.183558
-0.187571
-0.191575
-0.195568
-0.199550
-0.203522
-0.207483
-0.211433
-0.215371
-0.219298
-0.223214
-0.227117
-0.231008
-0.234886
-0.238752
-0.242605
-0.246446
-0.250273
-0.254086
-0.257886
-0.261672
-0.265444
-0.269202
-0.272945
-0.276674
-0.280387
-0.284086
-0.287770
-0.291438
-0.295090
-0.298727
-0.302347
-0.305951
-0.309539
-0.313111
-0.316665
-0.320203
-0.323723
-0.327226
-0.330711
-0.334179
-0.337628
-0.341060
-0.344473
-0.347868
-0.351244
-0.354601
-0.357940
-0.361259
-0.364558
-0.367838
-0.371099
-0.374339
-0.377559
-0.380759
-0.383939
-0.387098
-0.390236
-0.393354
-0.396450
-0.399525
-0.402578
-0.405610
-0.408620
-0.411608
-0.414574
-0.417518
-0.420440
-0.423338
-0.426215
-0.429068
-0.431898
-0.434705
-0.437489
-0.440249
-0.442986
-0.445699
-0.448387
-0.451052
-0.453693
-0.456309
-0.458901
-0.461468
-0.464011
-0.466528
-0.469021
-0.471488
-0.473930
-0.476347
-0.478738
-0.481103
-0.483443
-0.485779
-0.488180
-0.490707
-0.493370
-0.496155
-0.499049
-0.502038
-0.505106
-0.508240
-0.511424
-0.514643
-0.517882
-0.521126
-0.524359
-0.527566
-0.530732
-0.533842
-0.536879
-0.539830
-0.542679
-0.545411
-0.548011
-0.550466
-0.552760
-0.554881
-0.556815
-0.558549
-0.560070
-0.561366
-0.562426
-0.563238
-0.563792
-0.564078
-0.564086
-0.563808
-0.563237
-0.562364
-0.561183
-0.559688
-0.557875
-0.555738
-0.553276
-0.550484
-0.547362
-0.543908
-0.540123
-0.536006
-0.531561
-0.526788
-0.521692
-0.516276
-0.510545
-0.504506
-0.498164
-0.491528
-0.484604
-0.477403
-0.469933
-0.462204
-0.454228
-0.446015
-0.437578
-0.428930
-0.420082
-0.411050
-0.401846
-0.392485
-0.382982
-0.373352
-0.363609
-0.353770
-0.343849
-0.333863
-0.323827
-0.313756
-0.303667
-0.293575
-0.283496
-0.273445
-0.263436
-0.253486
-0.243608
-0.233817
-0.224127
-0.214550
-0.205101
-0.195792
-0.186634
-0.177639
-0.168818
-0.160182
-0.151740
-0.143501
-0.135473
-0.127665
-0.120083
-0.112733
-0.105622
-0.098753
-0.092132
-0.085761
-0.079644
-0.073781
-0.068176
-0.062827
-0.057735
-0.052898
-0.048316
-0.043986
-0.039905
-0.036070
-0.032476
-0.029119
-0.025994
-0.023095
-0.020415
-0.017948
-0.015686
-0.013623
-0.011749
-0.010057
-0.008536
-0.007179
-0.005977
-0.004924
-0.004011
-0.003229
-0.002565
-0.002010
-0.001551
-0.001178
-0.000878
-0.000642
-0.000459
-0.000320
-0.000217
-0.000143
-0.000091
-0.000055
-0.000032
-0.000018
-0.000009
-0.000004
-0.000002
-0.000001
-0.000000
-0.000000
-0.000000
-0.000000
0.000000
##END
