##TITLE= radial b
##JCAMP-DX= 5.00 Bruker JCAMP library
##DATA TYPE= Shape Data
##ORIGIN= Bruker Analytik GmbH
##OWNER= <nmrsu>
##DATE= xx
##TIME= xx
##MINX= 0
##MAXX= 1
##MINY= 0
##MAXY= 1
##$SHAPE_EXMODE= Gradient
##$SHAPE_TOTROT= 0
##$SHAPE_BWFAC= 0
##$SHAPE_INTEGFAC= 0
##$SHAPE_MODE= 0
##NPOINTS=1250
##XYDATA= (X++(Y..Y))
0.000000
0.000000
0.000000
0.000000
0.000000
0.000000
0.000001
0.000001
0.000003
0.000006
0.000011
0.000019
0.000031
0.000048
0.000073
0.000107
0.000152
0.000210
0.000284
0.000376
0.000489
0.000625
0.000786
0.000973
0.001188
0.001432
0.001709
0.002019
0.002366
0.002750
0.003174
0.003640
0.004150
0.004705
0.005309
0.005961
0.006666
0.007424
0.008238
0.009109
0.010039
0.011032
0.012087
0.013208
0.014396
0.015654
0.016983
0.018385
0.019862
0.021416
0.023050
0.024765
0.026562
0.028445
0.030415
0.032474
0.034623
0.036866
0.039203
0.041637
0.044170
0.046804
0.049540
0.052381
0.055328
0.058384
0.061550
0.064829
0.068222
0.071731
0.075359
0.079107
0.082977
0.086971
0.091091
0.095339
0.099717
0.104227
0.108870
0.113649
0.118566
0.123622
0.128819
0.134160
0.139646
0.145278
0.151060
0.156992
0.163077
0.169312
0.175694
0.182221
0.188895
0.195714
0.202678
0.209786
0.217037
0.224429
0.231962
0.239634
0.247443
0.255387
0.263464
0.271673
0.280010
0.288473
0.297059
0.305765
0.314589
0.323526
0.332573
0.341727
0.350984
0.360339
0.369789
0.379328
0.388953
0.398658
0.408440
0.418292
0.428209
0.438187
0.448219
0.458301
0.468425
0.478587
0.488781
0.498999
0.509236
0.519486
0.529742
0.539997
0.550245
0.560480
0.570693
0.580880
0.591032
0.601142
0.611205
0.621212
0.631157
0.641033
0.650832
0.660548
0.670174
0.679703
0.689128
0.698442
0.707638
0.716710
0.725651
0.734454
0.743114
0.751623
0.759975
0.768165
0.776186
0.784032
0.791699
0.799180
0.806469
0.813563
0.820456
0.827143
0.833620
0.839882
0.845925
0.851746
0.857340
0.862704
0.867836
0.872731
0.877387
0.881803
0.885975
0.889902
0.893582
0.897013
0.900195
0.903127
0.905808
0.908238
0.910417
0.912345
0.914023
0.915451
0.916630
0.917563
0.918250
0.918694
0.918896
0.918860
0.918587
0.918081
0.917345
0.916382
0.915197
0.913792
0.912173
0.910343
0.908308
0.906071
0.903638
0.901015
0.898206
0.895217
0.892054
0.888723
0.885230
0.881581
0.877783
0.873842
0.869764
0.865557
0.861226
0.856780
0.852225
0.847569
0.842818
0.837979
0.833060
0.828069
0.823012
0.817897
0.812731
0.807522
0.802277
0.797004
0.791709
0.786400
0.781085
0.775770
0.770463
0.765171
0.759901
0.754660
0.749454
0.744291
0.739177
0.734119
0.729124
0.724197
0.719345
0.714573
0.709889
0.705298
0.700805
0.696416
0.692068
0.687692
0.683290
0.678860
0.674405
0.669923
0.665415
0.660881
0.656321
0.651735
0.647124
0.642488
0.637827
0.633141
0.628430
0.623695
0.618935
0.614151
0.609344
0.604512
0.599657
0.594778
0.589877
0.584952
0.580005
0.575034
0.570042
0.565027
0.559990
0.554931
0.549851
0.544749
0.539626
0.534482
0.529317
0.524131
0.518925
0.513699
0.508453
0.503186
0.497901
0.492595
0.487271
0.481927
0.476565
0.471184
0.465785
0.460367
0.454932
0.449479
0.444008
0.438520
0.433015
0.427493
0.421954
0.416399
0.410828
0.405240
0.399637
0.394018
0.388384
0.382735
0.377071
0.371392
0.365698
0.359990
0.354269
0.348533
0.342784
0.337021
0.331246
0.325457
0.319656
0.313842
0.308016
0.302178
0.296328
0.290466
0.284594
0.278710
0.272815
0.266910
0.260994
0.255068
0.249132
0.243186
0.237231
0.231267
0.225293
0.219311
0.213320
0.207321
0.201314
0.195299
0.189277
0.183247
0.177209
0.171165
0.165115
0.159057
0.152994
0.146925
0.140849
0.134769
0.128683
0.122592
0.116496
0.110396
0.104292
0.098183
0.092071
0.085955
0.079835
0.073713
0.067588
0.061460
0.055329
0.049197
0.043062
0.036926
0.030788
0.024650
0.018510
0.012369
0.006228
0.000087
-0.006054
-0.012195
-0.018335
-0.024475
-0.030614
-0.036752
-0.042888
-0.049022
-0.055155
-0.061285
-0.067413
-0.073539
-0.079661
-0.085781
-0.091897
-0.098009
-0.104118
-0.110223
-0.116323
-0.122419
-0.128510
-0.134596
-0.140677
-0.146752
-0.152821
-0.158885
-0.164942
-0.170993
-0.177038
-0.183075
-0.189105
-0.195128
-0.201143
-0.207151
-0.213150
-0.219141
-0.225123
-0.231097
-0.237062
-0.243017
-0.248963
-0.254899
-0.260826
-0.266742
-0.272647
-0.278542
-0.284426
-0.290300
-0.296161
-0.302011
-0.307850
-0.313676
-0.319490
-0.325292
-0.331081
-0.336857
-0.342620
-0.348370
-0.354106
-0.359828
-0.365536
-0.371230
-0.376909
-0.382574
-0.388224
-0.393858
-0.399478
-0.405081
-0.410669
-0.416241
-0.421797
-0.427336
-0.432858
-0.438364
-0.443852
-0.449324
-0.454777
-0.460213
-0.465631
-0.471031
-0.476412
-0.481775
-0.487119
-0.492444
-0.497750
-0.503036
-0.508303
-0.513550
-0.518777
-0.523984
-0.529170
-0.534335
-0.539480
-0.544604
-0.549706
-0.554787
-0.559847
-0.564884
-0.569900
-0.574893
-0.579864
-0.584812
-0.589737
-0.594639
-0.599519
-0.604374
-0.609207
-0.614015
-0.618799
-0.623560
-0.628296
-0.633007
-0.637694
-0.642356
-0.646993
-0.651604
-0.656191
-0.660751
-0.665286
-0.669795
-0.674278
-0.678734
-0.683164
-0.687567
-0.691944
-0.696293
-0.700615
-0.704910
-0.709178
-0.713418
-0.717630
-0.721814
-0.725970
-0.730097
-0.734196
-0.738266
-0.742308
-0.746321
-0.750304
-0.754258
-0.758183
-0.762078
-0.765944
-0.769779
-0.773585
-0.777360
-0.781105
-0.784820
-0.788504
-0.792157
-0.795779
-0.799371
-0.802931
-0.806459
-0.809957
-0.813422
-0.816856
-0.820258
-0.823628
-0.826966
-0.830272
-0.833545
-0.836786
-0.839994
-0.843170
-0.846312
-0.849422
-0.852498
-0.855541
-0.858551
-0.861527
-0.864469
-0.867378
-0.870253
-0.873094
-0.875901
-0.878674
-0.881413
-0.884117
-0.886786
-0.889421
-0.892022
-0.894587
-0.897118
-0.899614
-0.902074
-0.904500
-0.906890
-0.909244
-0.911564
-0.913847
-0.916095
-0.918308
-0.920484
-0.922624
-0.924729
-0.926797
-0.928830
-0.930826
-0.932786
-0.934709
-0.936596
-0.938446
-0.940260
-0.942037
-0.943777
-0.945481
-0.947147
-0.948777
-0.950370
-0.951925
-0.953444
-0.954925
-0.956369
-0.957776
-0.959145
-0.960477
-0.961771
-0.963028
-0.964247
-0.965429
-0.966573
-0.967679
-0.968748
-0.969779
-0.970772
-0.971727
-0.972644
-0.973523
-0.974364
-0.975168
-0.975933
-0.976660
-0.977349
-0.978000
-0.978613
-0.979187
-0.979723
-0.980222
-0.980681
-0.981103
-0.981486
-0.981831
-0.982138
-0.982407
-0.982637
-0.982828
-0.982982
-0.983097
-0.983174
-0.983212
-0.983212
-0.983174
-0.983097
-0.982982
-0.982828
-0.982637
-0.982407
-0.982138
-0.981831
-0.981486
-0.981103
-0.980681
-0.980222
-0.979723
-0.979187
-0.978613
-0.978000
-0.977349
-0.976660
-0.975933
-0.975168
-0.974364
-0.973523
-0.972644
-0.971727
-0.970772
-0.969779
-0.968748
-0.967679
-0.966573
-0.965429
-0.964247
-0.963028
-0.961771
-0.960477
-0.959145
-0.957776
-0.956369
-0.954925
-0.953444
-0.951925
-0.950370
-0.948777
-0.947147
-0.945481
-0.943777
-0.942037
-0.940260
-0.938446
-0.936596
-0.934709
-0.932786
-0.930826
-0.928830
-0.926797
-0.924729
-0.922624
-0.920484
-0.918308
-0.916095
-0.913847
-0.911564
-0.909244
-0.906890
-0.904500
-0.902074
-0.899614
-0.897118
-0.894587
-0.892022
-0.889421
-0.886786
-0.884117
-0.881413
-0.878674
-0.875901
-0.873094
-0.870253
-0.867378
-0.864469
-0.861527
-0.858551
-0.855541
-0.852498
-0.849422
-0.846312
-0.843170
-0.839994
-0.836786
-0.833545
-0.830272
-0.826966
-0.823628
-0.820258
-0.816856
-0.813422
-0.809957
-0.806459
-0.802931
-0.799371
-0.795779
-0.792157
-0.788504
-0.784820
-0.781105
-0.777360
-0.773585
-0.769779
-0.765944
-0.762078
-0.758183
-0.754258
-0.750304
-0.746321
-0.742308
-0.738266
-0.734196
-0.730097
-0.725970
-0.721814
-0.717630
-0.713418
-0.709178
-0.704910
-0.700615
-0.696293
-0.691944
-0.687567
-0.683164
-0.678734
-0.674278
-0.669795
-0.665286
-0.660751
-0.656191
-0.651604
-0.646993
-0.642356
-0.637694
-0.633007
-0.628296
-0.623560
-0.618799
-0.614015
-0.609207
-0.604374
-0.599519
-0.594639
-0.589737
-0.584812
-0.579864
-0.574893
-0.569900
-0.564884
-0.559847
-0.554787
-0.549706
-0.544604
-0.539480
-0.534335
-0.529170
-0.523984
-0.518777
-0.513550
-0.508303
-0.503036
-0.497750
-0.492444
-0.487119
-0.481775
-0.476412
-0.471031
-0.465631
-0.460213
-0.454777
-0.449324
-0.443852
-0.438364
-0.432858
-0.427336
-0.421797
-0.416241
-0.410669
-0.405081
-0.399478
-0.393858
-0.388224
-0.382574
-0.376909
-0.371230
-0.365536
-0.359828
-0.354106
-0.348370
-0.342620
-0.336857
-0.331081
-0.325292
-0.319490
-0.313676
-0.307850
-0.302011
-0.296161
-0.290300
-0.284426
-0.278542
-0.272647
-0.266742
-0.260826
-0.254899
-0.248963
-0.243017
-0.237062
-0.231097
-0.225123
-0.219141
-0.213150
-0.207151
-0.201143
-0.195128
-0.189105
-0.183075
-0.177038
-0.170993
-0.164942
-0.158885
-0.152821
-0.146752
-0.140677
-0.134596
-0.128510
-0.122419
-0.116323
-0.110223
-0.104118
-0.098009
-0.091897
-0.085781
-0.079661
-0.073539
-0.067413
-0.061285
-0.055155
-0.049022
-0.042888
-0.036752
-0.030614
-0.024475
-0.018335
-0.012195
-0.006054
0.000087
0.006228
0.012369
0.018510
0.024650
0.030788
0.036926
0.043062
0.049197
0.055329
0.061460
0.067588
0.073713
0.079835
0.085955
0.092071
0.098183
0.104292
0.110396
0.116496
0.122592
0.128683
0.134769
0.140849
0.146925
0.152994
0.159057
0.165115
0.171165
0.177209
0.183247
0.189277
0.195299
0.201314
0.207321
0.213320
0.219311
0.225293
0.231267
0.237231
0.243186
0.249132
0.255068
0.260994
0.266910
0.272815
0.278710
0.284594
0.290466
0.296328
0.302178
0.308016
0.313842
0.319656
0.325457
0.331246
0.337021
0.342784
0.348533
0.354269
0.359990
0.365698
0.371392
0.377071
0.382735
0.388384
0.394018
0.399637
0.405240
0.410828
0.416399
0.421954
0.427493
0.433015
0.438520
0.444008
0.449479
0.454932
0.460367
0.465785
0.471184
0.476565
0.481927
0.487271
0.492595
0.497901
0.503186
0.508453
0.513699
0.518925
0.524131
0.529317
0.534482
0.539626
0.544749
0.549851
0.554931
0.559990
0.565027
0.570042
0.575034
0.580005
0.584952
0.589877
0.594778
0.599657
0.604512
0.609344
0.614151
0.618935
0.623695
0.628430
0.633141
0.637827
0.642488
0.647124
0.651735
0.656321
0.660881
0.665415
0.669923
0.674405
0.678860
0.683290
0.687692
0.692068
0.696416
0.700805
0.705298
0.709889
0.714573
0.719345
0.724197
0.729124
0.734119
0.739177
0.744291
0.749454
0.754660
0.759901
0.765171
0.770463
0.775770
0.781085
0.786400
0.791709
0.797004
0.802277
0.807522
0.812731
0.817897
0.823012
0.828069
0.833060
0.837979
0.842818
0.847569
0.852225
0.856780
0.861226
0.865557
0.869764
0.873842
0.877783
0.881581
0.885230
0.888723
0.892054
0.895217
0.898206
0.901015
0.903638
0.906071
0.908308
0.910343
0.912173
0.913792
0.915197
0.916382
0.917345
0.918081
0.918587
0.918860
0.918896
0.918694
0.918250
0.917563
0.916630
0.915451
0.914023
0.912345
0.910417
0.908238
0.905808
0.903127
0.900195
0.897013
0.893582
0.889902
0.885975
0.881803
0.877387
0.872731
0.867836
0.862704
0.857340
0.851746
0.845925
0.839882
0.833620
0.827143
0.820456
0.813563
0.806469
0.799180
0.791699
0.784032
0.776186
0.768165
0.759975
0.751623
0.743114
0.734454
0.725651
0.716710
0.707638
0.698442
0.689128
0.679703
0.670174
0.660548
0.650832
0.641033
0.631157
0.621212
0.611205
0.601142
0.591032
0.580880
0.570693
0.560480
0.550245
0.539997
0.529742
0.519486
0.509236
0.498999
0.488781
0.478587
0.468425
0.458301
0.448219
0.438187
0.428209
0.418292
0.408440
0.398658
0.388953
0.379328
0.369789
0.360339
0.350984
0.341727
0.332573
0.323526
0.314589
0.305765
0.297059
0.288473
0.280010
0.271673
0.263464
0.255387
0.247443
0.239634
0.231962
0.224429
0.217037
0.209786
0.202678
0.195714
0.188895
0.182221
0.175694
0.169312
0.163077
0.156992
0.151060
0.145278
0.139646
0.134160
0.128819
0.123622
0.118566
0.113649
0.108870
0.104227
0.099717
0.095339
0.091091
0.086971
0.082977
0.079107
0.075359
0.071731
0.068222
0.064829
0.061550
0.058384
0.055328
0.052381
0.049540
0.046804
0.044170
0.041637
0.039203
0.036866
0.034623
0.032474
0.030415
0.028445
0.026562
0.024765
0.023050
0.021416
0.019862
0.018385
0.016983
0.015654
0.014396
0.013208
0.012087
0.011032
0.010039
0.009109
0.008238
0.007424
0.006666
0.005961
0.005309
0.004705
0.004150
0.003640
0.003174
0.002750
0.002366
0.002019
0.001709
0.001432
0.001188
0.000973
0.000786
0.000625
0.000489
0.000376
0.000284
0.000210
0.000152
0.000107
0.000073
0.000048
0.000031
0.000019
0.000011
0.000006
0.000003
0.000001
0.000001
0.000000
0.000000
0.000000
0.000000
0.000000
0.000000
##END
