##TITLE= axial c
##JCAMP-DX= 5.00 Bruker JCAMP library
##DATA TYPE= Shape Data
##ORIGIN= Bruker Analytik GmbH
##OWNER= <nmrsu>
##DATE= xx
##TIME= xx
##MINX= 0
##MAXX= 1
##MINY= 0
##MAXY= 1
##$SHAPE_EXMODE= Gradient
##$SHAPE_TOTROT= 0
##$SHAPE_BWFAC= 0
##$SHAPE_INTEGFAC= 0
##$SHAPE_MODE= 0
##NPOINTS=1250
##XYDATA= (X++(Y..Y))
0.000000
0.064843
0.129408
0.193420
0.256603
0.318687
0.379406
0.438501
0.495718
0.550813
0.603549
0.653700
0.701052
0.745402
0.786560
0.824350
0.858610
0.889193
0.915968
0.938821
0.957654
0.972387
0.982955
0.989314
0.991437
0.991437
0.991437
0.991437
0.991437
0.991437
0.991437
0.991437
0.991437
0.991437
0.991437
0.991437
0.991437
0.991437
0.991437
0.991437
0.991437
0.991437
0.991437
0.991437
0.991437
0.991437
0.991437
0.991437
0.991437
0.991437
0.991437
0.991437
0.991437
0.991437
0.991437
0.991437
0.991437
0.991437
0.991437
0.991437
0.991437
0.991437
0.991437
0.991437
0.991437
0.991437
0.991437
0.991437
0.991437
0.991437
0.991437
0.991437
0.991437
0.991437
0.991437
0.991437
0.991437
0.991437
0.991437
0.991437
0.991437
0.991437
0.991437
0.991437
0.991437
0.991437
0.991437
0.991437
0.991437
0.991340
0.991050
0.990566
0.989889
0.989020
0.987957
0.986703
0.985257
0.983620
0.981792
0.979775
0.977568
0.975174
0.972592
0.969824
0.966871
0.963734
0.960415
0.956914
0.953233
0.949373
0.945336
0.941124
0.936738
0.932180
0.927451
0.922554
0.917490
0.912261
0.906870
0.901318
0.895609
0.889742
0.883723
0.877551
0.871231
0.864764
0.858153
0.851400
0.844509
0.837481
0.830320
0.823028
0.815609
0.808065
0.800398
0.792613
0.784712
0.776698
0.768575
0.760345
0.752011
0.743578
0.735047
0.726424
0.717710
0.708910
0.700026
0.691063
0.682023
0.672911
0.663729
0.654482
0.645173
0.635806
0.626383
0.616910
0.607390
0.597826
0.588222
0.578582
0.568910
0.559209
0.549483
0.539736
0.529972
0.520195
0.510408
0.500616
0.490821
0.481029
0.471242
0.461465
0.451701
0.441954
0.432228
0.422527
0.412855
0.403215
0.393611
0.384047
0.374527
0.365053
0.355631
0.346264
0.336955
0.327708
0.318526
0.309414
0.300374
0.291411
0.282527
0.273727
0.265013
0.256389
0.247859
0.239426
0.231092
0.222862
0.214739
0.206725
0.198824
0.191039
0.183372
0.175828
0.168409
0.161117
0.153956
0.146928
0.140037
0.133284
0.126673
0.120206
0.113886
0.107714
0.101694
0.095828
0.090118
0.084567
0.079176
0.073947
0.068883
0.063986
0.059257
0.054699
0.050313
0.046101
0.042064
0.038204
0.034523
0.031022
0.027703
0.024566
0.021613
0.018845
0.016263
0.013869
0.011662
0.009645
0.007817
0.006180
0.004734
0.003479
0.002417
0.001547
0.000871
0.000387
0.000097
0.000000
0.000000
0.000000
0.000000
0.000000
0.000000
0.000000
0.000000
0.000000
0.000000
0.000000
0.000000
0.000000
0.000000
0.000000
0.000000
0.000000
0.000000
0.000000
0.000000
0.000000
0.000000
0.000000
0.000000
0.000000
0.000000
0.000000
0.000000
0.000000
0.000000
0.000000
0.000000
0.000000
0.000000
0.000000
0.000000
0.000000
0.000000
0.000000
0.000000
0.000000
0.000000
0.000000
0.000000
0.000000
0.000000
0.000000
0.000000
0.000000
0.000000
0.000000
0.000000
0.000000
0.000000
0.000000
0.000000
0.000000
0.000000
0.000000
0.000000
0.000000
0.000000
0.000000
0.000000
0.000000
0.000000
0.000000
0.000000
0.000000
0.000000
0.000000
0.000000
0.000000
0.000000
0.000000
0.000000
0.000000
0.000000
0.000000
0.000000
0.000000
0.000000
0.000000
0.000000
0.000000
0.000000
0.000000
0.000000
0.000000
0.000000
0.000000
0.000000
0.000000
0.000000
0.000000
0.000000
0.000000
0.000000
0.000000
0.000000
0.000000
0.000000
0.000000
0.000000
0.000000
0.000000
0.000000
0.000000
0.000000
0.000000
0.000000
0.000000
0.000000
0.000000
0.000000
0.000000
0.000000
0.000000
0.000000
0.000000
0.000000
0.000000
0.000000
0.000000
0.000000
0.000000
0.000000
0.000000
0.000000
0.000000
0.000000
0.000000
0.000000
0.000000
0.000000
0.000000
0.000000
0.000000
0.000000
0.000000
0.000000
0.000000
0.000000
0.000000
0.000000
0.000000
0.000000
0.000000
0.000000
0.000000
0.000000
0.000000
0.000000
0.000000
0.000000
0.000000
0.000000
0.000000
0.000000
0.000000
0.000000
0.000000
0.000000
0.000000
0.000000
0.000000
0.000000
0.000000
0.000000
0.000000
0.000000
0.000000
0.000000
0.000000
0.000000
0.000000
0.000000
0.000000
0.000000
0.000000
0.000000
0.000000
0.000000
0.000000
0.000000
0.000000
0.000000
0.000000
0.000000
0.000000
0.000000
0.000000
0.000000
0.000000
0.000000
0.000000
0.000000
0.000000
0.000000
0.000000
0.000000
0.000000
0.000000
0.000000
0.000000
0.000000
0.000000
0.000000
0.000000
0.000000
0.000000
0.000000
0.000000
0.000000
0.000000
0.000000
0.000000
0.000000
0.000000
0.000000
0.000000
0.000000
0.000000
0.000000
0.000000
0.000000
0.000000
0.000000
0.000000
0.000000
0.000000
0.000000
0.000000
0.000000
0.000000
0.000000
0.000000
0.000000
0.000000
0.000000
0.000000
0.000000
0.000000
0.000000
0.000000
0.000000
0.000000
0.000000
0.000000
0.000000
0.000000
0.000000
0.000000
0.000000
0.000000
0.000000
0.000000
0.000000
0.000000
0.000000
0.000000
0.000000
0.000000
0.000000
0.000000
0.000000
0.000000
0.000000
0.000000
0.000000
0.000000
0.000000
0.000000
0.000000
0.000000
0.000000
0.000000
0.000000
0.000000
0.000000
0.000000
0.000000
0.000000
0.000000
0.000000
0.000000
0.000000
0.000000
0.000000
0.000000
0.000000
0.000000
0.000000
0.000000
0.000000
0.000000
0.000000
0.000000
0.000000
0.000000
0.000000
0.000000
0.000000
0.000000
0.000000
0.000000
0.000000
0.000000
0.000000
0.000000
0.000000
0.000000
0.000000
0.000000
0.000000
0.000000
0.000000
0.000000
0.000000
0.000000
0.000000
0.000000
0.000000
0.000000
0.000000
0.000000
0.000000
0.000000
0.000000
0.000000
0.000000
0.000000
0.000000
0.000000
0.000000
0.000000
0.000000
0.000000
0.000000
0.000000
0.000000
0.000000
0.000000
0.000000
0.000000
0.000000
0.000000
0.000000
0.000000
0.000000
0.000000
0.000000
0.000000
0.000000
0.000000
0.000000
0.000000
0.000000
0.000000
0.000000
0.000000
0.000000
0.000000
0.000000
0.000000
0.000000
0.000000
0.000000
0.000000
0.000000
0.000000
0.000000
0.000000
0.000000
0.000000
0.000000
0.000000
0.000000
0.000000
0.000000
0.000000
0.000000
0.000000
0.000000
0.000000
0.000000
0.000000
0.000000
0.000000
0.000000
0.000000
0.000000
0.000000
0.000000
0.000000
0.000000
0.000000
0.000000
0.000000
0.000000
0.000000
0.000000
0.000000
0.000000
0.000000
0.000000
0.000000
0.000000
0.000000
0.000000
0.000000
0.000000
0.000000
0.000000
0.000000
0.000000
0.000000
0.000000
0.000000
0.000000
0.000000
0.000000
0.000000
0.000000
0.000000
0.000000
0.000000
0.000000
0.000000
0.000000
0.000000
0.000000
0.000000
0.000000
0.000000
0.000000
0.000000
0.000000
0.000000
0.000000
0.000000
0.000000
0.000000
0.000000
0.000000
0.000000
0.000000
0.000000
0.000000
0.000000
0.000000
0.000000
0.000000
0.000000
0.000000
0.000000
0.000000
0.000000
0.000000
0.000000
0.000000
0.000000
0.000000
0.000000
0.000000
0.000000
0.000000
0.000000
0.000000
0.000000
0.000000
0.000000
0.000000
0.000000
0.000000
0.000000
0.000000
0.000000
0.000000
0.000000
0.000000
0.000000
0.000000
0.000000
0.000000
0.000000
0.000000
0.000000
0.000000
0.000000
0.000000
0.000000
0.000000
0.000000
0.000000
0.000000
0.000000
0.000000
0.000000
0.000000
0.000000
0.000000
0.000000
0.000000
0.000000
0.000000
0.000000
0.000000
0.000000
0.000000
0.000000
0.000000
0.000000
0.000000
0.000000
0.000000
0.000000
0.000000
0.000000
0.000000
0.000000
0.000000
0.000000
0.000000
0.000000
0.000000
0.000000
0.000000
0.000000
0.000000
0.000000
0.000000
0.000000
0.000000
0.000000
0.000000
0.000000
0.000000
0.000000
0.000000
0.000000
0.000000
0.000000
0.000000
0.000000
0.000000
0.000000
0.000000
0.000000
0.000000
0.000000
0.000000
0.000000
0.000000
0.000000
0.000000
0.000000
0.000000
0.000000
0.000000
0.000000
0.000000
0.000000
0.000000
0.000000
0.000000
0.000000
0.000000
0.000000
0.000000
0.000000
0.000000
0.000000
0.000000
0.000000
0.000000
0.000000
0.000000
0.000000
0.000000
0.000000
0.000000
0.000000
0.000000
0.000000
0.000000
0.000000
0.000000
0.000000
0.000000
0.000000
0.000000
0.000000
0.000000
0.000000
0.000000
0.000000
0.000000
0.000000
0.000000
0.000000
0.000000
0.000000
0.000000
0.000000
0.000000
0.000000
0.000000
0.000000
0.000000
0.000000
0.000000
0.000000
0.000000
0.000000
0.000000
0.000000
0.000000
0.000000
0.000000
0.000000
0.000000
0.000000
0.000000
0.000000
0.000000
0.000000
0.000000
0.000000
0.000000
0.000000
0.000000
0.000000
0.000000
0.000000
0.000000
0.000000
0.000000
0.000000
0.000000
0.000000
0.000000
0.000000
0.000000
0.000000
0.000000
0.000000
0.000000
0.000000
0.000000
0.000000
0.000000
0.000000
0.000000
0.000000
0.000000
0.000000
0.000000
0.000000
0.000000
0.000000
0.000000
0.000000
0.000000
0.000000
0.000000
0.000000
0.000000
0.000000
0.000000
0.000000
0.000000
0.000000
0.000000
0.000000
0.000000
0.000000
0.000000
0.000000
0.000000
0.000000
0.000000
0.000000
0.000000
0.000000
0.000000
0.000000
0.000000
0.000000
0.000000
0.000000
0.000000
0.000000
0.000000
0.000000
0.000000
0.000000
0.000000
0.000000
0.000000
0.000000
0.000000
0.000000
0.000000
0.000000
0.000000
0.000000
0.000000
0.000000
0.000000
0.000000
0.000000
0.000000
0.000000
0.000000
0.000000
0.000000
0.000000
0.000000
0.000000
0.000000
0.000000
0.000000
0.000000
0.000000
0.000000
0.000000
0.000000
0.000000
0.000000
0.000000
0.000000
0.000000
0.000000
0.000000
0.000000
0.000000
0.000000
0.000000
0.000000
0.000000
0.000000
0.000000
0.000000
0.000000
0.000000
0.000000
0.000000
0.000000
0.000000
0.000000
0.000000
0.000000
0.000000
0.000000
0.000000
-0.000097
-0.000387
-0.000871
-0.001547
-0.002417
-0.003479
-0.004734
-0.006180
-0.007817
-0.009645
-0.011662
-0.013869
-0.016263
-0.018845
-0.021613
-0.024566
-0.027703
-0.031022
-0.034523
-0.038204
-0.042064
-0.046101
-0.050313
-0.054699
-0.059257
-0.063986
-0.068883
-0.073947
-0.079176
-0.084567
-0.090118
-0.095828
-0.101694
-0.107714
-0.113886
-0.120206
-0.126673
-0.133284
-0.140037
-0.146928
-0.153956
-0.161117
-0.168409
-0.175828
-0.183372
-0.191039
-0.198824
-0.206725
-0.214739
-0.222862
-0.231092
-0.239426
-0.247859
-0.256389
-0.265013
-0.273727
-0.282527
-0.291411
-0.300374
-0.309414
-0.318526
-0.327708
-0.336955
-0.346264
-0.355631
-0.365053
-0.374527
-0.384047
-0.393611
-0.403215
-0.412855
-0.422527
-0.432228
-0.441954
-0.451701
-0.461465
-0.471242
-0.481029
-0.490821
-0.500616
-0.510408
-0.520195
-0.529972
-0.539736
-0.549483
-0.559209
-0.568910
-0.578582
-0.588222
-0.597826
-0.607390
-0.616910
-0.626383
-0.635806
-0.645173
-0.654482
-0.663729
-0.672911
-0.682023
-0.691063
-0.700026
-0.708910
-0.717710
-0.726424
-0.735047
-0.743578
-0.752011
-0.760345
-0.768575
-0.776698
-0.784712
-0.792613
-0.800398
-0.808065
-0.815609
-0.823028
-0.830320
-0.837481
-0.844509
-0.851400
-0.858153
-0.864764
-0.871231
-0.877551
-0.883723
-0.889742
-0.895609
-0.901318
-0.906870
-0.912261
-0.917490
-0.922554
-0.927451
-0.932180
-0.936738
-0.941124
-0.945336
-0.949373
-0.953233
-0.956914
-0.960415
-0.963734
-0.966871
-0.969824
-0.972592
-0.975174
-0.977568
-0.979775
-0.981792
-0.983620
-0.985257
-0.986703
-0.987957
-0.989020
-0.989889
-0.990566
-0.991050
-0.991340
-0.991437
-0.991437
-0.991437
-0.991437
-0.991437
-0.991437
-0.991437
-0.991437
-0.991437
-0.991437
-0.991437
-0.991437
-0.991437
-0.991437
-0.991437
-0.991437
-0.991437
-0.991437
-0.991437
-0.991437
-0.991437
-0.991437
-0.991437
-0.991437
-0.991437
-0.991437
-0.991437
-0.991437
-0.991437
-0.991437
-0.991437
-0.991437
-0.991437
-0.991437
-0.991437
-0.991437
-0.991437
-0.991437
-0.991437
-0.991437
-0.991437
-0.991437
-0.991437
-0.991437
-0.991437
-0.991437
-0.991437
-0.991437
-0.991437
-0.991437
-0.991437
-0.991437
-0.991437
-0.991437
-0.991437
-0.991437
-0.991437
-0.991437
-0.991437
-0.991437
-0.991437
-0.991437
-0.991437
-0.991437
-0.991437
-0.989314
-0.982955
-0.972387
-0.957654
-0.938821
-0.915968
-0.889193
-0.858610
-0.824350
-0.786560
-0.745402
-0.701052
-0.653700
-0.603549
-0.550813
-0.495718
-0.438501
-0.379406
-0.318687
-0.256603
-0.193420
-0.129408
-0.064843
0.000000
##END
