##TITLE= dor2.5 radial a cnst1=53.297
##JCAMP-DX= 5.00 Bruker JCAMP library
##DATA TYPE= Shape Data
##ORIGIN= Bruker Analytik GmbH
##OWNER= <nmrsu>
##DATE= xx
##TIME= xx
##MINX= 0
##MAXX= 1
##MINY= 0
##MAXY= 1
##$SHAPE_EXMODE= Gradient
##$SHAPE_TOTROT= 0
##$SHAPE_BWFAC= 0
##$SHAPE_INTEGFAC= 0
##$SHAPE_MODE= 0
##NPOINTS=1000
##XYDATA= (X++(Y..Y))
0.000000
0.017547
0.035043
0.052436
0.069676
0.086710
0.103491
0.119968
0.136093
0.151819
0.167100
0.181890
0.196147
0.209829
0.222895
0.235307
0.247029
0.258027
0.268267
0.277720
0.286358
0.294155
0.301088
0.307137
0.312282
0.316509
0.319803
0.322155
0.323554
0.324116
0.324178
0.324052
0.323813
0.323443
0.322940
0.322298
0.321515
0.320586
0.319505
0.318268
0.316868
0.315299
0.313553
0.311623
0.309501
0.307177
0.304643
0.301887
0.298901
0.295671
0.292187
0.288436
0.284406
0.280082
0.275453
0.270503
0.265219
0.259586
0.253590
0.247215
0.240448
0.233274
0.225679
0.217648
0.209169
0.200229
0.190814
0.180915
0.170519
0.159618
0.148202
0.136265
0.123801
0.110805
0.097275
0.083208
0.068606
0.053472
0.037809
0.021623
0.004924
-0.012277
-0.029969
-0.048136
-0.066761
-0.085824
-0.105304
-0.125175
-0.145414
-0.165990
-0.186873
-0.208032
-0.229431
-0.251035
-0.272807
-0.294706
-0.316692
-0.338723
-0.360757
-0.382749
-0.404655
-0.426430
-0.448028
-0.469404
-0.490513
-0.511309
-0.531749
-0.551787
-0.571382
-0.590491
-0.609073
-0.627090
-0.644505
-0.661281
-0.677384
-0.692784
-0.707451
-0.721359
-0.734481
-0.746797
-0.758287
-0.768935
-0.778725
-0.787647
-0.795693
-0.802855
-0.809131
-0.814520
-0.819025
-0.822648
-0.825398
-0.827282
-0.828314
-0.828505
-0.827872
-0.826432
-0.824203
-0.821206
-0.817463
-0.812997
-0.807833
-0.801995
-0.795510
-0.788403
-0.780702
-0.772435
-0.763627
-0.754308
-0.744502
-0.734226
-0.723465
-0.712197
-0.700418
-0.688135
-0.675356
-0.662090
-0.648344
-0.634127
-0.619449
-0.604318
-0.588744
-0.572737
-0.556307
-0.539465
-0.522221
-0.504587
-0.486573
-0.468192
-0.449455
-0.430374
-0.410961
-0.391228
-0.371190
-0.350857
-0.330244
-0.309364
-0.288230
-0.266856
-0.245256
-0.223443
-0.201433
-0.179238
-0.156873
-0.134354
-0.111694
-0.088908
-0.066011
-0.043018
-0.019943
0.003197
0.026389
0.049617
0.072866
0.096120
0.119366
0.142587
0.165768
0.188894
0.211951
0.234923
0.257795
0.280552
0.303180
0.325663
0.347987
0.370137
0.392099
0.413858
0.435401
0.456712
0.477778
0.498586
0.519121
0.539370
0.559319
0.578956
0.598268
0.617242
0.635866
0.654126
0.672012
0.689511
0.706612
0.723304
0.739575
0.755415
0.770813
0.785759
0.800243
0.814256
0.827788
0.840830
0.853374
0.865411
0.876933
0.887932
0.898402
0.908334
0.917723
0.926562
0.934845
0.942566
0.949721
0.956304
0.962310
0.967736
0.972578
0.976833
0.980497
0.983568
0.986043
0.987921
0.989201
0.989880
0.989959
0.989437
0.988314
0.986591
0.984269
0.981348
0.977831
0.973719
0.969015
0.963722
0.957842
0.951380
0.944339
0.936724
0.928539
0.919789
0.910480
0.900618
0.890208
0.879257
0.867772
0.855760
0.843229
0.830186
0.816640
0.802599
0.788072
0.773068
0.757597
0.741668
0.725291
0.708478
0.691237
0.673581
0.655521
0.637067
0.618232
0.599027
0.579465
0.559559
0.539319
0.518761
0.497896
0.476738
0.455300
0.433596
0.411639
0.389444
0.367025
0.344396
0.321571
0.298565
0.275392
0.252067
0.228606
0.205022
0.181331
0.157547
0.133687
0.109765
0.085796
0.061796
0.037779
0.013762
-0.010241
-0.034215
-0.058144
-0.082014
-0.105808
-0.129512
-0.153112
-0.176591
-0.199935
-0.223130
-0.246160
-0.269012
-0.291670
-0.314121
-0.336349
-0.358342
-0.380085
-0.401565
-0.422768
-0.443680
-0.464289
-0.484582
-0.504545
-0.524167
-0.543434
-0.562336
-0.580860
-0.598994
-0.616728
-0.634050
-0.650949
-0.667415
-0.683437
-0.699007
-0.714113
-0.728748
-0.742901
-0.756564
-0.769729
-0.782387
-0.794532
-0.806155
-0.817249
-0.827808
-0.837826
-0.847297
-0.856214
-0.864573
-0.872369
-0.879597
-0.886253
-0.892333
-0.897835
-0.902754
-0.907088
-0.910836
-0.913995
-0.916563
-0.918540
-0.919925
-0.920717
-0.920917
-0.920526
-0.919543
-0.917970
-0.915809
-0.913062
-0.909731
-0.905819
-0.901329
-0.896265
-0.890630
-0.884429
-0.877667
-0.870348
-0.862478
-0.854062
-0.845108
-0.835620
-0.825606
-0.815073
-0.804029
-0.792481
-0.780437
-0.767906
-0.754897
-0.741419
-0.727481
-0.713092
-0.698264
-0.683005
-0.667327
-0.651241
-0.634757
-0.617887
-0.600643
-0.583035
-0.565077
-0.546781
-0.528159
-0.509224
-0.489988
-0.470466
-0.450669
-0.430613
-0.410309
-0.389773
-0.369018
-0.348058
-0.326908
-0.305581
-0.284093
-0.262457
-0.240689
-0.218802
-0.196813
-0.174735
-0.152585
-0.130376
-0.108123
-0.085842
-0.063548
-0.041256
-0.018980
0.003264
0.025461
0.047596
0.069655
0.091622
0.113483
0.135223
0.156828
0.178282
0.199572
0.220683
0.241601
0.262312
0.282802
0.303057
0.323064
0.342810
0.362280
0.381462
0.400343
0.418911
0.437153
0.455056
0.472609
0.489800
0.506618
0.523050
0.539087
0.554717
0.569930
0.584716
0.599064
0.612966
0.626412
0.639393
0.651899
0.663924
0.675459
0.686495
0.697026
0.707045
0.716545
0.725519
0.733962
0.741868
0.749231
0.756048
0.762312
0.768020
0.773168
0.777753
0.781772
0.785221
0.788099
0.790404
0.792134
0.793288
0.793865
0.793865
0.793288
0.792134
0.790404
0.788099
0.785221
0.781772
0.777753
0.773168
0.768020
0.762312
0.756048
0.749231
0.741868
0.733962
0.725519
0.716545
0.707045
0.697026
0.686495
0.675459
0.663924
0.651899
0.639393
0.626412
0.612966
0.599064
0.584716
0.569930
0.554717
0.539087
0.523050
0.506618
0.489800
0.472609
0.455056
0.437153
0.418911
0.400343
0.381462
0.362280
0.342810
0.323064
0.303057
0.282802
0.262312
0.241601
0.220683
0.199572
0.178282
0.156828
0.135223
0.113483
0.091622
0.069655
0.047596
0.025461
0.003264
-0.018980
-0.041256
-0.063548
-0.085842
-0.108123
-0.130376
-0.152585
-0.174735
-0.196813
-0.218802
-0.240689
-0.262457
-0.284093
-0.305581
-0.326908
-0.348058
-0.369018
-0.389773
-0.410309
-0.430613
-0.450669
-0.470466
-0.489988
-0.509224
-0.528159
-0.546781
-0.565077
-0.583035
-0.600643
-0.617887
-0.634757
-0.651241
-0.667327
-0.683005
-0.698264
-0.713092
-0.727481
-0.741419
-0.754897
-0.767906
-0.780437
-0.792481
-0.804029
-0.815073
-0.825606
-0.835620
-0.845108
-0.854062
-0.862478
-0.870348
-0.877667
-0.884429
-0.890630
-0.896265
-0.901329
-0.905819
-0.909731
-0.913062
-0.915809
-0.917970
-0.919543
-0.920526
-0.920917
-0.920717
-0.919925
-0.918540
-0.916563
-0.913995
-0.910836
-0.907088
-0.902754
-0.897835
-0.892333
-0.886253
-0.879597
-0.872369
-0.864573
-0.856214
-0.847297
-0.837826
-0.827808
-0.817249
-0.806155
-0.794532
-0.782387
-0.769729
-0.756564
-0.742901
-0.728748
-0.714113
-0.699007
-0.683437
-0.667415
-0.650949
-0.634050
-0.616728
-0.598994
-0.580860
-0.562336
-0.543434
-0.524167
-0.504545
-0.484582
-0.464289
-0.443680
-0.422768
-0.401565
-0.380085
-0.358342
-0.336349
-0.314121
-0.291670
-0.269012
-0.246160
-0.223130
-0.199935
-0.176591
-0.153112
-0.129512
-0.105808
-0.082014
-0.058144
-0.034215
-0.010241
0.013762
0.037779
0.061796
0.085796
0.109765
0.133687
0.157547
0.181331
0.205022
0.228606
0.252067
0.275392
0.298565
0.321571
0.344396
0.367025
0.389444
0.411639
0.433596
0.455300
0.476738
0.497896
0.518761
0.539319
0.559559
0.579465
0.599027
0.618232
0.637067
0.655521
0.673581
0.691237
0.708478
0.725291
0.741668
0.757597
0.773068
0.788072
0.802599
0.816640
0.830186
0.843229
0.855760
0.867772
0.879257
0.890208
0.900618
0.910480
0.919789
0.928539
0.936724
0.944339
0.951380
0.957842
0.963722
0.969015
0.973719
0.977831
0.981348
0.984269
0.986591
0.988314
0.989437
0.989959
0.989880
0.989201
0.987921
0.986043
0.983568
0.980497
0.976833
0.972578
0.967736
0.962310
0.956304
0.949721
0.942566
0.934845
0.926562
0.917723
0.908334
0.898402
0.887932
0.876933
0.865411
0.853374
0.840830
0.827788
0.814256
0.800243
0.785759
0.770813
0.755415
0.739575
0.723304
0.706612
0.689511
0.672012
0.654126
0.635866
0.617242
0.598268
0.578956
0.559319
0.539370
0.519121
0.498586
0.477778
0.456712
0.435401
0.413858
0.392099
0.370137
0.347987
0.325663
0.303180
0.280552
0.257795
0.234923
0.211951
0.188894
0.165768
0.142587
0.119366
0.096120
0.072866
0.049617
0.026389
0.003197
-0.019943
-0.043018
-0.066011
-0.088908
-0.111694
-0.134354
-0.156873
-0.179238
-0.201433
-0.223443
-0.245256
-0.266856
-0.288230
-0.309364
-0.330244
-0.350857
-0.371190
-0.391228
-0.410961
-0.430374
-0.449455
-0.468192
-0.486573
-0.504587
-0.522221
-0.539465
-0.556307
-0.572737
-0.588744
-0.604318
-0.619449
-0.634127
-0.648344
-0.662090
-0.675356
-0.688135
-0.700418
-0.712197
-0.723465
-0.734226
-0.744502
-0.754308
-0.763627
-0.772435
-0.780702
-0.788403
-0.795510
-0.801995
-0.807833
-0.812997
-0.817463
-0.821206
-0.824203
-0.826432
-0.827872
-0.828505
-0.828314
-0.827282
-0.825398
-0.822648
-0.819025
-0.814520
-0.809131
-0.802855
-0.795693
-0.787647
-0.778725
-0.768935
-0.758287
-0.746797
-0.734481
-0.721359
-0.707451
-0.692784
-0.677384
-0.661281
-0.644505
-0.627090
-0.609073
-0.590491
-0.571382
-0.551787
-0.531749
-0.511309
-0.490513
-0.469404
-0.448028
-0.426430
-0.404655
-0.382749
-0.360757
-0.338723
-0.316692
-0.294706
-0.272807
-0.251035
-0.229431
-0.208032
-0.186873
-0.165990
-0.145414
-0.125175
-0.105304
-0.085824
-0.066761
-0.048136
-0.029969
-0.012277
0.004924
0.021623
0.037809
0.053472
0.068606
0.083208
0.097275
0.110805
0.123801
0.136265
0.148202
0.159618
0.170519
0.180915
0.190814
0.200229
0.209169
0.217648
0.225679
0.233274
0.240448
0.247215
0.253590
0.259586
0.265219
0.270503
0.275453
0.280082
0.284406
0.288436
0.292187
0.295671
0.298901
0.301887
0.304643
0.307177
0.309501
0.311623
0.313553
0.315299
0.316868
0.318268
0.319505
0.320586
0.321515
0.322298
0.322940
0.323443
0.323813
0.324052
0.324178
0.324116
0.323554
0.322155
0.319803
0.316509
0.312282
0.307137
0.301088
0.294155
0.286358
0.277720
0.268267
0.258027
0.247029
0.235307
0.222895
0.209829
0.196147
0.181890
0.167100
0.151819
0.136093
0.119968
0.103491
0.086710
0.069676
0.052436
0.035043
0.017547
0.000000
##END
