##TITLE= dor2.5 radial b cnst1=53.297
##JCAMP-DX= 5.00 Bruker JCAMP library
##DATA TYPE= Shape Data
##ORIGIN= Bruker Analytik GmbH
##OWNER= <nmrsu>
##DATE= xx
##TIME= xx
##MINX= 0
##MAXX= 1
##MINY= 0
##MAXY= 1
##$SHAPE_EXMODE= Gradient
##$SHAPE_TOTROT= 0
##$SHAPE_BWFAC= 0
##$SHAPE_INTEGFAC= 0
##$SHAPE_MODE= 0
##NPOINTS=1000
##XYDATA= (X++(Y..Y))
0.000000
0.000000
0.000000
0.000000
0.000000
0.000001
0.000003
0.000007
0.000015
0.000030
0.000055
0.000095
0.000157
0.000247
0.000376
0.000554
0.000793
0.001110
0.001518
0.002036
0.002682
0.003475
0.004435
0.005582
0.006935
0.008514
0.010334
0.012412
0.014759
0.017388
0.020313
0.023552
0.027119
0.031029
0.035293
0.039925
0.044935
0.050335
0.056135
0.062342
0.068965
0.076010
0.083483
0.091388
0.099728
0.108505
0.117719
0.127368
0.137451
0.147963
0.158899
0.170251
0.182011
0.194168
0.206711
0.219625
0.232896
0.246505
0.260434
0.274663
0.289169
0.303927
0.318913
0.334098
0.349454
0.364949
0.380552
0.396229
0.411944
0.427661
0.443342
0.458948
0.474438
0.489772
0.504907
0.519800
0.534408
0.548687
0.562593
0.576080
0.589106
0.601625
0.613594
0.624969
0.635707
0.645768
0.655109
0.663692
0.671479
0.678433
0.684520
0.689707
0.693965
0.697264
0.699581
0.700891
0.701174
0.700414
0.698597
0.695710
0.691746
0.686700
0.680571
0.673360
0.665072
0.655715
0.645302
0.633846
0.621365
0.607881
0.593417
0.578000
0.561659
0.544427
0.526337
0.507426
0.487733
0.467299
0.446166
0.424378
0.401980
0.379017
0.355538
0.331589
0.307218
0.282474
0.257405
0.232058
0.206482
0.180722
0.154826
0.128837
0.102800
0.076758
0.050751
0.024818
-0.001002
-0.026675
-0.052166
-0.077443
-0.102478
-0.127242
-0.151712
-0.175863
-0.199676
-0.223132
-0.246216
-0.268914
-0.291215
-0.313131
-0.334717
-0.356026
-0.377065
-0.397823
-0.418284
-0.438437
-0.458268
-0.477766
-0.496917
-0.515710
-0.534132
-0.552173
-0.569820
-0.587063
-0.603891
-0.620294
-0.636260
-0.651780
-0.666845
-0.681445
-0.695572
-0.709215
-0.722367
-0.735020
-0.747165
-0.758797
-0.769906
-0.780488
-0.790534
-0.800040
-0.808999
-0.817407
-0.825258
-0.832547
-0.839271
-0.845426
-0.851008
-0.856013
-0.860440
-0.864286
-0.867549
-0.870228
-0.872321
-0.873827
-0.874747
-0.875080
-0.874826
-0.873987
-0.872562
-0.870555
-0.867967
-0.864800
-0.861057
-0.856740
-0.851855
-0.846403
-0.840389
-0.833819
-0.826696
-0.819027
-0.810816
-0.802070
-0.792795
-0.782998
-0.772686
-0.761866
-0.750547
-0.738735
-0.726440
-0.713669
-0.700433
-0.686741
-0.672601
-0.658024
-0.643021
-0.627601
-0.611775
-0.595555
-0.578951
-0.561976
-0.544640
-0.526956
-0.508936
-0.490593
-0.471939
-0.452987
-0.433750
-0.414241
-0.394474
-0.374463
-0.354220
-0.333761
-0.313098
-0.292247
-0.271221
-0.250035
-0.228703
-0.207240
-0.185661
-0.163980
-0.142212
-0.120372
-0.098475
-0.076536
-0.054570
-0.032592
-0.010617
0.011341
0.033265
0.055142
0.076956
0.098693
0.120337
0.141874
0.163289
0.184568
0.205696
0.226658
0.247441
0.268030
0.288411
0.308571
0.328495
0.348170
0.367583
0.386720
0.405568
0.424114
0.442347
0.460252
0.477819
0.495034
0.511887
0.528366
0.544459
0.560155
0.575445
0.590316
0.604759
0.618765
0.632323
0.645424
0.658060
0.670220
0.681898
0.693085
0.703773
0.713955
0.723624
0.732773
0.741395
0.749485
0.757037
0.764046
0.770507
0.776415
0.781765
0.786555
0.790780
0.794438
0.797526
0.800041
0.801982
0.803347
0.804134
0.804344
0.803975
0.803028
0.801503
0.799400
0.796722
0.793468
0.789642
0.785246
0.780281
0.774752
0.768662
0.762014
0.754813
0.747063
0.738769
0.729936
0.720571
0.710678
0.700265
0.689338
0.677904
0.665970
0.653545
0.640636
0.627251
0.613400
0.599091
0.584333
0.569137
0.553512
0.537468
0.521016
0.504166
0.486930
0.469319
0.451344
0.433017
0.414350
0.395356
0.376046
0.356434
0.336532
0.316354
0.295913
0.275222
0.254294
0.233144
0.211786
0.190233
0.168501
0.146602
0.124552
0.102365
0.080056
0.057640
0.035131
0.012544
-0.010105
-0.032802
-0.055532
-0.078280
-0.101030
-0.123767
-0.146477
-0.169145
-0.191754
-0.214291
-0.236740
-0.259087
-0.281316
-0.303412
-0.325362
-0.347150
-0.368761
-0.390182
-0.411398
-0.432396
-0.453160
-0.473677
-0.493933
-0.513915
-0.533609
-0.553003
-0.572082
-0.590835
-0.609249
-0.627311
-0.645009
-0.662331
-0.679266
-0.695802
-0.711928
-0.727633
-0.742906
-0.757737
-0.772116
-0.786033
-0.799479
-0.812444
-0.824920
-0.836898
-0.848369
-0.859327
-0.869762
-0.879669
-0.889039
-0.897868
-0.906147
-0.913872
-0.921037
-0.927637
-0.933667
-0.939123
-0.944001
-0.948297
-0.952007
-0.955130
-0.957662
-0.959601
-0.960946
-0.961695
-0.961848
-0.961403
-0.960361
-0.958721
-0.956485
-0.953654
-0.950228
-0.946209
-0.941601
-0.936404
-0.930622
-0.924259
-0.917318
-0.909803
-0.901719
-0.893070
-0.883861
-0.874098
-0.863787
-0.852935
-0.841547
-0.829630
-0.817193
-0.804242
-0.790786
-0.776833
-0.762391
-0.747469
-0.732078
-0.716225
-0.699921
-0.683177
-0.666002
-0.648408
-0.630405
-0.612005
-0.593218
-0.574058
-0.554536
-0.534663
-0.514454
-0.493919
-0.473073
-0.451929
-0.430498
-0.408797
-0.386837
-0.364632
-0.342197
-0.319546
-0.296694
-0.273653
-0.250440
-0.227069
-0.203554
-0.179910
-0.156153
-0.132297
-0.108357
-0.084349
-0.060287
-0.036188
-0.012065
0.012065
0.036188
0.060287
0.084349
0.108357
0.132297
0.156153
0.179910
0.203554
0.227069
0.250440
0.273653
0.296694
0.319546
0.342197
0.364632
0.386837
0.408797
0.430498
0.451929
0.473073
0.493919
0.514454
0.534663
0.554536
0.574058
0.593218
0.612005
0.630405
0.648408
0.666002
0.683177
0.699921
0.716225
0.732078
0.747469
0.762391
0.776833
0.790786
0.804242
0.817193
0.829630
0.841547
0.852935
0.863787
0.874098
0.883861
0.893070
0.901719
0.909803
0.917318
0.924259
0.930622
0.936404
0.941601
0.946209
0.950228
0.953654
0.956485
0.958721
0.960361
0.961403
0.961848
0.961695
0.960946
0.959601
0.957662
0.955130
0.952007
0.948297
0.944001
0.939123
0.933667
0.927637
0.921037
0.913872
0.906147
0.897868
0.889039
0.879669
0.869762
0.859327
0.848369
0.836898
0.824920
0.812444
0.799479
0.786033
0.772116
0.757737
0.742906
0.727633
0.711928
0.695802
0.679266
0.662331
0.645009
0.627311
0.609249
0.590835
0.572082
0.553003
0.533609
0.513915
0.493933
0.473677
0.453160
0.432396
0.411398
0.390182
0.368761
0.347150
0.325362
0.303412
0.281316
0.259087
0.236740
0.214291
0.191754
0.169145
0.146477
0.123767
0.101030
0.078280
0.055532
0.032802
0.010105
-0.012544
-0.035131
-0.057640
-0.080056
-0.102365
-0.124552
-0.146602
-0.168501
-0.190233
-0.211786
-0.233144
-0.254294
-0.275222
-0.295913
-0.316354
-0.336532
-0.356434
-0.376046
-0.395356
-0.414350
-0.433017
-0.451344
-0.469319
-0.486930
-0.504166
-0.521016
-0.537468
-0.553512
-0.569137
-0.584333
-0.599091
-0.613400
-0.627251
-0.640636
-0.653545
-0.665970
-0.677904
-0.689338
-0.700265
-0.710678
-0.720571
-0.729936
-0.738769
-0.747063
-0.754813
-0.762014
-0.768662
-0.774752
-0.780281
-0.785246
-0.789642
-0.793468
-0.796722
-0.799400
-0.801503
-0.803028
-0.803975
-0.804344
-0.804134
-0.803347
-0.801982
-0.800041
-0.797526
-0.794438
-0.790780
-0.786555
-0.781765
-0.776415
-0.770507
-0.764046
-0.757037
-0.749485
-0.741395
-0.732773
-0.723624
-0.713955
-0.703773
-0.693085
-0.681898
-0.670220
-0.658060
-0.645424
-0.632323
-0.618765
-0.604759
-0.590316
-0.575445
-0.560155
-0.544459
-0.528366
-0.511887
-0.495034
-0.477819
-0.460252
-0.442347
-0.424114
-0.405568
-0.386720
-0.367583
-0.348170
-0.328495
-0.308571
-0.288411
-0.268030
-0.247441
-0.226658
-0.205696
-0.184568
-0.163289
-0.141874
-0.120337
-0.098693
-0.076956
-0.055142
-0.033265
-0.011341
0.010617
0.032592
0.054570
0.076536
0.098475
0.120372
0.142212
0.163980
0.185661
0.207240
0.228703
0.250035
0.271221
0.292247
0.313098
0.333761
0.354220
0.374463
0.394474
0.414241
0.433750
0.452987
0.471939
0.490593
0.508936
0.526956
0.544640
0.561976
0.578951
0.595555
0.611775
0.627601
0.643021
0.658024
0.672601
0.686741
0.700433
0.713669
0.726440
0.738735
0.750547
0.761866
0.772686
0.782998
0.792795
0.802070
0.810816
0.819027
0.826696
0.833819
0.840389
0.846403
0.851855
0.856740
0.861057
0.864800
0.867967
0.870555
0.872562
0.873987
0.874826
0.875080
0.874747
0.873827
0.872321
0.870228
0.867549
0.864286
0.860440
0.856013
0.851008
0.845426
0.839271
0.832547
0.825258
0.817407
0.808999
0.800040
0.790534
0.780488
0.769906
0.758797
0.747165
0.735020
0.722367
0.709215
0.695572
0.681445
0.666845
0.651780
0.636260
0.620294
0.603891
0.587063
0.569820
0.552173
0.534132
0.515710
0.496917
0.477766
0.458268
0.438437
0.418284
0.397823
0.377065
0.356026
0.334717
0.313131
0.291215
0.268914
0.246216
0.223132
0.199676
0.175863
0.151712
0.127242
0.102478
0.077443
0.052166
0.026675
0.001002
-0.024818
-0.050751
-0.076758
-0.102800
-0.128837
-0.154826
-0.180722
-0.206482
-0.232058
-0.257405
-0.282474
-0.307218
-0.331589
-0.355538
-0.379017
-0.401980
-0.424378
-0.446166
-0.467299
-0.487733
-0.507426
-0.526337
-0.544427
-0.561659
-0.578000
-0.593417
-0.607881
-0.621365
-0.633846
-0.645302
-0.655715
-0.665072
-0.673360
-0.680571
-0.686700
-0.691746
-0.695710
-0.698597
-0.700414
-0.701174
-0.700891
-0.699581
-0.697264
-0.693965
-0.689707
-0.684520
-0.678433
-0.671479
-0.663692
-0.655109
-0.645768
-0.635707
-0.624969
-0.613594
-0.601625
-0.589106
-0.576080
-0.562593
-0.548687
-0.534408
-0.519800
-0.504907
-0.489772
-0.474438
-0.458948
-0.443342
-0.427661
-0.411944
-0.396229
-0.380552
-0.364949
-0.349454
-0.334098
-0.318913
-0.303927
-0.289169
-0.274663
-0.260434
-0.246505
-0.232896
-0.219625
-0.206711
-0.194168
-0.182011
-0.170251
-0.158899
-0.147963
-0.137451
-0.127368
-0.117719
-0.108505
-0.099728
-0.091388
-0.083483
-0.076010
-0.068965
-0.062342
-0.056135
-0.050335
-0.044935
-0.039925
-0.035293
-0.031029
-0.027119
-0.023552
-0.020313
-0.017388
-0.014759
-0.012412
-0.010334
-0.008514
-0.006935
-0.005582
-0.004435
-0.003475
-0.002682
-0.002036
-0.001518
-0.001110
-0.000793
-0.000554
-0.000376
-0.000247
-0.000157
-0.000095
-0.000055
-0.000030
-0.000015
-0.000007
-0.000003
-0.000001
-0.000000
-0.000000
-0.000000
-0.000000
0.000000
##END
