##TITLE= dor2.5 axial c cnst1=53.297
##JCAMP-DX= 5.00 Bruker JCAMP library
##DATA TYPE= Shape Data
##ORIGIN= Bruker Analytik GmbH
##OWNER= <nmrsu>
##DATE= xx
##TIME= xx
##MINX= 0
##MAXX= 1
##MINY= 0
##MAXY= 1
##$SHAPE_EXMODE= Gradient
##$SHAPE_TOTROT= 0
##$SHAPE_BWFAC= 0
##$SHAPE_INTEGFAC= 0
##$SHAPE_MODE= 0
##NPOINTS=1000
##XYDATA= (X++(Y..Y))
0.000000
0.035100
0.070098
0.104890
0.139374
0.173449
0.207016
0.239975
0.272231
0.303688
0.334254
0.363840
0.392358
0.419726
0.445863
0.470691
0.494139
0.516138
0.536622
0.555533
0.572813
0.588413
0.602285
0.614390
0.624691
0.633158
0.639764
0.644490
0.647320
0.648483
0.648659
0.648475
0.648081
0.647447
0.646572
0.645451
0.644084
0.642466
0.640594
0.638465
0.636075
0.633419
0.630492
0.627291
0.623809
0.620041
0.615981
0.611622
0.606957
0.601979
0.596680
0.591053
0.585089
0.578780
0.572116
0.565090
0.557691
0.549910
0.541738
0.533166
0.524185
0.514784
0.504955
0.494689
0.483977
0.472812
0.461185
0.449090
0.436519
0.423467
0.409929
0.395901
0.381379
0.366361
0.350846
0.334833
0.318324
0.301322
0.283830
0.265853
0.247398
0.228472
0.209086
0.189250
0.168978
0.148282
0.127180
0.105687
0.083823
0.061609
0.039065
0.016215
-0.006917
-0.030305
-0.053922
-0.077740
-0.101730
-0.125861
-0.150104
-0.174425
-0.198794
-0.223176
-0.247540
-0.271850
-0.296075
-0.320179
-0.344130
-0.367894
-0.391438
-0.414730
-0.437739
-0.460433
-0.482783
-0.504758
-0.526332
-0.547477
-0.568169
-0.588383
-0.608096
-0.627289
-0.645940
-0.664034
-0.681554
-0.698487
-0.714819
-0.730542
-0.745646
-0.760124
-0.773973
-0.787190
-0.799774
-0.811725
-0.823046
-0.833743
-0.843821
-0.853288
-0.862154
-0.870430
-0.878128
-0.885262
-0.891848
-0.897901
-0.903441
-0.908485
-0.913053
-0.917166
-0.920845
-0.924111
-0.926989
-0.929504
-0.931683
-0.933545
-0.935094
-0.936329
-0.937250
-0.937857
-0.938149
-0.938126
-0.937789
-0.937138
-0.936172
-0.934891
-0.933298
-0.931391
-0.929172
-0.926642
-0.923800
-0.920649
-0.917188
-0.913421
-0.909347
-0.904967
-0.900285
-0.895300
-0.890015
-0.884432
-0.878551
-0.872377
-0.865909
-0.859151
-0.852105
-0.844773
-0.837158
-0.829262
-0.821088
-0.812639
-0.803917
-0.794925
-0.785667
-0.776145
-0.766362
-0.756323
-0.746030
-0.735487
-0.724697
-0.713664
-0.702392
-0.690884
-0.679145
-0.667177
-0.654986
-0.642575
-0.629949
-0.617111
-0.604066
-0.590819
-0.577374
-0.563734
-0.549906
-0.535894
-0.521701
-0.507334
-0.492796
-0.478093
-0.463230
-0.448212
-0.433043
-0.417729
-0.402274
-0.386685
-0.370966
-0.355123
-0.339161
-0.323084
-0.306900
-0.290612
-0.274227
-0.257750
-0.241187
-0.224543
-0.207823
-0.191034
-0.174180
-0.157269
-0.140304
-0.123293
-0.106240
-0.089151
-0.072032
-0.054890
-0.037729
-0.020555
-0.003374
0.013807
0.030985
0.048151
0.065302
0.082431
0.099532
0.116599
0.133628
0.150611
0.167545
0.184422
0.201237
0.217984
0.234659
0.251255
0.267766
0.284188
0.300515
0.316740
0.332860
0.348867
0.364758
0.380526
0.396167
0.411675
0.427045
0.442271
0.457350
0.472274
0.487041
0.501644
0.516079
0.530340
0.544424
0.558325
0.572039
0.585561
0.598887
0.612012
0.624931
0.637641
0.650137
0.662415
0.674471
0.686301
0.697900
0.709265
0.720393
0.731278
0.741919
0.752311
0.762450
0.772333
0.781958
0.791320
0.800417
0.809245
0.817802
0.826085
0.834090
0.841816
0.849260
0.856418
0.863289
0.869871
0.876161
0.882157
0.887857
0.893260
0.898363
0.903164
0.907663
0.911857
0.915745
0.919326
0.922599
0.925562
0.928215
0.930557
0.932586
0.934303
0.935706
0.936796
0.937571
0.938031
0.938178
0.938009
0.937526
0.936728
0.935616
0.934191
0.932452
0.930400
0.928036
0.925361
0.922375
0.919081
0.915477
0.911567
0.907351
0.902831
0.898008
0.892884
0.887460
0.881738
0.875721
0.869410
0.862808
0.855916
0.848737
0.841273
0.833527
0.825502
0.817200
0.808623
0.799776
0.790660
0.781279
0.771635
0.761733
0.751576
0.741166
0.730508
0.719605
0.708461
0.697079
0.685463
0.673617
0.661545
0.649251
0.636740
0.624015
0.611080
0.597941
0.584601
0.571065
0.557338
0.543423
0.529327
0.515053
0.500606
0.485991
0.471213
0.456277
0.441188
0.425951
0.410571
0.395053
0.379403
0.363626
0.347727
0.331711
0.315584
0.299351
0.283017
0.266589
0.250071
0.233470
0.216790
0.200037
0.183217
0.166336
0.149399
0.132412
0.115380
0.098310
0.081207
0.064076
0.046925
0.029757
0.012579
-0.004603
-0.021783
-0.038956
-0.056116
-0.073257
-0.090374
-0.107460
-0.124510
-0.141518
-0.158479
-0.175387
-0.192236
-0.209021
-0.225735
-0.242374
-0.258931
-0.275402
-0.291780
-0.308060
-0.324237
-0.340306
-0.356260
-0.372094
-0.387804
-0.403384
-0.418828
-0.434132
-0.449290
-0.464298
-0.479150
-0.493841
-0.508367
-0.522722
-0.536901
-0.550901
-0.564716
-0.578341
-0.591773
-0.605006
-0.618036
-0.630858
-0.643470
-0.655865
-0.668040
-0.679991
-0.691715
-0.703206
-0.714461
-0.725477
-0.736249
-0.746774
-0.757049
-0.767070
-0.776834
-0.786337
-0.795577
-0.804549
-0.813252
-0.821682
-0.829836
-0.837712
-0.845307
-0.852619
-0.859644
-0.866381
-0.872828
-0.878982
-0.884841
-0.890403
-0.895666
-0.900629
-0.905291
-0.909648
-0.913700
-0.917446
-0.920884
-0.924013
-0.926833
-0.929341
-0.931538
-0.933422
-0.934993
-0.936251
-0.937195
-0.937824
-0.938138
-0.938138
-0.937824
-0.937195
-0.936251
-0.934993
-0.933422
-0.931538
-0.929341
-0.926833
-0.924013
-0.920884
-0.917446
-0.913700
-0.909648
-0.905291
-0.900629
-0.895666
-0.890403
-0.884841
-0.878982
-0.872828
-0.866381
-0.859644
-0.852619
-0.845307
-0.837712
-0.829836
-0.821682
-0.813252
-0.804549
-0.795577
-0.786337
-0.776834
-0.767070
-0.757049
-0.746774
-0.736249
-0.725477
-0.714461
-0.703206
-0.691715
-0.679991
-0.668040
-0.655865
-0.643470
-0.630858
-0.618036
-0.605006
-0.591773
-0.578341
-0.564716
-0.550901
-0.536901
-0.522722
-0.508367
-0.493841
-0.479150
-0.464298
-0.449290
-0.434132
-0.418828
-0.403384
-0.387804
-0.372094
-0.356260
-0.340306
-0.324237
-0.308060
-0.291780
-0.275402
-0.258931
-0.242374
-0.225735
-0.209021
-0.192236
-0.175387
-0.158479
-0.141518
-0.124510
-0.107460
-0.090374
-0.073257
-0.056116
-0.038956
-0.021783
-0.004603
0.012579
0.029757
0.046925
0.064076
0.081207
0.098310
0.115380
0.132412
0.149399
0.166336
0.183217
0.200037
0.216790
0.233470
0.250071
0.266589
0.283017
0.299351
0.315584
0.331711
0.347727
0.363626
0.379403
0.395053
0.410571
0.425951
0.441188
0.456277
0.471213
0.485991
0.500606
0.515053
0.529327
0.543423
0.557338
0.571065
0.584601
0.597941
0.611080
0.624015
0.636740
0.649251
0.661545
0.673617
0.685463
0.697079
0.708461
0.719605
0.730508
0.741166
0.751576
0.761733
0.771635
0.781279
0.790660
0.799776
0.808623
0.817200
0.825502
0.833527
0.841273
0.848737
0.855916
0.862808
0.869410
0.875721
0.881738
0.887460
0.892884
0.898008
0.902831
0.907351
0.911567
0.915477
0.919081
0.922375
0.925361
0.928036
0.930400
0.932452
0.934191
0.935616
0.936728
0.937526
0.938009
0.938178
0.938031
0.937571
0.936796
0.935706
0.934303
0.932586
0.930557
0.928215
0.925562
0.922599
0.919326
0.915745
0.911857
0.907663
0.903164
0.898363
0.893260
0.887857
0.882157
0.876161
0.869871
0.863289
0.856418
0.849260
0.841816
0.834090
0.826085
0.817802
0.809245
0.800417
0.791320
0.781958
0.772333
0.762450
0.752311
0.741919
0.731278
0.720393
0.709265
0.697900
0.686301
0.674471
0.662415
0.650137
0.637641
0.624931
0.612012
0.598887
0.585561
0.572039
0.558325
0.544424
0.530340
0.516079
0.501644
0.487041
0.472274
0.457350
0.442271
0.427045
0.411675
0.396167
0.380526
0.364758
0.348867
0.332860
0.316740
0.300515
0.284188
0.267766
0.251255
0.234659
0.217984
0.201237
0.184422
0.167545
0.150611
0.133628
0.116599
0.099532
0.082431
0.065302
0.048151
0.030985
0.013807
-0.003374
-0.020555
-0.037729
-0.054890
-0.072032
-0.089151
-0.106240
-0.123293
-0.140304
-0.157269
-0.174180
-0.191034
-0.207823
-0.224543
-0.241187
-0.257750
-0.274227
-0.290612
-0.306900
-0.323084
-0.339161
-0.355123
-0.370966
-0.386685
-0.402274
-0.417729
-0.433043
-0.448212
-0.463230
-0.478093
-0.492796
-0.507334
-0.521701
-0.535894
-0.549906
-0.563734
-0.577374
-0.590819
-0.604066
-0.617111
-0.629949
-0.642575
-0.654986
-0.667177
-0.679145
-0.690884
-0.702392
-0.713664
-0.724697
-0.735487
-0.746030
-0.756323
-0.766362
-0.776145
-0.785667
-0.794925
-0.803917
-0.812639
-0.821088
-0.829262
-0.837158
-0.844773
-0.852105
-0.859151
-0.865909
-0.872377
-0.878551
-0.884432
-0.890015
-0.895300
-0.900285
-0.904967
-0.909347
-0.913421
-0.917188
-0.920649
-0.923800
-0.926642
-0.929172
-0.931391
-0.933298
-0.934891
-0.936172
-0.937138
-0.937789
-0.938126
-0.938149
-0.937857
-0.937250
-0.936329
-0.935094
-0.933545
-0.931683
-0.929504
-0.926989
-0.924111
-0.920845
-0.917166
-0.913053
-0.908485
-0.903441
-0.897901
-0.891848
-0.885262
-0.878128
-0.870430
-0.862154
-0.853288
-0.843821
-0.833743
-0.823046
-0.811725
-0.799774
-0.787190
-0.773973
-0.760124
-0.745646
-0.730542
-0.714819
-0.698487
-0.681554
-0.664034
-0.645940
-0.627289
-0.608096
-0.588383
-0.568169
-0.547477
-0.526332
-0.504758
-0.482783
-0.460433
-0.437739
-0.414730
-0.391438
-0.367894
-0.344130
-0.320179
-0.296075
-0.271850
-0.247540
-0.223176
-0.198794
-0.174425
-0.150104
-0.125861
-0.101730
-0.077740
-0.053922
-0.030305
-0.006917
0.016215
0.039065
0.061609
0.083823
0.105687
0.127180
0.148282
0.168978
0.189250
0.209086
0.228472
0.247398
0.265853
0.283830
0.301322
0.318324
0.334833
0.350846
0.366361
0.381379
0.395901
0.409929
0.423467
0.436519
0.449090
0.461185
0.472812
0.483977
0.494689
0.504955
0.514784
0.524185
0.533166
0.541738
0.549910
0.557691
0.565090
0.572116
0.578780
0.585089
0.591053
0.596680
0.601979
0.606957
0.611622
0.615981
0.620041
0.623809
0.627291
0.630492
0.633419
0.636075
0.638465
0.640594
0.642466
0.644084
0.645451
0.646572
0.647447
0.648081
0.648475
0.648659
0.648483
0.647320
0.644490
0.639764
0.633158
0.624691
0.614390
0.602285
0.588413
0.572813
0.555533
0.536622
0.516138
0.494139
0.470691
0.445863
0.419726
0.392358
0.363840
0.334254
0.303688
0.272231
0.239975
0.207016
0.173449
0.139374
0.104890
0.070098
0.035100
0.000000
##END
