##TITLE= dor0.5 radial a cnst1=34.577
##JCAMP-DX= 5.00 Bruker JCAMP library
##DATA TYPE= Shape Data
##ORIGIN= Bruker Analytik GmbH
##OWNER= <nmrsu>
##DATE= xx
##TIME= xx
##MINX= 0
##MAXX= 1
##MINY= 0
##MAXY= 1
##$SHAPE_EXMODE= Gradient
##$SHAPE_TOTROT= 0
##$SHAPE_BWFAC= 0
##$SHAPE_INTEGFAC= 0
##$SHAPE_MODE= 0
##NPOINTS=1000
##XYDATA= (X++(Y..Y))
0.000000
0.027047
0.054014
0.080823
0.107394
0.133651
0.159516
0.184913
0.209767
0.234006
0.257559
0.280357
0.302332
0.323420
0.343559
0.362691
0.380759
0.397710
0.413495
0.428066
0.441382
0.453403
0.464094
0.473423
0.481362
0.487889
0.492984
0.496631
0.498820
0.499726
0.499876
0.499751
0.499470
0.499009
0.498369
0.497548
0.496546
0.495362
0.493995
0.492445
0.490710
0.488789
0.486682
0.484387
0.481904
0.479230
0.476364
0.473306
0.470053
0.466603
0.462956
0.459110
0.455062
0.450811
0.446355
0.441692
0.436819
0.431736
0.426439
0.420928
0.415199
0.409252
0.403085
0.396696
0.390083
0.383245
0.376181
0.368890
0.361372
0.353626
0.345651
0.337448
0.329018
0.320361
0.311478
0.302371
0.293043
0.283495
0.273731
0.263754
0.253567
0.243176
0.232585
0.221800
0.210826
0.199670
0.188339
0.176841
0.165183
0.153375
0.141424
0.129340
0.117134
0.104816
0.092397
0.079886
0.067297
0.054641
0.041931
0.029177
0.016394
0.003593
-0.009212
-0.022008
-0.034782
-0.047521
-0.060212
-0.072841
-0.085397
-0.097866
-0.110235
-0.122493
-0.134627
-0.146625
-0.158476
-0.170170
-0.181695
-0.193041
-0.204200
-0.215161
-0.225917
-0.236459
-0.246781
-0.256876
-0.266737
-0.276359
-0.285739
-0.294871
-0.303754
-0.312383
-0.320759
-0.328878
-0.336742
-0.344351
-0.351706
-0.358808
-0.365661
-0.372267
-0.378631
-0.384757
-0.390651
-0.396317
-0.401764
-0.406998
-0.412026
-0.416858
-0.421501
-0.425966
-0.430261
-0.434409
-0.438453
-0.442429
-0.446351
-0.450217
-0.454026
-0.457780
-0.461476
-0.465115
-0.468696
-0.472218
-0.475682
-0.479087
-0.482431
-0.485716
-0.488940
-0.492103
-0.495205
-0.498245
-0.501223
-0.504139
-0.506991
-0.509781
-0.512506
-0.515168
-0.517766
-0.520298
-0.522766
-0.525169
-0.527506
-0.529777
-0.531982
-0.534121
-0.536193
-0.538198
-0.540135
-0.542005
-0.543808
-0.545542
-0.547208
-0.548806
-0.550335
-0.551795
-0.553186
-0.554508
-0.555761
-0.556943
-0.558057
-0.559100
-0.560073
-0.560976
-0.561809
-0.562571
-0.563263
-0.563884
-0.564434
-0.564913
-0.565322
-0.565660
-0.565926
-0.566122
-0.566246
-0.566299
-0.566282
-0.566192
-0.566032
-0.565801
-0.565498
-0.565124
-0.564679
-0.564163
-0.563576
-0.562918
-0.562189
-0.561389
-0.560518
-0.559576
-0.558564
-0.557482
-0.556329
-0.555105
-0.553812
-0.552448
-0.551015
-0.549512
-0.547940
-0.546298
-0.544587
-0.542807
-0.540958
-0.539040
-0.537054
-0.535000
-0.532879
-0.530689
-0.528432
-0.526108
-0.523717
-0.521259
-0.518735
-0.516145
-0.513489
-0.510767
-0.507981
-0.505129
-0.502213
-0.499233
-0.496189
-0.493082
-0.489911
-0.486678
-0.483382
-0.480024
-0.476605
-0.473124
-0.469583
-0.465981
-0.462320
-0.458598
-0.454818
-0.450979
-0.447082
-0.443127
-0.439114
-0.435045
-0.430919
-0.426738
-0.422501
-0.418209
-0.413863
-0.409463
-0.405009
-0.400503
-0.395945
-0.391334
-0.386673
-0.381960
-0.377198
-0.372386
-0.367525
-0.362615
-0.357658
-0.352653
-0.347602
-0.342504
-0.337362
-0.332174
-0.326942
-0.321666
-0.316347
-0.310986
-0.305583
-0.300139
-0.294655
-0.289130
-0.283567
-0.277965
-0.272325
-0.266648
-0.260934
-0.255185
-0.249400
-0.243581
-0.237728
-0.231842
-0.225923
-0.219973
-0.213992
-0.207980
-0.201939
-0.195870
-0.189772
-0.183646
-0.177494
-0.171316
-0.165113
-0.158885
-0.152634
-0.146359
-0.140062
-0.133744
-0.127405
-0.121046
-0.114668
-0.108271
-0.101856
-0.095425
-0.088977
-0.082514
-0.076036
-0.069545
-0.063040
-0.056523
-0.049994
-0.043454
-0.036905
-0.030346
-0.023779
-0.017204
-0.010622
-0.004034
0.002559
0.009157
0.015759
0.022363
0.028970
0.035578
0.042187
0.048795
0.055403
0.062009
0.068612
0.075212
0.081808
0.088399
0.094984
0.101563
0.108134
0.114698
0.121253
0.127798
0.134332
0.140856
0.147367
0.153866
0.160351
0.166823
0.173279
0.179719
0.186142
0.192549
0.198937
0.205306
0.211656
0.217985
0.224293
0.230579
0.236843
0.243083
0.249299
0.255490
0.261656
0.267795
0.273907
0.279991
0.286047
0.292073
0.298070
0.304035
0.309969
0.315872
0.321741
0.327577
0.333378
0.339145
0.344876
0.350570
0.356228
0.361848
0.367429
0.372972
0.378475
0.383938
0.389359
0.394739
0.400077
0.405372
0.410623
0.415831
0.420993
0.426110
0.431181
0.436205
0.441183
0.446112
0.450993
0.455825
0.460607
0.465339
0.470021
0.474651
0.479229
0.483755
0.488229
0.492648
0.497014
0.501325
0.505581
0.509782
0.513927
0.518015
0.522046
0.526020
0.529935
0.533793
0.537591
0.541330
0.545009
0.548628
0.552186
0.555684
0.559119
0.562493
0.565805
0.569053
0.572239
0.575361
0.578419
0.581413
0.584343
0.587207
0.590006
0.592740
0.595407
0.598009
0.600543
0.603011
0.605412
0.607745
0.610011
0.612208
0.614338
0.616398
0.618390
0.620313
0.622167
0.623951
0.625665
0.627310
0.628884
0.630389
0.631822
0.633185
0.634478
0.635699
0.636850
0.637929
0.638936
0.639873
0.640737
0.641530
0.642252
0.642901
0.643478
0.643984
0.644417
0.644778
0.645067
0.645284
0.645428
0.645500
0.645500
0.645428
0.645284
0.645067
0.644778
0.644417
0.643984
0.643478
0.642901
0.642252
0.641530
0.640737
0.639873
0.638936
0.637929
0.636850
0.635699
0.634478
0.633185
0.631822
0.630389
0.628884
0.627310
0.625665
0.623951
0.622167
0.620313
0.618390
0.616398
0.614338
0.612208
0.610011
0.607745
0.605412
0.603011
0.600543
0.598009
0.595407
0.592740
0.590006
0.587207
0.584343
0.581413
0.578419
0.575361
0.572239
0.569053
0.565805
0.562493
0.559119
0.555684
0.552186
0.548628
0.545009
0.541330
0.537591
0.533793
0.529935
0.526020
0.522046
0.518015
0.513927
0.509782
0.505581
0.501325
0.497014
0.492648
0.488229
0.483755
0.479229
0.474651
0.470021
0.465339
0.460607
0.455825
0.450993
0.446112
0.441183
0.436205
0.431181
0.426110
0.420993
0.415831
0.410623
0.405372
0.400077
0.394739
0.389359
0.383938
0.378475
0.372972
0.367429
0.361848
0.356228
0.350570
0.344876
0.339145
0.333378
0.327577
0.321741
0.315872
0.309969
0.304035
0.298070
0.292073
0.286047
0.279991
0.273907
0.267795
0.261656
0.255490
0.249299
0.243083
0.236843
0.230579
0.224293
0.217985
0.211656
0.205306
0.198937
0.192549
0.186142
0.179719
0.173279
0.166823
0.160351
0.153866
0.147367
0.140856
0.134332
0.127798
0.121253
0.114698
0.108134
0.101563
0.094984
0.088399
0.081808
0.075212
0.068612
0.062009
0.055403
0.048795
0.042187
0.035578
0.028970
0.022363
0.015759
0.009157
0.002559
-0.004034
-0.010622
-0.017204
-0.023779
-0.030346
-0.036905
-0.043454
-0.049994
-0.056523
-0.063040
-0.069545
-0.076036
-0.082514
-0.088977
-0.095425
-0.101856
-0.108271
-0.114668
-0.121046
-0.127405
-0.133744
-0.140062
-0.146359
-0.152634
-0.158885
-0.165113
-0.171316
-0.177494
-0.183646
-0.189772
-0.195870
-0.201939
-0.207980
-0.213992
-0.219973
-0.225923
-0.231842
-0.237728
-0.243581
-0.249400
-0.255185
-0.260934
-0.266648
-0.272325
-0.277965
-0.283567
-0.289130
-0.294655
-0.300139
-0.305583
-0.310986
-0.316347
-0.321666
-0.326942
-0.332174
-0.337362
-0.342504
-0.347602
-0.352653
-0.357658
-0.362615
-0.367525
-0.372386
-0.377198
-0.381960
-0.386673
-0.391334
-0.395945
-0.400503
-0.405009
-0.409463
-0.413863
-0.418209
-0.422501
-0.426738
-0.430919
-0.435045
-0.439114
-0.443127
-0.447082
-0.450979
-0.454818
-0.458598
-0.462320
-0.465981
-0.469583
-0.473124
-0.476605
-0.480024
-0.483382
-0.486678
-0.489911
-0.493082
-0.496189
-0.499233
-0.502213
-0.505129
-0.507981
-0.510767
-0.513489
-0.516145
-0.518735
-0.521259
-0.523717
-0.526108
-0.528432
-0.530689
-0.532879
-0.535000
-0.537054
-0.539040
-0.540958
-0.542807
-0.544587
-0.546298
-0.547940
-0.549512
-0.551015
-0.552448
-0.553812
-0.555105
-0.556329
-0.557482
-0.558564
-0.559576
-0.560518
-0.561389
-0.562189
-0.562918
-0.563576
-0.564163
-0.564679
-0.565124
-0.565498
-0.565801
-0.566032
-0.566192
-0.566282
-0.566299
-0.566246
-0.566122
-0.565926
-0.565660
-0.565322
-0.564913
-0.564434
-0.563884
-0.563263
-0.562571
-0.561809
-0.560976
-0.560073
-0.559100
-0.558057
-0.556943
-0.555761
-0.554508
-0.553186
-0.551795
-0.550335
-0.548806
-0.547208
-0.545542
-0.543808
-0.542005
-0.540135
-0.538198
-0.536193
-0.534121
-0.531982
-0.529777
-0.527506
-0.525169
-0.522766
-0.520298
-0.517766
-0.515168
-0.512506
-0.509781
-0.506991
-0.504139
-0.501223
-0.498245
-0.495205
-0.492103
-0.488940
-0.485716
-0.482431
-0.479087
-0.475682
-0.472218
-0.468696
-0.465115
-0.461476
-0.457780
-0.454026
-0.450217
-0.446351
-0.442429
-0.438453
-0.434409
-0.430261
-0.425966
-0.421501
-0.416858
-0.412026
-0.406998
-0.401764
-0.396317
-0.390651
-0.384757
-0.378631
-0.372267
-0.365661
-0.358808
-0.351706
-0.344351
-0.336742
-0.328878
-0.320759
-0.312383
-0.303754
-0.294871
-0.285739
-0.276359
-0.266737
-0.256876
-0.246781
-0.236459
-0.225917
-0.215161
-0.204200
-0.193041
-0.181695
-0.170170
-0.158476
-0.146625
-0.134627
-0.122493
-0.110235
-0.097866
-0.085397
-0.072841
-0.060212
-0.047521
-0.034782
-0.022008
-0.009212
0.003593
0.016394
0.029177
0.041931
0.054641
0.067297
0.079886
0.092397
0.104816
0.117134
0.129340
0.141424
0.153375
0.165183
0.176841
0.188339
0.199670
0.210826
0.221800
0.232585
0.243176
0.253567
0.263754
0.273731
0.283495
0.293043
0.302371
0.311478
0.320361
0.329018
0.337448
0.345651
0.353626
0.361372
0.368890
0.376181
0.383245
0.390083
0.396696
0.403085
0.409252
0.415199
0.420928
0.426439
0.431736
0.436819
0.441692
0.446355
0.450811
0.455062
0.459110
0.462956
0.466603
0.470053
0.473306
0.476364
0.479230
0.481904
0.484387
0.486682
0.488789
0.490710
0.492445
0.493995
0.495362
0.496546
0.497548
0.498369
0.499009
0.499470
0.499751
0.499876
0.499726
0.498820
0.496631
0.492984
0.487889
0.481362
0.473423
0.464094
0.453403
0.441382
0.428066
0.413495
0.397710
0.380759
0.362691
0.343559
0.323420
0.302332
0.280357
0.257559
0.234006
0.209767
0.184913
0.159516
0.133651
0.107394
0.080823
0.054014
0.027047
0.000000
##END
