##TITLE= dor0.5 radial b cnst1=34.577
##JCAMP-DX= 5.00 Bruker JCAMP library
##DATA TYPE= Shape Data
##ORIGIN= Bruker Analytik GmbH
##OWNER= <nmrsu>
##DATE= xx
##TIME= xx
##MINX= 0
##MAXX= 1
##MINY= 0
##MAXY= 1
##$SHAPE_EXMODE= Gradient
##$SHAPE_TOTROT= 0
##$SHAPE_BWFAC= 0
##$SHAPE_INTEGFAC= 0
##$SHAPE_MODE= 0
##NPOINTS=1000
##XYDATA= (X++(Y..Y))
0.000000
0.000000
0.000000
0.000000
0.000000
0.000001
0.000002
0.000004
0.000008
0.000016
0.000030
0.000052
0.000085
0.000133
0.000203
0.000299
0.000428
0.000599
0.000819
0.001099
0.001447
0.001875
0.002393
0.003012
0.003742
0.004594
0.005576
0.006697
0.007964
0.009383
0.010961
0.012709
0.014634
0.016744
0.019046
0.021546
0.024251
0.027166
0.030298
0.033650
0.037227
0.041034
0.045072
0.049346
0.053856
0.058605
0.063592
0.068819
0.074284
0.079987
0.085924
0.092094
0.098493
0.105117
0.111961
0.119020
0.126287
0.133756
0.141419
0.149267
0.157291
0.165483
0.173831
0.182325
0.190954
0.199705
0.208566
0.217524
0.226565
0.235676
0.244842
0.254048
0.263280
0.272522
0.281758
0.290974
0.300152
0.309277
0.318333
0.327303
0.336173
0.344925
0.353544
0.362014
0.370320
0.378446
0.386379
0.394103
0.401605
0.408871
0.415888
0.422643
0.429125
0.435322
0.441225
0.446823
0.452107
0.457069
0.461701
0.465997
0.469950
0.473557
0.476812
0.479714
0.482258
0.484445
0.486273
0.487743
0.488856
0.489615
0.490023
0.490083
0.489801
0.489182
0.488232
0.486959
0.485371
0.483476
0.481284
0.478805
0.476050
0.473029
0.469754
0.466238
0.462494
0.458534
0.454372
0.450021
0.445496
0.440810
0.435979
0.431017
0.425938
0.420758
0.415489
0.410149
0.404750
0.399307
0.393835
0.388348
0.382859
0.377382
0.371930
0.366516
0.361153
0.355853
0.350626
0.345485
0.340441
0.335482
0.330556
0.325604
0.320608
0.315567
0.310483
0.305356
0.300187
0.294976
0.289724
0.284431
0.279099
0.273728
0.268318
0.262871
0.257386
0.251865
0.246309
0.240717
0.235091
0.229431
0.223738
0.218013
0.212256
0.206468
0.200650
0.194803
0.188926
0.183022
0.177090
0.171132
0.165147
0.159138
0.153104
0.147046
0.140966
0.134863
0.128739
0.122594
0.116429
0.110245
0.104042
0.097822
0.091584
0.085331
0.079062
0.072778
0.066481
0.060170
0.053847
0.047513
0.041167
0.034812
0.028447
0.022074
0.015694
0.009306
0.002912
-0.003487
-0.009891
-0.016298
-0.022709
-0.029122
-0.035536
-0.041951
-0.048365
-0.054779
-0.061191
-0.067601
-0.074007
-0.080409
-0.086807
-0.093198
-0.099584
-0.105962
-0.112332
-0.118693
-0.125045
-0.131387
-0.137717
-0.144036
-0.150342
-0.156634
-0.162913
-0.169176
-0.175424
-0.181655
-0.187869
-0.194065
-0.200242
-0.206400
-0.212537
-0.218653
-0.224748
-0.230820
-0.236868
-0.242893
-0.248893
-0.254867
-0.260816
-0.266737
-0.272630
-0.278495
-0.284331
-0.290137
-0.295913
-0.301657
-0.307369
-0.313049
-0.318695
-0.324307
-0.329884
-0.335426
-0.340932
-0.346400
-0.351832
-0.357225
-0.362579
-0.367894
-0.373169
-0.378403
-0.383595
-0.388746
-0.393853
-0.398917
-0.403938
-0.408914
-0.413844
-0.418729
-0.423567
-0.428358
-0.433102
-0.437797
-0.442444
-0.447041
-0.451588
-0.456085
-0.460531
-0.464925
-0.469267
-0.473556
-0.477793
-0.481975
-0.486103
-0.490176
-0.494194
-0.498157
-0.502062
-0.505912
-0.509704
-0.513438
-0.517114
-0.520731
-0.524289
-0.527788
-0.531227
-0.534605
-0.537923
-0.541179
-0.544373
-0.547506
-0.550576
-0.553583
-0.556527
-0.559407
-0.562224
-0.564976
-0.567663
-0.570285
-0.572843
-0.575334
-0.577759
-0.580118
-0.582411
-0.584637
-0.586795
-0.588886
-0.590909
-0.592865
-0.594752
-0.596570
-0.598320
-0.600001
-0.601613
-0.603155
-0.604628
-0.606031
-0.607364
-0.608627
-0.609820
-0.610942
-0.611994
-0.612974
-0.613884
-0.614723
-0.615491
-0.616187
-0.616813
-0.617366
-0.617848
-0.618259
-0.618598
-0.618865
-0.619060
-0.619184
-0.619235
-0.619215
-0.619123
-0.618959
-0.618723
-0.618415
-0.618035
-0.617584
-0.617060
-0.616465
-0.615798
-0.615059
-0.614249
-0.613368
-0.612415
-0.611390
-0.610295
-0.609128
-0.607890
-0.606582
-0.605203
-0.603753
-0.602233
-0.600642
-0.598982
-0.597252
-0.595452
-0.593582
-0.591643
-0.589635
-0.587559
-0.585413
-0.583200
-0.580918
-0.578568
-0.576151
-0.573666
-0.571114
-0.568496
-0.565811
-0.563060
-0.560243
-0.557360
-0.554413
-0.551400
-0.548323
-0.545182
-0.541977
-0.538708
-0.535377
-0.531983
-0.528526
-0.525008
-0.521428
-0.517787
-0.514085
-0.510324
-0.506502
-0.502621
-0.498681
-0.494683
-0.490626
-0.486513
-0.482342
-0.478114
-0.473831
-0.469492
-0.465098
-0.460649
-0.456147
-0.451590
-0.446981
-0.442320
-0.437606
-0.432841
-0.428026
-0.423160
-0.418244
-0.413280
-0.408266
-0.403205
-0.398097
-0.392942
-0.387741
-0.382494
-0.377202
-0.371866
-0.366486
-0.361064
-0.355598
-0.350091
-0.344543
-0.338955
-0.333326
-0.327659
-0.321953
-0.316209
-0.310428
-0.304611
-0.298757
-0.292869
-0.286946
-0.280989
-0.275000
-0.268978
-0.262924
-0.256840
-0.250725
-0.244581
-0.238408
-0.232208
-0.225979
-0.219725
-0.213444
-0.207138
-0.200808
-0.194455
-0.188078
-0.181679
-0.175259
-0.168819
-0.162358
-0.155879
-0.149381
-0.142865
-0.136333
-0.129785
-0.123221
-0.116643
-0.110051
-0.103446
-0.096829
-0.090201
-0.083562
-0.076914
-0.070256
-0.063590
-0.056916
-0.050236
-0.043550
-0.036858
-0.030163
-0.023464
-0.016762
-0.010058
-0.003353
0.003353
0.010058
0.016762
0.023464
0.030163
0.036858
0.043550
0.050236
0.056916
0.063590
0.070256
0.076914
0.083562
0.090201
0.096829
0.103446
0.110051
0.116643
0.123221
0.129785
0.136333
0.142865
0.149381
0.155879
0.162358
0.168819
0.175259
0.181679
0.188078
0.194455
0.200808
0.207138
0.213444
0.219725
0.225979
0.232208
0.238408
0.244581
0.250725
0.256840
0.262924
0.268978
0.275000
0.280989
0.286946
0.292869
0.298757
0.304611
0.310428
0.316209
0.321953
0.327659
0.333326
0.338955
0.344543
0.350091
0.355598
0.361064
0.366486
0.371866
0.377202
0.382494
0.387741
0.392942
0.398097
0.403205
0.408266
0.413280
0.418244
0.423160
0.428026
0.432841
0.437606
0.442320
0.446981
0.451590
0.456147
0.460649
0.465098
0.469492
0.473831
0.478114
0.482342
0.486513
0.490626
0.494683
0.498681
0.502621
0.506502
0.510324
0.514085
0.517787
0.521428
0.525008
0.528526
0.531983
0.535377
0.538708
0.541977
0.545182
0.548323
0.551400
0.554413
0.557360
0.560243
0.563060
0.565811
0.568496
0.571114
0.573666
0.576151
0.578568
0.580918
0.583200
0.585413
0.587559
0.589635
0.591643
0.593582
0.595452
0.597252
0.598982
0.600642
0.602233
0.603753
0.605203
0.606582
0.607890
0.609128
0.610295
0.611390
0.612415
0.613368
0.614249
0.615059
0.615798
0.616465
0.617060
0.617584
0.618035
0.618415
0.618723
0.618959
0.619123
0.619215
0.619235
0.619184
0.619060
0.618865
0.618598
0.618259
0.617848
0.617366
0.616813
0.616187
0.615491
0.614723
0.613884
0.612974
0.611994
0.610942
0.609820
0.608627
0.607364
0.606031
0.604628
0.603155
0.601613
0.600001
0.598320
0.596570
0.594752
0.592865
0.590909
0.588886
0.586795
0.584637
0.582411
0.580118
0.577759
0.575334
0.572843
0.570285
0.567663
0.564976
0.562224
0.559407
0.556527
0.553583
0.550576
0.547506
0.544373
0.541179
0.537923
0.534605
0.531227
0.527788
0.524289
0.520731
0.517114
0.513438
0.509704
0.505912
0.502062
0.498157
0.494194
0.490176
0.486103
0.481975
0.477793
0.473556
0.469267
0.464925
0.460531
0.456085
0.451588
0.447041
0.442444
0.437797
0.433102
0.428358
0.423567
0.418729
0.413844
0.408914
0.403938
0.398917
0.393853
0.388746
0.383595
0.378403
0.373169
0.367894
0.362579
0.357225
0.351832
0.346400
0.340932
0.335426
0.329884
0.324307
0.318695
0.313049
0.307369
0.301657
0.295913
0.290137
0.284331
0.278495
0.272630
0.266737
0.260816
0.254867
0.248893
0.242893
0.236868
0.230820
0.224748
0.218653
0.212537
0.206400
0.200242
0.194065
0.187869
0.181655
0.175424
0.169176
0.162913
0.156634
0.150342
0.144036
0.137717
0.131387
0.125045
0.118693
0.112332
0.105962
0.099584
0.093198
0.086807
0.080409
0.074007
0.067601
0.061191
0.054779
0.048365
0.041951
0.035536
0.029122
0.022709
0.016298
0.009891
0.003487
-0.002912
-0.009306
-0.015694
-0.022074
-0.028447
-0.034812
-0.041167
-0.047513
-0.053847
-0.060170
-0.066481
-0.072778
-0.079062
-0.085331
-0.091584
-0.097822
-0.104042
-0.110245
-0.116429
-0.122594
-0.128739
-0.134863
-0.140966
-0.147046
-0.153104
-0.159138
-0.165147
-0.171132
-0.177090
-0.183022
-0.188926
-0.194803
-0.200650
-0.206468
-0.212256
-0.218013
-0.223738
-0.229431
-0.235091
-0.240717
-0.246309
-0.251865
-0.257386
-0.262871
-0.268318
-0.273728
-0.279099
-0.284431
-0.289724
-0.294976
-0.300187
-0.305356
-0.310483
-0.315567
-0.320608
-0.325604
-0.330556
-0.335482
-0.340441
-0.345485
-0.350626
-0.355853
-0.361153
-0.366516
-0.371930
-0.377382
-0.382859
-0.388348
-0.393835
-0.399307
-0.404750
-0.410149
-0.415489
-0.420758
-0.425938
-0.431017
-0.435979
-0.440810
-0.445496
-0.450021
-0.454372
-0.458534
-0.462494
-0.466238
-0.469754
-0.473029
-0.476050
-0.478805
-0.481284
-0.483476
-0.485371
-0.486959
-0.488232
-0.489182
-0.489801
-0.490083
-0.490023
-0.489615
-0.488856
-0.487743
-0.486273
-0.484445
-0.482258
-0.479714
-0.476812
-0.473557
-0.469950
-0.465997
-0.461701
-0.457069
-0.452107
-0.446823
-0.441225
-0.435322
-0.429125
-0.422643
-0.415888
-0.408871
-0.401605
-0.394103
-0.386379
-0.378446
-0.370320
-0.362014
-0.353544
-0.344925
-0.336173
-0.327303
-0.318333
-0.309277
-0.300152
-0.290974
-0.281758
-0.272522
-0.263280
-0.254048
-0.244842
-0.235676
-0.226565
-0.217524
-0.208566
-0.199705
-0.190954
-0.182325
-0.173831
-0.165483
-0.157291
-0.149267
-0.141419
-0.133756
-0.126287
-0.119020
-0.111961
-0.105117
-0.098493
-0.092094
-0.085924
-0.079987
-0.074284
-0.068819
-0.063592
-0.058605
-0.053856
-0.049346
-0.045072
-0.041034
-0.037227
-0.033650
-0.030298
-0.027166
-0.024251
-0.021546
-0.019046
-0.016744
-0.014634
-0.012709
-0.010961
-0.009383
-0.007964
-0.006697
-0.005576
-0.004594
-0.003742
-0.003012
-0.002393
-0.001875
-0.001447
-0.001099
-0.000819
-0.000599
-0.000428
-0.000299
-0.000203
-0.000133
-0.000085
-0.000052
-0.000030
-0.000016
-0.000008
-0.000004
-0.000002
-0.000001
-0.000000
-0.000000
-0.000000
-0.000000
0.000000
##END
