##TITLE= dor0.5 axial c cnst1=34.577
##JCAMP-DX= 5.00 Bruker JCAMP library
##DATA TYPE= Shape Data
##ORIGIN= Bruker Analytik GmbH
##OWNER= <nmrsu>
##DATE= xx
##TIME= xx
##MINX= 0
##MAXX= 1
##MINY= 0
##MAXY= 1
##$SHAPE_EXMODE= Gradient
##$SHAPE_TOTROT= 0
##$SHAPE_BWFAC= 0
##$SHAPE_INTEGFAC= 0
##$SHAPE_MODE= 0
##NPOINTS=1000
##XYDATA= (X++(Y..Y))
0.000000
0.054102
0.108045
0.161672
0.214824
0.267346
0.319084
0.369886
0.419603
0.468089
0.515202
0.560804
0.604762
0.646945
0.687231
0.725500
0.761642
0.795550
0.827125
0.856273
0.882909
0.906956
0.928343
0.947006
0.962892
0.975953
0.986151
0.993457
0.997848
0.999679
1.000000
0.999780
0.999254
0.998379
0.997156
0.995585
0.993668
0.991404
0.988797
0.985846
0.982554
0.978923
0.974955
0.970652
0.966017
0.961052
0.955760
0.950145
0.944210
0.937958
0.931393
0.924519
0.917340
0.909860
0.902083
0.894014
0.885658
0.877019
0.868104
0.858916
0.849462
0.839746
0.829776
0.819557
0.809094
0.798394
0.787464
0.776311
0.764940
0.753359
0.741576
0.729596
0.717429
0.705080
0.692559
0.679873
0.667030
0.654039
0.640906
0.627643
0.614256
0.600754
0.587147
0.573444
0.559654
0.545785
0.531849
0.517853
0.503808
0.489723
0.475609
0.461474
0.447330
0.433186
0.419052
0.404938
0.390854
0.376811
0.362818
0.348887
0.335026
0.321247
0.307558
0.293971
0.280495
0.267140
0.253916
0.240833
0.227900
0.215127
0.202523
0.190097
0.177858
0.165816
0.153979
0.142356
0.130954
0.119783
0.108849
0.098161
0.087726
0.077551
0.067643
0.058008
0.048654
0.039586
0.030810
0.022332
0.014156
0.006288
-0.001268
-0.008508
-0.015427
-0.022022
-0.028289
-0.034227
-0.039831
-0.045100
-0.050031
-0.054623
-0.058875
-0.062786
-0.066355
-0.069581
-0.072465
-0.075008
-0.077209
-0.079069
-0.080591
-0.081818
-0.082875
-0.083889
-0.084903
-0.085915
-0.086926
-0.087936
-0.088944
-0.089952
-0.090958
-0.091963
-0.092967
-0.093970
-0.094971
-0.095971
-0.096970
-0.097967
-0.098963
-0.099958
-0.100951
-0.101944
-0.102934
-0.103924
-0.104912
-0.105898
-0.106883
-0.107867
-0.108849
-0.109830
-0.110809
-0.111787
-0.112764
-0.113738
-0.114712
-0.115683
-0.116654
-0.117622
-0.118589
-0.119555
-0.120519
-0.121481
-0.122441
-0.123400
-0.124358
-0.125313
-0.126267
-0.127220
-0.128170
-0.129119
-0.130066
-0.131012
-0.131955
-0.132897
-0.133837
-0.134775
-0.135712
-0.136646
-0.137579
-0.138510
-0.139439
-0.140367
-0.141292
-0.142215
-0.143137
-0.144056
-0.144974
-0.145890
-0.146804
-0.147715
-0.148625
-0.149533
-0.150439
-0.151343
-0.152245
-0.153144
-0.154042
-0.154938
-0.155831
-0.156723
-0.157612
-0.158499
-0.159384
-0.160267
-0.161148
-0.162027
-0.162903
-0.163777
-0.164650
-0.165519
-0.166387
-0.167253
-0.168116
-0.168977
-0.169835
-0.170692
-0.171546
-0.172398
-0.173247
-0.174094
-0.174939
-0.175782
-0.176622
-0.177459
-0.178295
-0.179128
-0.179958
-0.180787
-0.181612
-0.182436
-0.183256
-0.184075
-0.184891
-0.185704
-0.186515
-0.187324
-0.188129
-0.188933
-0.189734
-0.190532
-0.191328
-0.192121
-0.192912
-0.193700
-0.194485
-0.195268
-0.196048
-0.196826
-0.197601
-0.198373
-0.199143
-0.199910
-0.200674
-0.201435
-0.202194
-0.202950
-0.203704
-0.204455
-0.205203
-0.205948
-0.206690
-0.207430
-0.208167
-0.208901
-0.209632
-0.210361
-0.211086
-0.211809
-0.212529
-0.213246
-0.213961
-0.214672
-0.215381
-0.216086
-0.216789
-0.217489
-0.218186
-0.218880
-0.219571
-0.220259
-0.220944
-0.221626
-0.222305
-0.222982
-0.223655
-0.224325
-0.224992
-0.225656
-0.226318
-0.226976
-0.227631
-0.228283
-0.228932
-0.229578
-0.230221
-0.230860
-0.231497
-0.232130
-0.232761
-0.233388
-0.234012
-0.234633
-0.235251
-0.235866
-0.236477
-0.237086
-0.237691
-0.238293
-0.238892
-0.239488
-0.240080
-0.240669
-0.241255
-0.241838
-0.242417
-0.242993
-0.243566
-0.244136
-0.244702
-0.245266
-0.245825
-0.246382
-0.246935
-0.247485
-0.248032
-0.248575
-0.249115
-0.249651
-0.250185
-0.250715
-0.251241
-0.251764
-0.252284
-0.252800
-0.253313
-0.253823
-0.254329
-0.254832
-0.255331
-0.255827
-0.256320
-0.256809
-0.257295
-0.257777
-0.258255
-0.258731
-0.259202
-0.259671
-0.260136
-0.260597
-0.261055
-0.261509
-0.261960
-0.262407
-0.262851
-0.263291
-0.263728
-0.264161
-0.264591
-0.265017
-0.265439
-0.265858
-0.266274
-0.266685
-0.267094
-0.267498
-0.267899
-0.268297
-0.268691
-0.269081
-0.269468
-0.269851
-0.270230
-0.270606
-0.270978
-0.271347
-0.271712
-0.272073
-0.272431
-0.272784
-0.273135
-0.273481
-0.273824
-0.274164
-0.274499
-0.274831
-0.275159
-0.275484
-0.275805
-0.276122
-0.276435
-0.276745
-0.277051
-0.277353
-0.277652
-0.277947
-0.278238
-0.278525
-0.278809
-0.279089
-0.279365
-0.279638
-0.279906
-0.280171
-0.280432
-0.280690
-0.280943
-0.281193
-0.281439
-0.281682
-0.281920
-0.282155
-0.282386
-0.282613
-0.282836
-0.283056
-0.283272
-0.283484
-0.283692
-0.283896
-0.284097
-0.284294
-0.284487
-0.284676
-0.284861
-0.285042
-0.285220
-0.285394
-0.285564
-0.285730
-0.285892
-0.286051
-0.286206
-0.286356
-0.286503
-0.286647
-0.286786
-0.286921
-0.287053
-0.287181
-0.287305
-0.287425
-0.287541
-0.287653
-0.287762
-0.287866
-0.287967
-0.288064
-0.288157
-0.288246
-0.288331
-0.288413
-0.288490
-0.288564
-0.288634
-0.288700
-0.288762
-0.288820
-0.288874
-0.288925
-0.288971
-0.289014
-0.289053
-0.289087
-0.289118
-0.289146
-0.289169
-0.289188
-0.289204
-0.289216
-0.289223
-0.289227
-0.289227
-0.289223
-0.289216
-0.289204
-0.289188
-0.289169
-0.289146
-0.289118
-0.289087
-0.289053
-0.289014
-0.288971
-0.288925
-0.288874
-0.288820
-0.288762
-0.288700
-0.288634
-0.288564
-0.288490
-0.288413
-0.288331
-0.288246
-0.288157
-0.288064
-0.287967
-0.287866
-0.287762
-0.287653
-0.287541
-0.287425
-0.287305
-0.287181
-0.287053
-0.286921
-0.286786
-0.286647
-0.286503
-0.286356
-0.286206
-0.286051
-0.285892
-0.285730
-0.285564
-0.285394
-0.285220
-0.285042
-0.284861
-0.284676
-0.284487
-0.284294
-0.284097
-0.283896
-0.283692
-0.283484
-0.283272
-0.283056
-0.282836
-0.282613
-0.282386
-0.282155
-0.281920
-0.281682
-0.281439
-0.281193
-0.280943
-0.280690
-0.280432
-0.280171
-0.279906
-0.279638
-0.279365
-0.279089
-0.278809
-0.278525
-0.278238
-0.277947
-0.277652
-0.277353
-0.277051
-0.276745
-0.276435
-0.276122
-0.275805
-0.275484
-0.275159
-0.274831
-0.274499
-0.274164
-0.273824
-0.273481
-0.273135
-0.272784
-0.272431
-0.272073
-0.271712
-0.271347
-0.270978
-0.270606
-0.270230
-0.269851
-0.269468
-0.269081
-0.268691
-0.268297
-0.267899
-0.267498
-0.267094
-0.266685
-0.266274
-0.265858
-0.265439
-0.265017
-0.264591
-0.264161
-0.263728
-0.263291
-0.262851
-0.262407
-0.261960
-0.261509
-0.261055
-0.260597
-0.260136
-0.259671
-0.259202
-0.258731
-0.258255
-0.257777
-0.257295
-0.256809
-0.256320
-0.255827
-0.255331
-0.254832
-0.254329
-0.253823
-0.253313
-0.252800
-0.252284
-0.251764
-0.251241
-0.250715
-0.250185
-0.249651
-0.249115
-0.248575
-0.248032
-0.247485
-0.246935
-0.246382
-0.245825
-0.245266
-0.244702
-0.244136
-0.243566
-0.242993
-0.242417
-0.241838
-0.241255
-0.240669
-0.240080
-0.239488
-0.238892
-0.238293
-0.237691
-0.237086
-0.236477
-0.235866
-0.235251
-0.234633
-0.234012
-0.233388
-0.232761
-0.232130
-0.231497
-0.230860
-0.230221
-0.229578
-0.228932
-0.228283
-0.227631
-0.226976
-0.226318
-0.225656
-0.224992
-0.224325
-0.223655
-0.222982
-0.222305
-0.221626
-0.220944
-0.220259
-0.219571
-0.218880
-0.218186
-0.217489
-0.216789
-0.216086
-0.215381
-0.214672
-0.213961
-0.213246
-0.212529
-0.211809
-0.211086
-0.210361
-0.209632
-0.208901
-0.208167
-0.207430
-0.206690
-0.205948
-0.205203
-0.204455
-0.203704
-0.202950
-0.202194
-0.201435
-0.200674
-0.199910
-0.199143
-0.198373
-0.197601
-0.196826
-0.196048
-0.195268
-0.194485
-0.193700
-0.192912
-0.192121
-0.191328
-0.190532
-0.189734
-0.188933
-0.188129
-0.187324
-0.186515
-0.185704
-0.184891
-0.184075
-0.183256
-0.182436
-0.181612
-0.180787
-0.179958
-0.179128
-0.178295
-0.177459
-0.176622
-0.175782
-0.174939
-0.174094
-0.173247
-0.172398
-0.171546
-0.170692
-0.169835
-0.168977
-0.168116
-0.167253
-0.166387
-0.165519
-0.164650
-0.163777
-0.162903
-0.162027
-0.161148
-0.160267
-0.159384
-0.158499
-0.157612
-0.156723
-0.155831
-0.154938
-0.154042
-0.153144
-0.152245
-0.151343
-0.150439
-0.149533
-0.148625
-0.147715
-0.146804
-0.145890
-0.144974
-0.144056
-0.143137
-0.142215
-0.141292
-0.140367
-0.139439
-0.138510
-0.137579
-0.136646
-0.135712
-0.134775
-0.133837
-0.132897
-0.131955
-0.131012
-0.130066
-0.129119
-0.128170
-0.127220
-0.126267
-0.125313
-0.124358
-0.123400
-0.122441
-0.121481
-0.120519
-0.119555
-0.118589
-0.117622
-0.116654
-0.115683
-0.114712
-0.113738
-0.112764
-0.111787
-0.110809
-0.109830
-0.108849
-0.107867
-0.106883
-0.105898
-0.104912
-0.103924
-0.102934
-0.101944
-0.100951
-0.099958
-0.098963
-0.097967
-0.096970
-0.095971
-0.094971
-0.093970
-0.092967
-0.091963
-0.090958
-0.089952
-0.088944
-0.087936
-0.086926
-0.085915
-0.084903
-0.083889
-0.082875
-0.081818
-0.080591
-0.079069
-0.077209
-0.075008
-0.072465
-0.069581
-0.066355
-0.062786
-0.058875
-0.054623
-0.050031
-0.045100
-0.039831
-0.034227
-0.028289
-0.022022
-0.015427
-0.008508
-0.001268
0.006288
0.014156
0.022332
0.030810
0.039586
0.048654
0.058008
0.067643
0.077551
0.087726
0.098161
0.108849
0.119783
0.130954
0.142356
0.153979
0.165816
0.177858
0.190097
0.202523
0.215127
0.227900
0.240833
0.253916
0.267140
0.280495
0.293971
0.307558
0.321247
0.335026
0.348887
0.362818
0.376811
0.390854
0.404938
0.419052
0.433186
0.447330
0.461474
0.475609
0.489723
0.503808
0.517853
0.531849
0.545785
0.559654
0.573444
0.587147
0.600754
0.614256
0.627643
0.640906
0.654039
0.667030
0.679873
0.692559
0.705080
0.717429
0.729596
0.741576
0.753359
0.764940
0.776311
0.787464
0.798394
0.809094
0.819557
0.829776
0.839746
0.849462
0.858916
0.868104
0.877019
0.885658
0.894014
0.902083
0.909860
0.917340
0.924519
0.931393
0.937958
0.944210
0.950145
0.955760
0.961052
0.966017
0.970652
0.974955
0.978923
0.982554
0.985846
0.988797
0.991404
0.993668
0.995585
0.997156
0.998379
0.999254
0.999780
1.000000
0.999679
0.997848
0.993457
0.986151
0.975953
0.962892
0.947006
0.928343
0.906956
0.882909
0.856273
0.827125
0.795550
0.761642
0.725500
0.687231
0.646945
0.604762
0.560804
0.515202
0.468089
0.419603
0.369886
0.319084
0.267346
0.214824
0.161672
0.108045
0.054102
0.000000
##END
