##LIST_SIZE=303
##LISTDATA
0 0 6.000000 0.000000 0.000000 0.000000 0.000000 0.000000 0.000000 0.000000 0.000000 0.000000 0.000000 3000.000000 0.000000
1 2 10.000000 0.347656 0.865206 0.000000 -0.600188 0.501166 -0.000000 -0.720180 0.000000 0.000000 0.000000 2000.000000 0.999874
1 1 10.000000 -0.003129 -0.761300 0.000000 -0.015798 0.150799 0.000000 -0.775925 0.000000 -0.000000 0.000000 2000.000000 0.776092
1 0 6.000000 0.448459 0.000000 0.000000 0.000000 0.448459 0.000000 0.000000 0.000000 0.317108 0.000000 3500.000000 0.549248
1 0 12.000000 0.085784 -0.495054 -0.000000 0.178381 0.238072 -0.000000 0.512423 0.000000 0.000000 0.000000 2500.000000 0.549323
1 2 7.000000 0.499789 0.769855 -0.000000 0.603046 -0.638037 -0.000000 -0.621542 0.000000 -0.000000 0.000000 2000.000000 0.999884
1 2 7.000000 0.089366 -0.978793 -0.000000 0.428182 0.204284 -0.000000 0.899134 0.000000 0.000000 8.000000 3000.000000 0.999884
1 2 7.000000 0.000000 -0.000000 0.612733 0.000000 0.000000 0.362509 -0.000000 0.000000 0.702078 0.000000 2000.000000 0.999884
1 1 10.000000 -0.011200 0.709803 -0.000000 -0.025331 -0.313843 -0.000000 -0.775597 0.000000 0.000000 0.000000 2000.000000 0.776092
1 2 12.000000 0.742706 -0.542610 0.000000 0.479785 0.839957 0.000000 -0.467062 0.000000 0.000000 0.000000 2500.000000 0.999977
1 0 7.000000 0.448479 0.000000 0.000000 0.000000 0.448479 0.000000 0.000000 0.000000 0.317123 8.000000 3000.000000 0.549272
1 2 15.000000 -0.000000 -0.000000 -0.341087 0.000000 -0.000000 0.765128 -0.000000 0.000000 0.545980 0.000000 3500.000000 0.999927
1 0 6.000000 0.210472 0.000000 0.000000 0.000000 0.210472 0.000000 0.000000 0.000000 0.148826 7.000000 800.000000 0.257775
1 2 10.000000 -0.940453 0.317184 -0.000000 -0.314583 -0.948231 -0.000000 -0.127807 0.000000 0.000000 0.000000 3500.000000 0.999874
1 2 10.000000 0.213773 -0.973260 0.000000 0.907917 0.229158 0.000000 -0.360189 0.000000 0.000000 0.000000 2000.000000 0.999874
1 0 7.000000 -0.000000 -0.000000 0.209213 -0.000000 0.000000 0.080459 -0.000000 0.000000 -0.501454 0.000000 2000.000000 0.549272
0 0 6.000000 0.000000 0.000000 0.000000 0.000000 0.000000 0.000000 0.000000 0.000000 0.000000 0.000000 800.000000 0.000000
1 0 6.000000 0.000000 0.000000 0.000000 0.000000 0.000000 0.000000 0.000000 0.000000 0.000000 18.000000 800.000000 0.000000
1 2 15.000000 -0.012896 -0.999844 0.000000 0.997836 -0.012922 -0.000000 0.063333 0.000000 0.000000 0.000000 3500.000000 0.999927
1 0 7.000000 0.000000 0.000000 0.280325 -0.000000 0.000000 -0.350912 -0.000000 0.000000 0.316194 0.000000 2000.000000 0.549272
1 1 10.000000 -0.012281 0.260732 0.000000 0.004381 0.730984 -0.000000 -0.775982 0.000000 -0.000000 0.000000 2000.000000 0.776092
1 2 10.000000 -0.000000 0.000000 0.229595 -0.000000 -0.000000 0.671925 0.000000 0.000000 0.703954 0.000000 3500.000000 0.999874
1 2 7.000000 0.359255 0.781217 0.000000 -0.449716 0.624074 -0.000000 -0.817594 0.000000 0.000000 0.000000 2000.000000 0.999884
1 0 7.000000 -0.000000 0.000000 -0.209213 -0.000000 -0.000000 -0.080459 -0.000000 0.000000 0.501454 0.000000 2000.000000 0.549272
1 2 10.000000 0.816394 0.000000 0.000000 0.000000 0.816394 0.000000 0.000000 0.000000 0.577278 0.000000 3500.000000 0.999874
1 0 6.000000 0.448459 0.000000 0.000000 0.000000 0.448459 0.000000 0.000000 0.000000 0.317108 7.000000 3500.000000 0.549248
1 2 7.000000 0.359255 -0.781217 -0.000000 -0.449716 -0.624074 0.000000 -0.817594 0.000000 -0.000000 0.000000 2000.000000 0.999884
1 0 10.000000 -0.516625 0.174241 -0.000000 -0.172812 -0.520898 -0.000000 -0.070209 0.000000 0.000000 0.000000 3500.000000 0.549267
1 0 15.000000 -0.186406 -0.414238 0.000000 0.214051 -0.360739 -0.000000 0.470277 0.000000 0.000000 0.000000 3500.000000 0.549296
1 2 10.000000 -0.000000 -0.000000 0.614959 -0.000000 0.000000 0.286978 -0.000000 0.000000 -0.734314 0.000000 2000.000000 0.999874
1 2 10.000000 -0.000000 -0.000000 0.194239 -0.000000 0.000000 0.980606 -0.000000 0.000000 -0.020748 0.000000 2000.000000 0.999874
1 2 7.000000 0.000000 -0.000000 -0.183700 0.000000 0.000000 -0.880168 0.000000 0.000000 0.437408 8.000000 1500.000000 0.999884
1 0 7.000000 0.049092 -0.537686 -0.000000 0.235216 0.112221 -0.000000 0.493927 0.000000 0.000000 8.000000 1500.000000 0.549272
1 0 6.000000 0.000000 0.000000 0.000000 0.000000 0.000000 0.000000 0.000000 0.000000 0.000000 18.000000 2000.000000 0.000000
1 2 15.000000 -0.339330 -0.754071 0.000000 0.389655 -0.656682 -0.000000 0.856083 0.000000 0.000000 0.000000 3500.000000 0.999927
1 2 10.000000 0.000000 0.000000 0.038811 -0.000000 0.000000 -0.048469 -0.000000 0.000000 0.997944 0.000000 3500.000000 0.999874
1 0 15.000000 -0.000000 -0.000000 -0.187371 0.000000 -0.000000 0.420312 -0.000000 0.000000 0.299926 0.000000 3500.000000 0.549296
0 0 6.000000 0.000000 0.000000 0.000000 0.000000 0.000000 0.000000 0.000000 0.000000 0.000000 8.000000 800.000000 0.000000
1 0 12.000000 0.040087 -0.439060 -0.058268 0.192071 0.091636 -0.279179 0.403327 0.000000 0.138741 0.000000 2500.000000 0.549323
1 2 10.000000 -0.232430 -0.696320 -0.000000 0.225552 -0.717556 0.000000 -0.945966 0.000000 0.000000 0.000000 2000.000000 0.999874
1 0 10.000000 0.000000 0.000000 0.000000 0.000000 0.000000 0.000000 0.000000 0.000000 0.000000 0.000000 2000.000000 0.000000
1 2 15.000000 0.680298 -0.523161 -0.000000 0.417656 0.852149 -0.000000 0.602173 0.000000 0.000000 0.000000 3500.000000 0.999927
1 2 7.000000 0.000000 0.000000 0.038811 -0.000000 0.000000 -0.048469 -0.000000 0.000000 0.997954 8.000000 3000.000000 0.999884
1 0 7.000000 -0.010816 0.525350 -0.000000 -0.035440 -0.160336 -0.000000 -0.548021 0.000000 0.000000 0.000000 2000.000000 0.549272
1 0 6.000000 0.448459 0.000000 0.000000 0.000000 0.448459 0.000000 0.000000 0.000000 0.317108 7.000000 2000.000000 0.549248
1 0 12.000000 0.000000 0.000000 0.038973 -0.000000 0.000000 -0.026345 -0.000000 0.000000 0.547305 0.000000 2500.000000 0.549323
1 2 7.000000 0.089366 -0.978793 -0.000000 0.428182 0.204284 -0.000000 0.899134 0.000000 0.000000 8.000000 1500.000000 0.999884
1 0 6.000000 0.000000 0.000000 0.000000 0.000000 0.000000 0.000000 0.000000 0.000000 0.000000 18.000000 3500.000000 0.000000
1 2 10.000000 -0.014430 0.914472 -0.000000 -0.032635 -0.404339 -0.000000 -0.999237 0.000000 0.000000 0.000000 2000.000000 0.999874
1 2 7.000000 -0.227620 0.946172 0.000000 -0.666146 -0.323304 0.000000 0.710075 0.000000 0.000000 8.000000 3000.000000 0.999884
1 2 7.000000 -0.019690 0.956336 -0.000000 -0.064515 -0.291873 -0.000000 -0.997606 0.000000 0.000000 0.000000 2000.000000 0.999884
1 2 10.000000 0.326094 -0.477685 0.000000 0.177336 0.878388 0.000000 -0.928420 0.000000 0.000000 0.000000 2000.000000 0.999874
1 0 15.000000 -0.000000 0.000000 0.204953 -0.000000 -0.000000 0.132477 0.000000 0.000000 0.492108 0.000000 3500.000000 0.549296
1 2 7.000000 -0.000000 0.000000 -0.121207 -0.000000 -0.000000 -0.040544 -0.000000 0.000000 0.991682 8.000000 3000.000000 0.999884
1 2 7.000000 -0.000000 0.000000 0.229597 -0.000000 -0.000000 0.671931 0.000000 0.000000 0.703961 8.000000 3000.000000 0.999884
1 2 10.000000 -0.665424 -0.422828 0.000000 -0.310528 0.906071 0.000000 -0.678625 0.000000 -0.000000 0.000000 2000.000000 0.999874
1 0 10.000000 0.000000 0.000000 0.021320 -0.000000 0.000000 -0.026626 -0.000000 0.000000 0.548207 0.000000 3500.000000 0.549267
1 0 12.000000 0.453430 0.307633 0.000000 -0.306503 0.455102 -0.000000 -0.047042 0.000000 0.000000 0.000000 2500.000000 0.549323
1 0 6.000000 0.448459 0.000000 0.000000 0.000000 0.448459 0.000000 0.000000 0.000000 0.317108 18.000000 2000.000000 0.549248
1 0 15.000000 -0.413287 0.298184 0.000000 -0.267140 -0.461316 0.000000 0.244041 0.000000 0.000000 0.000000 3500.000000 0.549296
1 2 10.000000 0.000000 0.000000 -0.966079 0.000000 -0.000000 -0.112479 -0.000000 0.000000 -0.231925 0.000000 2000.000000 0.999874
1 0 12.000000 0.000000 0.000000 0.402612 -0.000000 0.000000 -0.162043 -0.000000 0.000000 0.336752 0.000000 2500.000000 0.549323
1 0 10.000000 0.448475 0.000000 0.000000 0.000000 0.448475 0.000000 0.000000 0.000000 0.317120 0.000000 3500.000000 0.549267
1 1 10.000000 0.269847 -0.671563 -0.000000 -0.465859 -0.389000 0.000000 -0.558996 0.000000 -0.000000 0.000000 2000.000000 0.776092
1 0 7.000000 0.000000 0.000000 0.000000 0.000000 0.000000 0.000000 0.000000 0.000000 0.000000 0.000000 2000.000000 0.000000
1 1 10.000000 -0.000000 -0.000000 0.150767 -0.000000 0.000000 0.761136 -0.000000 0.000000 -0.016105 0.000000 2000.000000 0.776092
1 0 10.000000 0.040083 -0.439015 -0.058262 0.192051 0.091627 -0.279151 0.403286 0.000000 0.138727 0.000000 2000.000000 0.549267
1 2 12.000000 0.064516 -0.996311 0.000000 0.751412 0.085543 0.000000 -0.656636 0.000000 0.000000 0.000000 2500.000000 0.999977
1 1 10.000000 -0.151937 0.709142 0.000000 0.341683 0.315336 -0.000000 -0.680063 0.000000 -0.000000 0.000000 2000.000000 0.776092
1 0 7.000000 -0.053365 -0.452744 0.000000 -0.077686 0.311004 0.000000 -0.541126 0.000000 -0.000000 0.000000 2000.000000 0.549272
1 0 10.000000 0.190980 -0.475289 -0.000000 -0.329705 -0.275309 0.000000 -0.395621 0.000000 -0.000000 0.000000 2000.000000 0.549267
1 1 10.000000 -0.000000 0.000000 -0.313644 -0.000000 -0.000000 -0.709351 -0.000000 0.000000 0.027697 0.000000 2000.000000 0.776092
1 2 7.000000 -0.190336 -0.906219 -0.000000 0.408219 -0.422534 0.000000 -0.892691 0.000000 0.000000 0.000000 2000.000000 0.999884
1 0 12.000000 0.407995 -0.298075 0.000000 0.263563 0.461419 0.000000 -0.256574 0.000000 0.000000 0.000000 2500.000000 0.549323
1 0 10.000000 -0.000000 -0.000000 0.337819 -0.000000 0.000000 0.157647 -0.000000 0.000000 -0.403385 0.000000 2000.000000 0.549267
1 2 7.000000 -0.270887 0.458722 0.000000 0.139864 0.888449 -0.000000 -0.952274 0.000000 -0.000000 0.000000 2000.000000 0.999884
1 2 7.000000 0.000000 0.000000 0.510298 -0.000000 0.000000 -0.638792 -0.000000 0.000000 0.575594 0.000000 2000.000000 0.999884
1 0 10.000000 0.179135 -0.262409 0.000000 0.097417 0.482530 0.000000 -0.510015 0.000000 0.000000 0.000000 2000.000000 0.549267
1 2 7.000000 0.816402 0.000000 0.000000 0.000000 0.816402 0.000000 0.000000 0.000000 0.577283 8.000000 3000.000000 0.999884
1 2 12.000000 0.199220 0.979533 0.000000 -0.970041 0.201170 -0.000000 -0.138874 0.000000 0.000000 0.000000 2500.000000 0.999977
1 0 10.000000 -0.421822 0.142267 -0.038441 -0.141100 -0.425311 -0.012859 -0.057325 0.000000 0.314518 0.000000 2000.000000 0.549267
1 0 10.000000 -0.008692 0.184529 0.000000 0.003100 0.517343 -0.000000 -0.549190 0.000000 -0.000000 0.000000 2000.000000 0.549267
1 2 10.000000 0.072966 -0.799173 -0.106058 0.349606 0.166796 -0.508160 0.734133 0.000000 0.252535 0.000000 2000.000000 0.999874
1 2 7.000000 -0.097144 -0.824165 0.000000 -0.141417 0.566145 0.000000 -0.985054 0.000000 -0.000000 0.000000 2000.000000 0.999884
1 0 6.000000 0.448459 0.000000 0.000000 0.000000 0.448459 0.000000 0.000000 0.000000 0.317108 0.000000 800.000000 0.549248
1 0 7.000000 0.342657 0.428756 0.000000 -0.427928 0.343320 -0.000000 -0.034110 0.000000 0.000000 8.000000 3000.000000 0.549272
1 2 7.000000 -0.852003 0.358908 -0.000000 -0.327663 -0.933249 -0.000000 -0.408040 0.000000 0.000000 0.000000 2000.000000 0.999884
1 1 10.000000 -0.000000 -0.000000 0.477325 -0.000000 0.000000 0.222749 -0.000000 0.000000 -0.569967 0.000000 2000.000000 0.776092
1 2 15.000000 -0.897863 -0.439108 -0.000000 0.438869 -0.898353 0.000000 -0.033027 0.000000 0.000000 0.000000 3500.000000 0.999927
1 2 7.000000 -0.000000 -0.000000 0.380847 -0.000000 0.000000 0.146466 -0.000000 0.000000 -0.912837 0.000000 2000.000000 0.999884
1 1 10.000000 -0.516495 0.328195 -0.000000 -0.241028 -0.703283 -0.000000 -0.526741 0.000000 0.000000 0.000000 2000.000000 0.776092
1 2 7.000000 0.000000 0.000000 -0.396613 0.000000 -0.000000 -0.478553 -0.000000 0.000000 -0.783232 0.000000 2000.000000 0.999884
1 2 12.000000 0.000000 -0.000000 -0.183795 0.000000 0.000000 -0.293799 0.000000 0.000000 0.938006 0.000000 2500.000000 0.999977
1 2 12.000000 0.156159 -0.901185 -0.000000 0.324721 0.433381 -0.000000 0.932804 0.000000 0.000000 0.000000 2500.000000 0.999977
1 0 7.000000 0.000000 0.000000 0.000000 0.000000 0.000000 0.000000 0.000000 0.000000 0.000000 8.000000 1500.000000 0.000000
1 0 10.000000 -0.365542 -0.232275 0.000000 -0.170584 0.497738 0.000000 -0.372793 0.000000 -0.000000 0.000000 2000.000000 0.549267
1 2 7.000000 -0.852003 -0.358908 0.000000 -0.327663 0.933249 0.000000 -0.408040 0.000000 -0.000000 0.000000 2000.000000 0.999884
1 1 10.000000 0.178810 0.089753 -0.000000 0.020819 -0.770885 -0.000000 -0.754925 0.000000 -0.000000 0.000000 2000.000000 0.776092
1 2 12.000000 -0.185868 0.772618 0.132570 -0.543956 -0.264001 0.387976 0.579827 0.000000 0.406470 0.000000 2500.000000 0.999977
1 2 10.000000 0.000000 0.000000 -0.263247 0.000000 -0.000000 -0.292109 -0.000000 0.000000 -0.919305 0.000000 2000.000000 0.999874
1 0 12.000000 -0.307386 -0.290491 -0.000000 0.191521 -0.466231 0.000000 -0.413025 0.000000 0.000000 0.000000 2500.000000 0.549323
1 0 10.000000 -0.125039 0.519762 0.000000 -0.365935 -0.177601 0.000000 0.390066 0.000000 0.000000 0.000000 3500.000000 0.549267
1 0 7.000000 0.000000 0.000000 0.021320 -0.000000 0.000000 -0.026626 -0.000000 0.000000 0.548212 8.000000 1500.000000 0.549272
1 0 6.000000 0.448459 0.000000 0.000000 0.000000 0.448459 0.000000 0.000000 0.000000 0.317108 18.000000 800.000000 0.549248
1 2 7.000000 -0.000000 0.000000 0.229597 -0.000000 -0.000000 0.671931 0.000000 0.000000 0.703961 8.000000 1500.000000 0.999884
1 2 12.000000 -0.000000 -0.000000 -0.638133 0.000000 -0.000000 0.397596 -0.000000 0.000000 0.659285 0.000000 2500.000000 0.999977
1 0 7.000000 0.448479 0.000000 0.000000 0.000000 0.448479 0.000000 0.000000 0.000000 0.317123 0.000000 2000.000000 0.549272
1 0 10.000000 0.190980 0.475289 0.000000 -0.329705 0.275309 -0.000000 -0.395621 0.000000 0.000000 0.000000 2000.000000 0.549267
1 0 6.000000 0.210472 0.000000 0.000000 0.000000 0.210472 0.000000 0.000000 0.000000 0.148826 0.000000 800.000000 0.257775
1 0 12.000000 0.000000 -0.000000 0.030857 0.000000 0.000000 0.359391 -0.000000 0.000000 0.414297 0.000000 2500.000000 0.549323
1 2 12.000000 -0.767955 0.259006 -0.069985 -0.256882 -0.774307 -0.023410 -0.104364 0.000000 0.572601 0.000000 2500.000000 0.999977
1 0 12.000000 0.312398 0.205102 0.000000 -0.125734 0.509597 -0.000000 -0.433998 0.000000 0.000000 0.000000 2500.000000 0.549323
1 0 12.000000 -0.000000 0.000000 -0.136201 -0.000000 -0.000000 -0.021924 -0.000000 0.000000 0.531719 0.000000 2500.000000 0.549323
1 0 6.000000 0.210472 0.000000 0.000000 0.000000 0.210472 0.000000 0.000000 0.000000 0.148826 7.000000 2000.000000 0.257775
1 0 10.000000 0.342654 0.428752 0.000000 -0.427924 0.343317 -0.000000 -0.034110 0.000000 0.000000 0.000000 3500.000000 0.549267
1 2 15.000000 -0.752340 0.542809 0.000000 -0.486296 -0.839770 0.000000 0.444247 0.000000 0.000000 0.000000 3500.000000 0.999927
1 0 7.000000 -0.000000 0.000000 -0.546557 -0.000000 -0.000000 -0.043730 -0.000000 0.000000 0.032613 0.000000 2000.000000 0.549272
1 1 10.000000 -0.000000 0.000000 -0.477325 -0.000000 -0.000000 -0.222749 -0.000000 0.000000 0.569967 0.000000 2000.000000 0.776092
1 0 6.000000 0.210472 0.000000 0.000000 0.000000 0.210472 0.000000 0.000000 0.000000 0.148826 18.000000 800.000000 0.257775
1 2 7.000000 -0.940462 0.317187 -0.000000 -0.314586 -0.948241 -0.000000 -0.127808 0.000000 0.000000 8.000000 3000.000000 0.999884
1 0 7.000000 -0.516630 0.174243 -0.000000 -0.172813 -0.520903 -0.000000 -0.070209 0.000000 0.000000 8.000000 1500.000000 0.549272
1 0 7.000000 0.197352 0.429151 0.000000 -0.247045 0.342826 -0.000000 -0.449134 0.000000 0.000000 0.000000 2000.000000 0.549272
1 2 7.000000 -0.000000 0.000000 -0.291208 -0.000000 -0.000000 -0.954157 -0.000000 0.000000 0.067453 0.000000 2000.000000 0.999884
1 0 12.000000 0.109439 0.538093 0.000000 -0.532878 0.110510 -0.000000 -0.076288 0.000000 0.000000 0.000000 2500.000000 0.549323
1 1 10.000000 0.477693 0.576522 -0.000000 0.530066 -0.519559 -0.000000 -0.305218 0.000000 -0.000000 0.000000 2000.000000 0.776092
1 0 7.000000 -0.468036 0.197161 -0.000000 -0.179997 -0.512667 -0.000000 -0.224151 0.000000 0.000000 0.000000 2000.000000 0.549272
1 2 10.000000 0.000000 -0.000000 0.082551 0.000000 0.000000 0.350601 -0.000000 0.000000 0.932745 0.000000 2000.000000 0.999874
1 0 7.000000 0.000000 -0.000000 -0.100913 0.000000 0.000000 -0.483508 0.000000 0.000000 0.240284 8.000000 1500.000000 0.549272
1 0 12.000000 0.000000 -0.000000 0.215516 0.000000 0.000000 0.139223 -0.000000 0.000000 0.485722 0.000000 2500.000000 0.549323
1 0 6.000000 0.448459 0.000000 0.000000 0.000000 0.448459 0.000000 0.000000 0.000000 0.317108 0.000000 2000.000000 0.549248
1 0 6.000000 0.000000 0.000000 0.000000 0.000000 0.000000 0.000000 0.000000 0.000000 0.000000 7.000000 2000.000000 0.000000
1 2 12.000000 0.000000 -0.000000 -0.404269 0.000000 0.000000 -0.840649 0.000000 0.000000 0.360318 0.000000 2500.000000 0.999977
1 1 10.000000 -0.596018 0.201018 -0.054316 -0.199369 -0.600947 -0.018169 -0.080998 0.000000 0.444401 0.000000 2000.000000 0.776092
1 2 12.000000 0.497473 -0.847758 -0.000000 0.795220 0.530339 -0.000000 0.346552 0.000000 0.000000 0.000000 2500.000000 0.999977
1 0 12.000000 -0.524961 0.087300 -0.000000 -0.084502 -0.542342 -0.000000 -0.137954 0.000000 0.000000 0.000000 2500.000000 0.549323
1 2 10.000000 0.623760 0.780491 0.000000 -0.778984 0.624966 -0.000000 -0.062093 0.000000 0.000000 0.000000 3500.000000 0.999874
1 1 10.000000 0.000000 0.000000 0.280185 -0.000000 0.000000 -0.483707 -0.000000 0.000000 0.538370 0.000000 2000.000000 0.776092
1 0 6.000000 0.000000 0.000000 0.000000 0.000000 0.000000 0.000000 0.000000 0.000000 0.000000 7.000000 800.000000 0.000000
1 0 10.000000 0.279776 0.350074 0.012309 -0.349399 0.280317 -0.015372 -0.027850 0.000000 0.316507 0.000000 2000.000000 0.549267
1 2 10.000000 0.000000 0.000000 0.360975 -0.000000 0.000000 -0.623182 -0.000000 0.000000 0.693606 0.000000 2000.000000 0.999874
1 0 7.000000 0.000000 0.000000 0.021320 -0.000000 0.000000 -0.026626 -0.000000 0.000000 0.548212 8.000000 3000.000000 0.549272
1 2 10.000000 0.615434 0.742759 -0.000000 0.682908 -0.669371 -0.000000 -0.393226 0.000000 -0.000000 0.000000 2000.000000 0.999874
1 0 10.000000 0.338080 0.408024 -0.000000 0.375146 -0.367710 -0.000000 -0.216013 0.000000 -0.000000 0.000000 2000.000000 0.549267
1 2 7.000000 -0.000000 -0.000000 0.557748 -0.000000 0.000000 0.811942 -0.000000 0.000000 -0.171569 0.000000 2000.000000 0.999884
1 0 10.000000 -0.007927 0.502352 -0.000000 -0.017928 -0.222118 -0.000000 -0.548917 0.000000 0.000000 0.000000 2000.000000 0.549267
1 1 10.000000 -0.180410 -0.540476 -0.000000 0.175071 -0.556959 0.000000 -0.734249 0.000000 0.000000 0.000000 2000.000000 0.776092
1 2 10.000000 -0.000000 0.000000 0.355994 0.000000 0.000000 -0.800574 -0.000000 0.000000 -0.481766 0.000000 2000.000000 0.999874
1 0 7.000000 0.000000 -0.000000 -0.100913 0.000000 0.000000 -0.483508 0.000000 0.000000 0.240284 8.000000 3000.000000 0.549272
1 0 12.000000 -0.421866 0.142282 -0.038445 -0.141114 -0.425355 -0.012860 -0.057331 0.000000 0.314550 0.000000 2500.000000 0.549323
1 0 6.000000 0.448459 0.000000 0.000000 0.000000 0.448459 0.000000 0.000000 0.000000 0.317108 18.000000 3500.000000 0.549248
1 2 15.000000 -0.000000 0.000000 0.373093 -0.000000 -0.000000 0.241159 0.000000 0.000000 0.895823 0.000000 3500.000000 0.999927
1 2 15.000000 0.000000 -0.000000 -0.513178 0.000000 0.000000 -0.315056 0.000000 0.000000 0.798274 0.000000 3500.000000 0.999927
1 0 15.000000 0.448498 0.000000 0.000000 0.000000 0.448498 0.000000 0.000000 0.000000 0.317136 0.000000 3500.000000 0.549296
1 2 10.000000 0.509298 0.637268 0.022407 -0.636038 0.510283 -0.027983 -0.050698 0.000000 0.576163 0.000000 2000.000000 0.999874
0 0 6.000000 0.000000 0.000000 0.000000 0.000000 0.000000 0.000000 0.000000 0.000000 0.000000 8.000000 3000.000000 0.000000
1 0 12.000000 -0.102104 0.424427 0.072826 -0.298815 -0.145025 0.213129 0.318520 0.000000 0.223289 0.000000 2500.000000 0.549323
0 0 6.000000 0.000000 0.000000 0.000000 0.000000 0.000000 0.000000 0.000000 0.000000 0.000000 0.000000 1500.000000 0.000000
1 2 10.000000 -0.000000 0.000000 0.941627 0.000000 0.000000 -0.335865 -0.000000 0.000000 -0.016799 0.000000 2000.000000 0.999874
1 0 10.000000 0.000000 -0.000000 -0.100912 0.000000 0.000000 -0.483504 0.000000 0.000000 0.240282 0.000000 3500.000000 0.549267
1 0 6.000000 0.210472 0.000000 0.000000 0.000000 0.210472 0.000000 0.000000 0.000000 0.148826 7.000000 3500.000000 0.257775
1 2 10.000000 -0.767877 0.258980 -0.069978 -0.256856 -0.774228 -0.023408 -0.104354 0.000000 0.572542 0.000000 2000.000000 0.999874
1 2 10.000000 0.000000 -0.000000 -0.183698 0.000000 0.000000 -0.880160 0.000000 0.000000 0.437404 0.000000 3500.000000 0.999874
1 0 7.000000 0.000000 -0.000000 -0.280325 -0.000000 -0.000000 0.350912 -0.000000 0.000000 -0.316194 0.000000 2000.000000 0.549272
1 0 7.000000 0.000000 0.000000 -0.217874 0.000000 -0.000000 -0.262887 -0.000000 0.000000 -0.430258 0.000000 2000.000000 0.549272
1 0 15.000000 -0.007084 -0.549250 0.000000 0.548147 -0.007098 -0.000000 0.034791 0.000000 0.000000 0.000000 3500.000000 0.549296
1 0 7.000000 -0.125040 0.519767 0.000000 -0.365938 -0.177603 0.000000 0.390070 0.000000 0.000000 8.000000 1500.000000 0.549272
1 1 10.000000 -0.000000 -0.000000 -0.526931 0.000000 -0.000000 0.511336 -0.000000 0.000000 0.251391 0.000000 2000.000000 0.776092
1 0 10.000000 -0.000000 0.000000 0.517270 0.000000 0.000000 -0.184503 -0.000000 0.000000 -0.009228 0.000000 2000.000000 0.549267
1 1 10.000000 0.000000 -0.000000 0.633072 0.000000 0.000000 0.344277 -0.000000 0.000000 0.288117 0.000000 2000.000000 0.776092
1 1 10.000000 0.000000 -0.000000 0.064075 0.000000 0.000000 0.272133 -0.000000 0.000000 0.723987 0.000000 2000.000000 0.776092
1 0 7.000000 -0.516630 0.174243 -0.000000 -0.172813 -0.520903 -0.000000 -0.070209 0.000000 0.000000 8.000000 3000.000000 0.549272
1 2 15.000000 -0.000000 -0.000000 -0.029672 0.000000 -0.000000 0.014503 -0.000000 0.000000 0.999382 0.000000 3500.000000 0.999927
1 0 7.000000 -0.000000 0.000000 -0.066583 -0.000000 -0.000000 -0.022272 -0.000000 0.000000 0.544767 8.000000 1500.000000 0.549272
1 2 10.000000 -0.015822 0.335912 0.000000 0.005644 0.941760 -0.000000 -0.999733 0.000000 -0.000000 0.000000 2000.000000 0.999874
1 0 10.000000 -0.000000 -0.000000 -0.372927 0.000000 -0.000000 0.361891 -0.000000 0.000000 0.177918 0.000000 2000.000000 0.549267
1 0 15.000000 -0.000000 -0.000000 0.308845 0.000000 -0.000000 -0.354648 0.000000 0.000000 0.283840 0.000000 3500.000000 0.549296
1 2 7.000000 0.816402 0.000000 0.000000 0.000000 0.816402 0.000000 0.000000 0.000000 0.577283 0.000000 2000.000000 0.999884
1 0 7.000000 0.197352 -0.429151 -0.000000 -0.247045 -0.342826 0.000000 -0.449134 0.000000 -0.000000 0.000000 2000.000000 0.549272
1 2 12.000000 0.072974 -0.799255 -0.106069 0.349642 0.166813 -0.508212 0.734208 0.000000 0.252561 0.000000 2500.000000 0.999977
1 0 15.000000 0.373712 -0.287391 -0.000000 0.229434 0.468116 -0.000000 0.330795 0.000000 0.000000 0.000000 3500.000000 0.549296
1 2 7.000000 0.000000 -0.000000 -0.183700 0.000000 0.000000 -0.880168 0.000000 0.000000 0.437408 8.000000 3000.000000 0.999884
1 0 7.000000 0.274552 0.422909 -0.000000 0.331275 -0.350497 -0.000000 -0.341436 0.000000 -0.000000 0.000000 2000.000000 0.549272
1 0 7.000000 -0.000000 -0.000000 0.306391 -0.000000 0.000000 0.446029 -0.000000 0.000000 -0.094249 0.000000 2000.000000 0.549272
1 2 10.000000 -0.004032 -0.980818 0.000000 -0.020353 0.194281 0.000000 -0.999659 0.000000 -0.000000 0.000000 2000.000000 0.999874
1 0 10.000000 0.000000 0.000000 0.198297 -0.000000 0.000000 -0.342336 -0.000000 0.000000 0.381023 0.000000 2000.000000 0.549267
1 1 10.000000 -0.516495 -0.328195 0.000000 -0.241028 0.703283 0.000000 -0.526741 0.000000 -0.000000 0.000000 2000.000000 0.776092
1 2 7.000000 -0.000000 0.000000 -0.380847 -0.000000 -0.000000 -0.146466 -0.000000 0.000000 0.912837 0.000000 2000.000000 0.999884
1 2 10.000000 -0.000000 0.000000 -0.404081 -0.000000 -0.000000 -0.913889 -0.000000 0.000000 0.035683 0.000000 2000.000000 0.999874
1 0 7.000000 -0.148808 0.251993 0.000000 0.076832 0.488057 -0.000000 -0.523119 0.000000 -0.000000 0.000000 2000.000000 0.549272
1 0 10.000000 0.049092 -0.537681 -0.000000 0.235214 0.112220 -0.000000 0.493922 0.000000 0.000000 0.000000 3500.000000 0.549267
1 0 6.000000 0.210472 0.000000 0.000000 0.000000 0.210472 0.000000 0.000000 0.000000 0.148826 18.000000 3500.000000 0.257775
1 0 10.000000 0.000000 0.000000 -0.530702 0.000000 -0.000000 -0.061789 -0.000000 0.000000 -0.127405 0.000000 2000.000000 0.549267
1 1 10.000000 -0.144254 0.599637 0.102889 -0.422170 -0.204894 0.301112 0.450010 0.000000 0.315465 0.000000 2000.000000 0.776092
1 0 7.000000 0.000000 -0.000000 0.336597 0.000000 0.000000 0.199139 -0.000000 0.000000 0.385677 0.000000 2000.000000 0.549272
1 0 10.000000 0.000000 -0.000000 0.448047 0.000000 0.000000 0.243657 -0.000000 0.000000 0.203910 0.000000 2000.000000 0.549267
1 0 10.000000 0.000000 -0.000000 -0.198297 -0.000000 -0.000000 0.342336 -0.000000 0.000000 -0.381023 0.000000 2000.000000 0.549267
1 0 7.000000 -0.000000 0.000000 0.126126 -0.000000 -0.000000 0.369116 0.000000 0.000000 0.386711 8.000000 3000.000000 0.549272
1 1 10.000000 -0.000000 0.000000 0.276318 0.000000 0.000000 -0.621397 -0.000000 0.000000 -0.373942 0.000000 2000.000000 0.776092
1 2 10.000000 0.000000 -0.000000 0.815616 0.000000 0.000000 0.443548 -0.000000 0.000000 0.371194 0.000000 2000.000000 0.999874
1 1 10.000000 0.000000 -0.000000 -0.280185 -0.000000 -0.000000 0.483707 -0.000000 0.000000 -0.538370 0.000000 2000.000000 0.776092
1 0 6.000000 0.000000 0.000000 0.000000 0.000000 0.000000 0.000000 0.000000 0.000000 0.000000 0.000000 2000.000000 0.000000
1 2 7.000000 0.000000 -0.000000 -0.510298 -0.000000 -0.000000 0.638792 -0.000000 0.000000 -0.575594 0.000000 2000.000000 0.999884
1 0 6.000000 0.210472 0.000000 0.000000 0.000000 0.210472 0.000000 0.000000 0.000000 0.148826 18.000000 2000.000000 0.257775
0 0 6.000000 0.000000 0.000000 0.000000 0.000000 0.000000 0.000000 0.000000 0.000000 0.000000 8.000000 1500.000000 0.000000
1 0 10.000000 0.000000 0.000000 -0.144611 0.000000 -0.000000 -0.160466 -0.000000 0.000000 -0.505008 0.000000 2000.000000 0.549267
1 0 10.000000 -0.000000 0.000000 -0.337819 -0.000000 -0.000000 -0.157647 -0.000000 0.000000 0.403385 0.000000 2000.000000 0.549267
1 2 7.000000 0.623766 0.780498 0.000000 -0.778992 0.624972 -0.000000 -0.062093 0.000000 0.000000 8.000000 3000.000000 0.999884
1 2 7.000000 -0.227620 0.946172 0.000000 -0.666146 -0.323304 0.000000 0.710075 0.000000 0.000000 8.000000 1500.000000 0.999884
1 2 10.000000 0.347656 -0.865206 -0.000000 -0.600188 -0.501166 0.000000 -0.720180 0.000000 -0.000000 0.000000 2000.000000 0.999874
1 2 7.000000 -0.000000 0.000000 -0.121207 -0.000000 -0.000000 -0.040544 -0.000000 0.000000 0.991682 8.000000 1500.000000 0.999884
1 0 12.000000 0.000000 -0.000000 -0.222079 0.000000 0.000000 -0.461799 0.000000 0.000000 0.197936 0.000000 2500.000000 0.549323
1 0 12.000000 0.279804 0.350110 0.012310 -0.349434 0.280345 -0.015374 -0.027853 0.000000 0.316540 0.000000 2500.000000 0.549323
1 0 10.000000 0.117433 -0.534647 0.000000 0.498752 0.125885 0.000000 -0.197865 0.000000 0.000000 0.000000 2000.000000 0.549267
1 0 10.000000 -0.002215 -0.538799 0.000000 -0.011181 0.106726 0.000000 -0.549149 0.000000 -0.000000 0.000000 2000.000000 0.549267
1 1 10.000000 0.056636 -0.620310 -0.082321 0.271360 0.129465 -0.394429 0.569826 0.000000 0.196015 0.000000 2000.000000 0.776092
1 0 15.000000 0.000000 -0.000000 -0.281907 0.000000 0.000000 -0.173072 0.000000 0.000000 0.438521 0.000000 3500.000000 0.549296
1 2 10.000000 0.000000 -0.000000 -0.360975 -0.000000 -0.000000 0.623182 -0.000000 0.000000 -0.693606 0.000000 2000.000000 0.999874
1 0 10.000000 0.000000 -0.000000 0.045348 0.000000 0.000000 0.192598 -0.000000 0.000000 0.512390 0.000000 2000.000000 0.549267
1 2 12.000000 0.568683 0.373363 0.000000 -0.228883 0.927660 -0.000000 -0.790041 0.000000 0.000000 0.000000 2500.000000 0.999977
1 2 12.000000 -0.955628 0.158919 -0.000000 -0.153826 -0.987268 -0.000000 -0.251129 0.000000 0.000000 0.000000 2500.000000 0.999977
1 1 10.000000 0.165928 -0.755434 0.000000 0.704716 0.177870 0.000000 -0.279575 0.000000 0.000000 0.000000 2000.000000 0.776092
1 0 7.000000 -0.000000 0.000000 0.464818 0.000000 0.000000 -0.239994 -0.000000 0.000000 -0.167473 0.000000 2000.000000 0.549272
1 0 10.000000 -0.000000 0.000000 0.126125 -0.000000 -0.000000 0.369113 0.000000 0.000000 0.386708 0.000000 3500.000000 0.549267
1 2 15.000000 -0.000000 -0.000000 0.000818 0.000000 -0.000000 -0.063328 0.000000 0.000000 0.997919 0.000000 3500.000000 0.999927
1 0 7.000000 -0.125040 0.519767 0.000000 -0.365938 -0.177603 0.000000 0.390070 0.000000 0.000000 8.000000 3000.000000 0.549272
1 2 7.000000 -0.000000 0.000000 0.846145 0.000000 0.000000 -0.436880 -0.000000 0.000000 -0.304864 0.000000 2000.000000 0.999884
1 2 7.000000 0.623766 0.780498 0.000000 -0.778992 0.624972 -0.000000 -0.062093 0.000000 0.000000 8.000000 1500.000000 0.999884
1 0 12.000000 0.273280 -0.465704 -0.000000 0.436843 0.291335 -0.000000 0.190374 0.000000 0.000000 0.000000 2500.000000 0.549323
1 0 10.000000 -0.000000 -0.000000 0.106703 -0.000000 0.000000 0.538683 -0.000000 0.000000 -0.011398 0.000000 2000.000000 0.549267
1 0 7.000000 -0.000000 -0.000000 -0.207229 0.000000 -0.000000 0.444450 -0.000000 0.000000 0.247427 0.000000 2000.000000 0.549272
1 1 10.000000 -0.000000 0.000000 0.730881 0.000000 0.000000 -0.260695 -0.000000 0.000000 -0.013039 0.000000 2000.000000 0.776092
1 0 10.000000 -0.127682 -0.382514 -0.000000 0.123904 -0.394180 0.000000 -0.519653 0.000000 0.000000 0.000000 2000.000000 0.549267
0 0 6.000000 0.000000 0.000000 0.000000 0.000000 0.000000 0.000000 0.000000 0.000000 0.000000 4.000000 3000.000000 0.000000
1 0 7.000000 -0.468036 -0.197161 0.000000 -0.179997 0.512667 0.000000 -0.224151 0.000000 -0.000000 0.000000 2000.000000 0.549272
1 2 12.000000 -0.559560 -0.528803 -0.000000 0.348640 -0.848717 0.000000 -0.751862 0.000000 0.000000 0.000000 2500.000000 0.999977
1 2 7.000000 0.816402 0.000000 0.000000 0.000000 0.816402 0.000000 0.000000 0.000000 0.577283 8.000000 1500.000000 0.999884
1 0 10.000000 -0.107531 0.501884 0.000000 0.241821 0.223174 -0.000000 -0.481304 0.000000 -0.000000 0.000000 2000.000000 0.549267
1 2 12.000000 0.509350 0.637333 0.022410 -0.636103 0.510335 -0.027986 -0.050704 0.000000 0.576222 0.000000 2500.000000 0.999977
1 0 15.000000 -0.122120 -0.501702 -0.000000 0.273939 -0.223654 0.000000 -0.460185 0.000000 0.000000 0.000000 3500.000000 0.549296
1 0 12.000000 0.035441 -0.547310 0.000000 0.412778 0.046992 0.000000 -0.360714 0.000000 0.000000 0.000000 2500.000000 0.549323
1 0 12.000000 -0.000000 -0.000000 -0.350550 0.000000 -0.000000 0.218414 -0.000000 0.000000 0.362169 0.000000 2500.000000 0.549323
1 2 10.000000 -0.227618 0.946163 0.000000 -0.666140 -0.323301 0.000000 0.710068 0.000000 0.000000 0.000000 3500.000000 0.999874
1 1 10.000000 0.253110 -0.370774 0.000000 0.137646 0.681796 0.000000 -0.720630 0.000000 0.000000 0.000000 2000.000000 0.776092
1 2 12.000000 0.000000 0.000000 0.027938 -0.000000 0.000000 -0.136034 -0.000000 0.000000 0.990287 0.000000 2500.000000 0.999977
1 2 12.000000 0.000000 -0.000000 0.056172 0.000000 0.000000 0.654228 -0.000000 0.000000 0.754177 0.000000 2500.000000 0.999977
1 0 10.000000 -0.365542 0.232275 -0.000000 -0.170584 -0.497738 -0.000000 -0.372793 0.000000 0.000000 0.000000 2000.000000 0.549267
1 1 10.000000 0.000000 0.000000 -0.204330 0.000000 -0.000000 -0.226732 -0.000000 0.000000 -0.713555 0.000000 2000.000000 0.776092
1 2 10.000000 0.089365 -0.978784 -0.000000 0.428178 0.204282 -0.000000 0.899125 0.000000 0.000000 0.000000 3500.000000 0.999874
1 0 7.000000 -0.000000 0.000000 -0.159971 -0.000000 -0.000000 -0.524153 -0.000000 0.000000 0.037054 0.000000 2000.000000 0.549272
1 2 10.000000 0.230369 0.115633 -0.000000 0.026822 -0.993165 -0.000000 -0.972604 0.000000 -0.000000 0.000000 2000.000000 0.999874
1 2 10.000000 -0.665424 0.422828 -0.000000 -0.310528 -0.906071 -0.000000 -0.678625 0.000000 0.000000 0.000000 2000.000000 0.999874
1 0 15.000000 -0.493229 -0.241218 -0.000000 0.241086 -0.493498 0.000000 -0.018143 0.000000 0.000000 0.000000 3500.000000 0.549296
1 2 12.000000 0.000000 0.000000 0.732907 -0.000000 0.000000 -0.294979 -0.000000 0.000000 0.613016 0.000000 2500.000000 0.999977
1 0 6.000000 0.000000 0.000000 0.000000 0.000000 0.000000 0.000000 0.000000 0.000000 0.000000 0.000000 3500.000000 0.000000
1 0 6.000000 0.210472 0.000000 0.000000 0.000000 0.210472 0.000000 0.000000 0.000000 0.148826 0.000000 3500.000000 0.257775
1 2 12.000000 -0.000000 0.000000 -0.247937 -0.000000 -0.000000 -0.039910 -0.000000 0.000000 0.967930 0.000000 2500.000000 0.999977
1 2 15.000000 -0.000000 -0.000000 0.562215 0.000000 -0.000000 -0.645594 0.000000 0.000000 0.516697 0.000000 3500.000000 0.999927
0 0 6.000000 0.000000 0.000000 0.000000 0.000000 0.000000 0.000000 0.000000 0.000000 0.000000 4.000000 1500.000000 0.000000
1 0 7.000000 -0.104558 -0.497819 -0.000000 0.224249 -0.232113 0.000000 -0.490388 0.000000 0.000000 0.000000 2000.000000 0.549272
0 0 6.000000 0.000000 0.000000 0.000000 0.000000 0.000000 0.000000 0.000000 0.000000 0.000000 4.000000 800.000000 0.000000
1 2 7.000000 -0.000000 0.000000 -0.994940 -0.000000 -0.000000 -0.079605 -0.000000 0.000000 0.059368 0.000000 2000.000000 0.999884
1 2 12.000000 0.825415 0.560009 0.000000 -0.557951 0.828459 -0.000000 -0.085634 0.000000 0.000000 0.000000 2500.000000 0.999977
1 0 7.000000 0.331935 -0.279682 0.000000 0.196381 0.472735 0.000000 -0.391093 0.000000 0.000000 0.000000 2000.000000 0.549272
1 0 6.000000 0.000000 0.000000 0.000000 0.000000 0.000000 0.000000 0.000000 0.000000 0.000000 7.000000 3500.000000 0.000000
1 2 15.000000 -0.222304 -0.913288 -0.000000 0.498673 -0.407135 0.000000 -0.837711 0.000000 0.000000 0.000000 3500.000000 0.999927
1 0 6.000000 0.210472 0.000000 0.000000 0.000000 0.210472 0.000000 0.000000 0.000000 0.148826 0.000000 2000.000000 0.257775
1 0 10.000000 -0.000000 0.000000 -0.221976 -0.000000 -0.000000 -0.502032 -0.000000 0.000000 0.019602 0.000000 2000.000000 0.549267
1 0 12.000000 0.000000 0.000000 0.015347 -0.000000 0.000000 -0.074729 -0.000000 0.000000 0.544000 0.000000 2500.000000 0.549323
1 2 10.000000 -0.000000 0.000000 -0.614959 -0.000000 -0.000000 -0.286978 -0.000000 0.000000 0.734314 0.000000 2000.000000 0.999874
1 0 10.000000 0.126550 0.063521 -0.000000 0.014734 -0.545582 -0.000000 -0.534287 0.000000 -0.000000 0.000000 2000.000000 0.549267
1 0 15.000000 -0.000000 -0.000000 -0.016300 0.000000 -0.000000 0.007967 -0.000000 0.000000 0.548996 0.000000 3500.000000 0.549296
1 0 7.000000 -0.000000 0.000000 0.126126 -0.000000 -0.000000 0.369116 0.000000 0.000000 0.386711 8.000000 1500.000000 0.549272
1 0 12.000000 0.000000 0.000000 0.000000 0.000000 0.000000 0.000000 0.000000 0.000000 0.000000 0.000000 2500.000000 0.000000
1 2 12.000000 0.000000 0.000000 0.070946 -0.000000 0.000000 -0.047957 -0.000000 0.000000 0.996303 0.000000 2500.000000 0.999977
1 2 10.000000 -0.000000 -0.000000 -0.678869 0.000000 -0.000000 0.658778 -0.000000 0.000000 0.323879 0.000000 2000.000000 0.999874
1 1 10.000000 0.395312 0.494641 0.017392 -0.493686 0.396076 -0.021720 -0.039352 0.000000 0.447212 0.000000 2000.000000 0.776092
1 2 7.000000 -0.059179 0.079746 -0.000000 -0.004735 -0.996699 -0.000000 -0.998120 0.000000 0.000000 0.000000 2000.000000 0.999884
1 0 7.000000 -0.000000 0.000000 -0.066583 -0.000000 -0.000000 -0.022272 -0.000000 0.000000 0.544767 8.000000 3000.000000 0.549272
1 2 15.000000 0.816437 0.000000 0.000000 0.000000 0.816437 0.000000 0.000000 0.000000 0.577308 0.000000 3500.000000 0.999927
1 2 12.000000 0.000000 -0.000000 0.392322 0.000000 0.000000 0.253438 -0.000000 0.000000 0.884198 0.000000 2500.000000 0.999977
1 0 7.000000 -0.032509 0.043807 -0.000000 -0.002601 -0.547523 -0.000000 -0.548303 0.000000 0.000000 0.000000 2000.000000 0.549272
1 1 10.000000 0.269847 0.671563 0.000000 -0.465859 0.389000 -0.000000 -0.558996 0.000000 0.000000 0.000000 2000.000000 0.776092
1 2 10.000000 -0.195748 0.913619 0.000000 0.440206 0.406262 -0.000000 -0.876156 0.000000 -0.000000 0.000000 2000.000000 0.999874
1 0 7.000000 0.448479 0.000000 0.000000 0.000000 0.448479 0.000000 0.000000 0.000000 0.317123 8.000000 1500.000000 0.549272
1 0 15.000000 -0.000000 -0.000000 0.000450 0.000000 -0.000000 -0.034788 0.000000 0.000000 0.548193 0.000000 3500.000000 0.549296
1 0 10.000000 -0.000000 0.000000 -0.066583 -0.000000 -0.000000 -0.022272 -0.000000 0.000000 0.544761 0.000000 3500.000000 0.549267
1 0 10.000000 -0.000000 0.000000 0.195560 0.000000 0.000000 -0.439784 -0.000000 0.000000 -0.264651 0.000000 2000.000000 0.549267
1 2 7.000000 -0.940462 0.317187 -0.000000 -0.314586 -0.948241 -0.000000 -0.127808 0.000000 0.000000 8.000000 1500.000000 0.999884
1 0 10.000000 -0.102094 0.424384 0.072818 -0.298784 -0.145011 0.213107 0.318488 0.000000 0.223266 0.000000 2000.000000 0.549267
1 1 10.000000 0.000000 0.000000 -0.749860 0.000000 -0.000000 -0.087305 -0.000000 0.000000 -0.180018 0.000000 2000.000000 0.776092
1 0 12.000000 0.000000 -0.000000 -0.100965 0.000000 0.000000 -0.161395 0.000000 0.000000 0.515280 0.000000 2500.000000 0.549323
1 0 7.000000 0.000000 0.000000 0.000000 0.000000 0.000000 0.000000 0.000000 0.000000 0.000000 8.000000 3000.000000 0.000000
1 2 10.000000 -0.185849 0.772539 0.132556 -0.543901 -0.263974 0.387936 0.579768 0.000000 0.406428 0.000000 2000.000000 0.999874
1 2 7.000000 -0.000000 -0.000000 -0.377236 0.000000 -0.000000 0.809068 -0.000000 0.000000 0.450411 0.000000 2000.000000 0.999884
1 2 10.000000 -0.000000 0.000000 -0.121205 -0.000000 -0.000000 -0.040543 -0.000000 0.000000 0.991672 0.000000 3500.000000 0.999874
1 0 6.000000 0.000000 0.000000 0.000000 0.000000 0.000000 0.000000 0.000000 0.000000 0.000000 0.000000 800.000000 0.000000
1 2 7.000000 0.000000 0.000000 0.038811 -0.000000 0.000000 -0.048469 -0.000000 0.000000 0.997954 8.000000 1500.000000 0.999884
1 2 7.000000 0.604248 -0.509127 0.000000 0.357488 0.860556 0.000000 -0.711937 0.000000 0.000000 0.000000 2000.000000 0.999884
1 0 7.000000 0.342657 0.428756 0.000000 -0.427928 0.343320 -0.000000 -0.034110 0.000000 0.000000 8.000000 1500.000000 0.549272
1 0 6.000000 0.448459 0.000000 0.000000 0.000000 0.448459 0.000000 0.000000 0.000000 0.317108 7.000000 800.000000 0.549248
1 0 15.000000 0.000000 0.000000 0.000000 0.000000 0.000000 0.000000 0.000000 0.000000 0.000000 0.000000 3500.000000 0.000000
1 0 10.000000 0.000000 0.000000 0.000000 0.000000 0.000000 0.000000 0.000000 0.000000 0.000000 0.000000 3500.000000 0.000000
1 0 7.000000 0.049092 -0.537686 -0.000000 0.235216 0.112221 -0.000000 0.493927 0.000000 0.000000 8.000000 3000.000000 0.549272
##END
