##LIST_SIZE=640
##LISTDATA
0 0 6.000000 0.000000 0.000000 0.000000 0.000000 0.000000 0.000000 0.000000 0.000000 0.000000 0.000000 3000.000000 0.000000
1 3 12.000000 -0.190350 -0.906286 -0.000000 0.408249 -0.422565 0.000000 -0.892757 0.000000 0.000000 0.000000 1700.000000 0.999958
1 3 14.000000 0.816476 0.000000 0.000000 0.000000 0.816476 0.000000 0.000000 0.000000 0.577336 25.000000 2500.000000 0.999975
1 1 15.000000 -0.000000 -0.000000 -0.028262 0.000000 -0.000000 0.507813 -0.000000 0.000000 0.232428 0.000000 2500.000000 0.559192
1 3 15.000000 -0.227619 0.946166 0.000000 -0.666142 -0.323302 0.000000 0.710070 0.000000 0.000000 18.000000 2000.000000 0.999877
1 3 20.000000 -0.000000 -0.000000 0.615029 -0.000000 0.000000 0.287010 -0.000000 0.000000 -0.734397 0.000000 3500.000000 0.999988
1 0 18.000000 0.000000 0.000000 0.000000 0.000000 0.000000 0.000000 0.000000 0.000000 0.000000 8.000000 2800.000000 0.000000
1 3 10.000000 0.775660 -0.246272 0.044979 0.245448 0.778264 0.014233 -0.066719 0.000000 0.575280 25.000000 2600.000000 0.999759
1 0 18.000000 -0.000000 -0.000000 -0.175992 0.000000 -0.000000 0.038839 -0.000000 0.000000 0.352368 0.000000 3500.000000 0.395783
1 1 16.000000 0.000000 -0.000000 -0.296438 0.000000 0.000000 -0.411058 0.000000 0.000000 0.236359 0.000000 2000.000000 0.559204
1 3 14.000000 0.000000 0.000000 0.398537 -0.000000 0.000000 -0.347793 -0.000000 0.000000 0.848621 25.000000 2500.000000 0.999975
1 3 12.000000 0.000000 -0.000000 -0.530085 0.000000 0.000000 -0.735045 0.000000 0.000000 0.422652 30.000000 1700.000000 0.999958
1 3 16.000000 0.000000 0.000000 0.398507 -0.000000 0.000000 -0.347767 -0.000000 0.000000 0.848557 0.000000 2000.000000 0.999900
1 0 6.000000 0.210472 0.000000 0.000000 0.000000 0.210472 0.000000 0.000000 0.000000 0.148826 30.000000 2000.000000 0.257775
1 1 15.000000 0.000000 -0.000000 -0.105189 -0.000000 -0.000000 0.498497 -0.000000 0.000000 -0.230502 0.000000 2500.000000 0.559192
1 0 15.000000 0.000000 -0.323136 0.000000 0.323136 0.000000 0.000000 0.000000 0.000000 0.228492 18.000000 2000.000000 0.395759
1 0 16.000000 0.000000 -0.000000 0.148679 0.000000 0.000000 0.212174 -0.000000 0.000000 0.299181 12.000000 2000.000000 0.395768
1 0 9.000000 -0.000000 0.000000 0.090845 -0.000000 -0.000000 0.265866 0.000000 0.000000 0.278539 35.000000 1500.000000 0.395628
1 3 20.000000 -0.000000 -0.000000 -0.678946 0.000000 -0.000000 0.658853 -0.000000 0.000000 0.323915 0.000000 3500.000000 0.999988
1 0 10.000000 -0.000000 -0.000000 0.220733 -0.000000 0.000000 0.321333 -0.000000 0.000000 -0.067900 0.000000 800.000000 0.395712
1 0 10.000000 0.000000 0.000000 0.000000 0.000000 0.000000 0.000000 0.000000 0.000000 0.000000 12.000000 2600.000000 0.000000
1 3 13.000000 -0.195882 -0.435296 0.458977 0.224933 -0.379077 -0.527045 0.494184 0.000000 0.421817 15.000000 3000.000000 0.999774
1 0 15.000000 0.142542 0.178358 0.012543 -0.178014 0.142818 -0.015664 -0.014189 0.000000 0.322512 18.000000 2000.000000 0.395759
1 3 9.000000 0.816125 0.000000 0.000000 0.000000 0.816125 0.000000 0.000000 0.000000 0.577088 35.000000 1500.000000 0.999545
1 0 15.000000 -0.000000 0.000000 0.147666 -0.000000 -0.000000 0.095448 0.000000 0.000000 0.354556 0.000000 1200.000000 0.395759
1 3 15.000000 0.000000 -0.000000 -0.451267 -0.000000 -0.000000 0.130550 -0.000000 0.000000 -0.882649 0.000000 2500.000000 0.999877
1 0 15.000000 -0.297767 0.214837 0.000000 -0.192470 -0.332371 0.000000 0.175828 0.000000 0.000000 0.000000 1200.000000 0.395759
1 0 18.000000 -0.071880 0.223580 -0.000000 -0.049209 -0.326583 -0.000000 -0.386078 0.000000 0.000000 0.000000 3500.000000 0.395783
1 0 16.000000 0.000000 -0.323143 0.000000 0.323143 0.000000 0.000000 0.000000 0.000000 0.228497 0.000000 2000.000000 0.395768
1 0 13.000000 -0.000000 -0.000000 0.000324 0.000000 -0.000000 -0.025062 0.000000 0.000000 0.394924 15.000000 3000.000000 0.395718
1 0 6.000000 0.000000 0.000000 0.000000 0.000000 0.000000 0.000000 0.000000 0.000000 0.000000 0.000000 2000.000000 0.000000
1 3 9.000000 0.548358 -0.174104 0.063596 0.173521 0.550198 0.020124 -0.047167 0.000000 0.813395 0.000000 1000.000000 0.999545
1 0 15.000000 0.000000 -0.323136 0.000000 0.323136 0.000000 0.000000 0.000000 0.000000 0.228492 0.000000 1200.000000 0.395759
1 1 15.000000 -0.000000 -0.000000 -0.316480 0.000000 -0.000000 0.159852 -0.000000 0.000000 0.432416 0.000000 2500.000000 0.559192
1 0 12.000000 -0.061908 0.104835 0.273474 0.031964 0.203043 -0.141199 -0.217630 0.000000 -0.098532 0.000000 1700.000000 0.395791
1 3 9.000000 0.000000 0.000000 -0.345046 -0.000000 0.000000 0.035033 0.000000 0.000000 0.937447 0.000000 2000.000000 0.999545
1 0 10.000000 0.000000 0.000000 -0.156963 0.000000 -0.000000 -0.189391 -0.000000 0.000000 -0.309971 0.000000 800.000000 0.395712
1 3 9.000000 -0.000000 0.000000 0.229519 -0.000000 -0.000000 0.671704 0.000000 0.000000 0.703723 35.000000 3000.000000 0.999545
1 0 10.000000 -0.000000 -0.000000 0.150723 -0.000000 0.000000 0.057965 -0.000000 0.000000 -0.361263 12.000000 800.000000 0.395712
1 3 16.000000 -0.000000 0.000000 -0.163661 -0.000000 -0.000000 -0.068018 -0.000000 0.000000 0.984067 0.000000 2000.000000 0.999900
1 3 9.000000 0.000000 -0.000000 -0.183638 0.000000 0.000000 -0.879870 0.000000 0.000000 0.437260 12.000000 3000.000000 0.999545
1 3 12.000000 0.359281 0.781275 0.000000 -0.449749 0.624120 -0.000000 -0.817654 0.000000 0.000000 0.000000 1700.000000 0.999958
1 0 10.000000 0.000000 0.000000 0.201955 -0.000000 0.000000 -0.252807 -0.000000 0.000000 0.227796 0.000000 800.000000 0.395712
1 1 15.000000 -0.056323 -0.447318 0.050980 0.275382 -0.091489 -0.249257 0.359800 0.000000 0.198755 0.000000 2500.000000 0.559192
1 3 16.000000 -0.524646 0.221552 -0.133628 -0.218044 -0.533086 -0.055536 -0.102325 0.000000 0.803488 12.000000 2000.000000 0.999900
1 0 15.000000 -0.372240 0.125544 -0.000000 -0.124515 -0.375319 -0.000000 -0.050587 0.000000 0.000000 18.000000 2000.000000 0.395759
1 1 14.000000 -0.000000 0.000000 -0.091536 -0.000000 -0.000000 -0.038042 -0.000000 0.000000 0.550391 25.000000 2500.000000 0.559246
1 3 10.000000 -0.100699 -0.799743 0.091146 0.492345 -0.163571 -0.445638 0.643274 0.000000 0.355348 25.000000 2600.000000 0.999759
1 0 12.000000 0.000000 0.000000 -0.156994 0.000000 -0.000000 -0.189429 -0.000000 0.000000 -0.310033 0.000000 1700.000000 0.395791
1 0 18.000000 0.100956 0.380021 -0.000000 -0.346940 0.110582 0.000000 0.161508 0.000000 0.000000 0.000000 3500.000000 0.395783
1 3 12.000000 0.000000 0.000000 0.398530 -0.000000 0.000000 -0.347787 -0.000000 0.000000 0.848607 12.000000 1700.000000 0.999958
1 3 18.000000 -0.000000 0.000000 -0.291224 -0.000000 -0.000000 -0.954209 -0.000000 0.000000 0.067456 8.000000 2800.000000 0.999938
1 0 6.000000 0.210472 0.000000 0.000000 0.000000 0.210472 0.000000 0.000000 0.000000 0.148826 0.000000 2000.000000 0.257775
1 1 12.000000 0.357579 0.367705 0.000000 -0.312050 0.421354 -0.000000 -0.295818 0.000000 0.000000 0.000000 1500.000000 0.559237
1 0 16.000000 0.000000 0.000000 0.000000 0.000000 0.000000 0.000000 0.000000 0.000000 0.000000 12.000000 2000.000000 0.000000
1 3 12.000000 0.775815 -0.246321 0.044988 0.245497 0.778419 0.014236 -0.066732 0.000000 0.575394 12.000000 1700.000000 0.999958
1 0 6.000000 0.322648 0.000000 0.000000 0.000000 0.322648 0.000000 0.000000 0.000000 0.228146 0.000000 3500.000000 0.395161
1 3 12.000000 -0.000000 0.000000 0.846208 0.000000 0.000000 -0.436912 -0.000000 0.000000 -0.304886 0.000000 1700.000000 0.999958
1 3 15.000000 -0.000000 -0.000000 -0.565890 0.000000 -0.000000 0.285827 -0.000000 0.000000 0.773192 0.000000 2500.000000 0.999877
1 0 9.000000 0.323029 0.000000 0.000000 0.000000 0.323029 0.000000 0.000000 0.000000 0.228416 35.000000 3000.000000 0.395628
1 3 18.000000 0.255062 0.960116 -0.000000 -0.876537 0.279383 0.000000 0.408047 0.000000 0.000000 0.000000 3500.000000 0.999938
1 0 15.000000 0.000000 0.000000 0.292033 -0.000000 0.000000 -0.186053 -0.000000 0.000000 0.191641 0.000000 2500.000000 0.395759
1 1 16.000000 0.456588 0.000000 0.000000 0.000000 0.456588 0.000000 0.000000 0.000000 0.322857 0.000000 2000.000000 0.559204
1 0 6.000000 0.322648 0.000000 0.000000 0.000000 0.322648 0.000000 0.000000 0.000000 0.228146 8.000000 800.000000 0.395161
1 3 16.000000 0.142724 -0.468235 -0.432787 0.197909 0.337672 -0.600127 0.523191 0.000000 0.345074 0.000000 2000.000000 0.999900
1 3 13.000000 -0.434297 0.313343 0.304582 -0.280720 -0.484767 0.196875 0.256447 0.000000 0.731324 15.000000 3000.000000 0.999774
1 3 18.000000 -0.000000 -0.000000 -0.444639 0.000000 -0.000000 0.098126 -0.000000 0.000000 0.890249 0.000000 3500.000000 0.999938
1 0 20.000000 0.000000 0.000000 -0.382425 0.000000 -0.000000 -0.044525 -0.000000 0.000000 -0.091808 0.000000 3500.000000 0.395803
1 3 9.000000 -0.227543 0.945852 0.000000 -0.665921 -0.323195 0.000000 0.709834 0.000000 0.000000 35.000000 3000.000000 0.999545
1 3 15.000000 -0.000000 -0.000000 0.562187 0.000000 -0.000000 -0.645562 0.000000 0.000000 0.516671 0.000000 1200.000000 0.999877
1 3 16.000000 0.816415 0.000000 0.000000 0.000000 0.816415 0.000000 0.000000 0.000000 0.577292 12.000000 2000.000000 0.999900
1 0 12.000000 0.000000 0.000000 0.000000 0.000000 0.000000 0.000000 0.000000 0.000000 0.000000 12.000000 1700.000000 0.000000
1 3 15.000000 0.000000 0.000000 0.038811 -0.000000 0.000000 -0.048469 -0.000000 0.000000 0.997947 18.000000 2000.000000 0.999877
1 3 9.000000 0.000000 -0.000000 -0.073633 0.000000 0.000000 -0.063729 0.000000 0.000000 0.994790 0.000000 2000.000000 0.999545
1 3 15.000000 0.360129 0.450618 0.031689 -0.449748 0.360825 -0.039575 -0.035849 0.000000 0.814821 0.000000 2000.000000 0.999877
1 3 12.000000 -0.852066 -0.358934 0.000000 -0.327687 0.933318 0.000000 -0.408070 0.000000 -0.000000 0.000000 1700.000000 0.999958
1 0 14.000000 0.000000 -0.000000 0.148690 0.000000 0.000000 0.212190 -0.000000 0.000000 0.299204 25.000000 2500.000000 0.395798
1 0 13.000000 0.000000 -0.000000 -0.203089 0.000000 0.000000 -0.124683 0.000000 0.000000 0.315915 15.000000 3000.000000 0.395718
1 3 12.000000 0.359281 -0.781275 -0.000000 -0.449749 -0.624120 0.000000 -0.817654 0.000000 -0.000000 0.000000 1700.000000 0.999958
1 3 12.000000 -0.000000 -0.000000 0.380875 -0.000000 0.000000 0.146476 -0.000000 0.000000 -0.912905 0.000000 1700.000000 0.999958
1 3 16.000000 -0.299944 -0.471635 -0.204257 0.424937 -0.332907 0.289374 -0.250458 0.000000 0.735578 12.000000 2000.000000 0.999900
1 3 15.000000 -0.000000 -0.000000 -0.029670 0.000000 -0.000000 0.014503 -0.000000 0.000000 0.999332 0.000000 1200.000000 0.999877
1 3 20.000000 0.000000 -0.000000 0.082560 0.000000 0.000000 0.350641 -0.000000 0.000000 0.932850 0.000000 3500.000000 0.999988
1 0 15.000000 -0.000000 0.000000 -0.047974 -0.000000 -0.000000 -0.016047 -0.000000 0.000000 0.392513 18.000000 2000.000000 0.395759
1 3 20.000000 -0.100722 -0.799927 0.091167 0.492458 -0.163608 -0.445740 0.643421 0.000000 0.355429 0.000000 3500.000000 0.999988
1 3 15.000000 -0.222293 -0.913243 -0.000000 0.498648 -0.407115 0.000000 -0.837670 0.000000 0.000000 0.000000 1200.000000 0.999877
0 0 6.000000 0.000000 0.000000 0.000000 0.000000 0.000000 0.000000 0.000000 0.000000 0.000000 0.000000 1500.000000 0.000000
1 0 20.000000 0.307083 -0.097499 0.017807 0.097173 0.308114 0.005635 -0.026414 0.000000 0.227752 0.000000 3500.000000 0.395803
1 1 14.000000 0.000000 -0.000000 0.210093 0.000000 0.000000 0.299815 -0.000000 0.000000 0.422762 25.000000 2500.000000 0.559246
1 0 15.000000 -0.000000 -0.000000 -0.134998 0.000000 -0.000000 0.302828 -0.000000 0.000000 0.216092 0.000000 1200.000000 0.395759
1 3 13.000000 -0.000000 -0.000000 0.562129 0.000000 -0.000000 -0.645495 0.000000 0.000000 0.516618 15.000000 3000.000000 0.999774
1 1 16.000000 -0.000000 0.000000 -0.091529 -0.000000 -0.000000 -0.038040 -0.000000 0.000000 0.550350 0.000000 2000.000000 0.559204
1 1 16.000000 0.000000 -0.456588 0.000000 0.456588 0.000000 0.000000 0.000000 0.000000 0.322857 12.000000 2000.000000 0.559204
1 0 6.000000 0.000000 0.000000 0.000000 0.000000 0.000000 0.000000 0.000000 0.000000 0.000000 0.000000 3500.000000 0.000000
1 0 6.000000 0.000000 0.000000 0.000000 0.000000 0.000000 0.000000 0.000000 0.000000 0.000000 8.000000 800.000000 0.000000
1 3 20.000000 -0.000000 -0.000000 0.194261 -0.000000 0.000000 0.980718 -0.000000 0.000000 -0.020751 0.000000 3500.000000 0.999988
1 0 12.000000 -0.073567 0.305803 0.052471 -0.215298 -0.104492 0.153561 0.229496 0.000000 0.160881 0.000000 1700.000000 0.395791
1 3 12.000000 0.000000 -0.000000 0.612779 0.000000 0.000000 0.362536 -0.000000 0.000000 0.702130 0.000000 1700.000000 0.999958
1 3 15.000000 0.000000 0.000000 0.038811 -0.000000 0.000000 -0.048469 -0.000000 0.000000 0.997947 0.000000 2000.000000 0.999877
1 0 9.000000 0.000000 0.000000 0.015357 -0.000000 0.000000 -0.019178 -0.000000 0.000000 0.394864 35.000000 3000.000000 0.395628
1 0 15.000000 -0.052015 0.216218 0.074200 -0.152227 -0.073881 0.217151 0.162265 0.000000 0.227502 0.000000 2000.000000 0.395759
1 0 15.000000 0.020422 -0.223672 -0.059367 0.097847 0.046683 -0.284447 0.205469 0.000000 0.141359 0.000000 2000.000000 0.395759
1 0 15.000000 0.323136 0.000000 0.000000 0.000000 0.323136 0.000000 0.000000 0.000000 0.228492 0.000000 2000.000000 0.395759
1 3 12.000000 -0.491940 -0.207231 0.310983 -0.189190 0.538851 0.119598 -0.235599 0.000000 -0.745384 0.000000 1700.000000 0.999958
1 3 12.000000 -0.270907 0.458756 0.000000 0.139874 0.888515 -0.000000 -0.952345 0.000000 -0.000000 0.000000 1700.000000 0.999958
1 0 18.000000 0.323156 0.000000 0.000000 0.000000 0.323156 0.000000 0.000000 0.000000 0.228506 0.000000 3500.000000 0.395783
1 3 15.000000 -0.000000 0.000000 -0.121206 -0.000000 -0.000000 -0.040543 -0.000000 0.000000 0.991675 0.000000 2000.000000 0.999877
1 3 20.000000 -0.000000 0.000000 -0.404127 -0.000000 -0.000000 -0.913993 -0.000000 0.000000 0.035687 0.000000 3500.000000 0.999988
1 3 12.000000 -0.000000 -0.000000 -0.377264 0.000000 -0.000000 0.809128 -0.000000 0.000000 0.450444 0.000000 1700.000000 0.999958
1 3 18.000000 0.000000 0.000000 0.035964 -0.000000 0.000000 -0.491518 -0.000000 0.000000 0.870053 0.000000 3500.000000 0.999938
1 3 9.000000 0.000000 0.000000 0.038798 -0.000000 0.000000 -0.048453 -0.000000 0.000000 0.997616 35.000000 3000.000000 0.999545
1 1 16.000000 0.000000 -0.000000 -0.296438 0.000000 0.000000 -0.411058 0.000000 0.000000 0.236359 12.000000 2000.000000 0.559204
1 0 9.000000 0.000000 0.000000 0.015357 -0.000000 0.000000 -0.019178 -0.000000 0.000000 0.394864 35.000000 1500.000000 0.395628
1 3 15.000000 0.000000 -0.816396 0.000000 0.816396 0.000000 0.000000 0.000000 0.000000 0.577279 0.000000 2000.000000 0.999877
1 3 15.000000 0.000000 -0.000000 -0.188087 -0.000000 -0.000000 0.891351 -0.000000 0.000000 -0.412156 0.000000 2500.000000 0.999877
1 0 13.000000 0.155438 -0.119534 -0.165821 0.095428 0.194703 -0.101803 0.137587 0.000000 0.257943 15.000000 3000.000000 0.395718
1 3 12.000000 -0.109899 -0.523245 -0.308035 0.235703 -0.243968 0.660650 -0.515434 0.000000 0.367786 0.000000 1700.000000 0.999958
1 0 15.000000 0.000000 -0.000000 0.159072 0.000000 0.000000 0.096529 -0.000000 0.000000 0.349290 0.000000 2500.000000 0.395759
1 0 12.000000 -0.022201 -0.188352 0.180264 -0.032319 0.129385 0.262419 -0.225121 0.000000 -0.055451 0.000000 1700.000000 0.395791
1 0 20.000000 0.000000 0.000000 -0.104207 0.000000 -0.000000 -0.115632 -0.000000 0.000000 -0.363910 0.000000 3500.000000 0.395803
1 0 15.000000 0.000000 -0.000000 -0.178615 -0.000000 -0.000000 0.051673 -0.000000 0.000000 -0.349359 0.000000 2500.000000 0.395759
1 0 20.000000 -0.000000 -0.000000 -0.268732 0.000000 -0.000000 0.260779 -0.000000 0.000000 0.128208 0.000000 3500.000000 0.395803
1 3 9.000000 0.000000 0.000000 0.038798 -0.000000 0.000000 -0.048453 -0.000000 0.000000 0.997616 12.000000 1500.000000 0.999545
1 0 6.000000 0.322648 0.000000 0.000000 0.000000 0.322648 0.000000 0.000000 0.000000 0.228146 0.000000 800.000000 0.395161
1 0 12.000000 -0.000000 -0.000000 -0.099022 0.000000 -0.000000 0.140286 -0.000000 0.000000 0.356602 30.000000 1700.000000 0.395791
1 0 15.000000 -0.000000 0.000000 -0.332544 -0.000000 -0.000000 -0.181461 -0.000000 0.000000 0.114507 0.000000 2500.000000 0.395759
1 1 15.000000 0.000000 0.000000 0.073693 -0.000000 0.000000 -0.554313 -0.000000 0.000000 0.001474 0.000000 2500.000000 0.559192
1 3 15.000000 0.089365 -0.978787 -0.000000 0.428179 0.204283 -0.000000 0.899128 0.000000 0.000000 0.000000 2000.000000 0.999877
1 0 12.000000 0.000000 0.000000 0.201995 -0.000000 0.000000 -0.252858 -0.000000 0.000000 0.227841 0.000000 1700.000000 0.395791
1 0 15.000000 -0.355364 -0.173794 -0.000000 0.173699 -0.355558 0.000000 -0.013072 0.000000 0.000000 0.000000 1200.000000 0.395759
1 0 16.000000 0.000000 -0.000000 -0.209800 0.000000 0.000000 -0.290920 0.000000 0.000000 0.167279 0.000000 2000.000000 0.395768
1 0 12.000000 -0.194714 0.082024 -0.123089 -0.074883 -0.213282 -0.047338 -0.093252 0.000000 0.295029 0.000000 1700.000000 0.395791
1 0 6.000000 0.000000 0.000000 0.000000 0.000000 0.000000 0.000000 0.000000 0.000000 0.000000 30.000000 3500.000000 0.000000
1 3 18.000000 0.816446 0.000000 0.000000 0.000000 0.816446 0.000000 0.000000 0.000000 0.577315 0.000000 3500.000000 0.999938
1 0 20.000000 -0.092581 -0.301295 -0.050448 0.238653 -0.116881 0.130045 -0.197265 0.000000 0.181006 0.000000 3500.000000 0.395803
1 0 6.000000 0.000000 0.000000 0.000000 0.000000 0.000000 0.000000 0.000000 0.000000 0.000000 0.000000 800.000000 0.000000
1 3 15.000000 -0.233877 -0.761132 -0.127442 0.602886 -0.295265 0.328520 -0.498331 0.000000 0.457258 0.000000 2500.000000 0.999877
1 3 18.000000 -0.000000 0.000000 -0.380867 -0.000000 -0.000000 -0.146474 -0.000000 0.000000 0.912887 8.000000 2800.000000 0.999938
1 0 15.000000 -0.039862 -0.316582 0.036080 0.194897 -0.064750 -0.176408 0.254643 0.000000 0.140666 0.000000 2500.000000 0.395759
1 3 16.000000 -0.000000 -0.000000 -0.250162 0.000000 -0.000000 0.354410 -0.000000 0.000000 0.900895 0.000000 2000.000000 0.999900
1 0 12.000000 -0.000000 -0.000000 0.150753 -0.000000 0.000000 0.057977 -0.000000 0.000000 -0.361335 0.000000 1700.000000 0.395791
1 3 9.000000 0.000000 0.000000 -0.556362 -0.000000 0.000000 0.585789 0.000000 0.000000 0.588561 0.000000 2000.000000 0.999545
1 0 15.000000 -0.000000 0.000000 -0.047974 -0.000000 -0.000000 -0.016047 -0.000000 0.000000 0.392513 0.000000 2000.000000 0.395759
1 1 16.000000 0.000000 -0.000000 0.210077 0.000000 0.000000 0.299793 -0.000000 0.000000 0.422731 12.000000 2000.000000 0.559204
1 3 9.000000 0.623555 0.780234 0.000000 -0.778728 0.624761 -0.000000 -0.062072 0.000000 0.000000 12.000000 3000.000000 0.999545
1 0 9.000000 -0.372116 0.125503 -0.000000 -0.124473 -0.375194 -0.000000 -0.050570 0.000000 0.000000 12.000000 3000.000000 0.395628
1 3 15.000000 0.816396 0.000000 0.000000 0.000000 0.816396 0.000000 0.000000 0.000000 0.577279 18.000000 2000.000000 0.999877
1 0 12.000000 -0.004500 0.218558 -0.094118 -0.014744 -0.066704 -0.308383 -0.227990 0.000000 0.021801 0.000000 1700.000000 0.395791
1 0 12.000000 -0.000000 -0.000000 -0.149324 0.000000 -0.000000 0.320259 -0.000000 0.000000 0.178289 0.000000 1700.000000 0.395791
1 3 15.000000 0.360129 0.450618 0.031689 -0.449748 0.360825 -0.039575 -0.035849 0.000000 0.814821 18.000000 2000.000000 0.999877
1 3 9.000000 0.000000 0.000000 0.387542 -0.000000 0.000000 -0.163283 -0.000000 0.000000 0.906775 0.000000 2000.000000 0.999545
1 0 6.000000 0.210472 0.000000 0.000000 0.000000 0.210472 0.000000 0.000000 0.000000 0.148826 8.000000 800.000000 0.257775
1 0 14.000000 0.000000 -0.323168 0.000000 0.323168 0.000000 0.000000 0.000000 0.000000 0.228514 25.000000 2500.000000 0.395798
1 0 18.000000 -0.194838 0.268477 0.000000 -0.179881 -0.290801 0.000000 0.293812 0.000000 0.000000 0.000000 3500.000000 0.395783
1 3 20.000000 -0.000000 0.000000 0.356034 0.000000 0.000000 -0.800665 -0.000000 0.000000 -0.481820 0.000000 3500.000000 0.999988
1 0 9.000000 0.323029 0.000000 0.000000 0.000000 0.323029 0.000000 0.000000 0.000000 0.228416 12.000000 3000.000000 0.395628
1 3 15.000000 0.000000 -0.000000 -0.183699 0.000000 0.000000 -0.880162 0.000000 0.000000 0.437406 18.000000 2000.000000 0.999877
1 0 18.000000 -0.039865 -0.316602 0.036083 0.194909 -0.064754 -0.176419 0.254659 0.000000 0.140675 8.000000 2800.000000 0.395783
1 3 12.000000 -0.034170 0.046045 -0.812425 -0.002734 -0.575487 -0.065002 -0.576307 0.000000 0.048478 0.000000 1700.000000 0.999958
1 3 15.000000 -0.000000 0.000000 0.229595 -0.000000 -0.000000 0.671927 0.000000 0.000000 0.703957 18.000000 2000.000000 0.999877
1 0 6.000000 0.322648 0.000000 0.000000 0.000000 0.322648 0.000000 0.000000 0.000000 0.228146 8.000000 3500.000000 0.395161
1 0 9.000000 -0.000000 0.000000 0.090845 -0.000000 -0.000000 0.265866 0.000000 0.000000 0.278539 35.000000 3000.000000 0.395628
1 3 13.000000 0.000000 -0.000000 -0.513099 0.000000 0.000000 -0.315008 0.000000 0.000000 0.798152 15.000000 3000.000000 0.999774
1 0 20.000000 0.000000 0.000000 0.000000 0.000000 0.000000 0.000000 0.000000 0.000000 0.000000 0.000000 3500.000000 0.000000
1 0 9.000000 -0.090063 0.374376 0.000000 -0.263577 -0.127923 0.000000 0.280958 0.000000 0.000000 12.000000 1500.000000 0.395628
1 1 16.000000 0.000000 0.000000 0.222869 -0.000000 0.000000 -0.194492 -0.000000 0.000000 0.474565 0.000000 2000.000000 0.559204
1 0 15.000000 0.000000 0.000000 -0.232319 0.000000 -0.000000 -0.256310 -0.000000 0.000000 -0.192247 0.000000 2500.000000 0.395759
1 3 12.000000 -0.059184 0.079751 -0.000000 -0.004735 -0.996773 -0.000000 -0.998194 0.000000 0.000000 0.000000 1700.000000 0.999958
1 3 18.000000 0.000000 -0.000000 -0.088072 0.000000 0.000000 -0.077169 0.000000 0.000000 0.993058 0.000000 3500.000000 0.999938
1 0 15.000000 0.307049 -0.097488 0.017805 0.097162 0.308080 0.005634 -0.026411 0.000000 0.227727 0.000000 2500.000000 0.395759
1 3 10.000000 0.775660 -0.246272 0.044979 0.245448 0.778264 0.014233 -0.066719 0.000000 0.575280 12.000000 2600.000000 0.999759
1 0 9.000000 0.000000 0.000000 0.369610 -0.000000 0.000000 -0.068763 -0.000000 0.000000 0.123213 0.000000 2000.000000 0.395628
1 0 16.000000 0.000000 0.000000 0.000000 0.000000 0.000000 0.000000 0.000000 0.000000 0.000000 0.000000 2000.000000 0.000000
1 3 13.000000 -0.000000 -0.000000 -0.029667 0.000000 -0.000000 0.014501 -0.000000 0.000000 0.999228 15.000000 3000.000000 0.999774
1 0 15.000000 -0.214913 0.072483 -0.039171 -0.071889 -0.216690 -0.013103 -0.029206 0.000000 0.320485 0.000000 2000.000000 0.395759
1 3 15.000000 0.000000 -0.000000 0.401893 0.000000 0.000000 0.243877 -0.000000 0.000000 0.882474 0.000000 2500.000000 0.999877
1 3 15.000000 -0.100711 -0.799838 0.091157 0.492403 -0.163590 -0.445691 0.643350 0.000000 0.355390 0.000000 2500.000000 0.999877
1 0 9.000000 0.000000 -0.000000 0.105488 0.000000 0.000000 0.203297 -0.000000 0.000000 0.322590 0.000000 2000.000000 0.395628
1 3 18.000000 0.000000 0.000000 -0.114008 -0.000000 0.000000 0.391797 0.000000 0.000000 0.912893 0.000000 3500.000000 0.999938
1 3 9.000000 -0.227543 0.945852 0.000000 -0.665921 -0.323195 0.000000 0.709834 0.000000 0.000000 12.000000 1500.000000 0.999545
1 3 9.000000 0.000000 -0.000000 0.266514 0.000000 0.000000 0.513625 -0.000000 0.000000 0.815015 0.000000 2000.000000 0.999545
1 1 16.000000 -0.000000 0.000000 -0.091529 -0.000000 -0.000000 -0.038040 -0.000000 0.000000 0.550350 12.000000 2000.000000 0.559204
1 0 6.000000 0.210472 0.000000 0.000000 0.000000 0.210472 0.000000 0.000000 0.000000 0.148826 30.000000 800.000000 0.257775
1 0 13.000000 0.000000 0.000000 0.000000 0.000000 0.000000 0.000000 0.000000 0.000000 0.000000 15.000000 3000.000000 0.000000
1 1 15.000000 -0.000000 0.000000 -0.071444 -0.000000 -0.000000 -0.320677 -0.000000 0.000000 0.452501 0.000000 2500.000000 0.559192
1 0 9.000000 0.000000 0.000000 0.001095 -0.000000 0.000000 -0.003357 -0.000000 0.000000 0.395612 0.000000 2000.000000 0.395628
1 1 16.000000 0.206436 0.212282 0.181972 -0.180152 0.243255 -0.158802 -0.170781 0.000000 0.387480 12.000000 2000.000000 0.559204
1 0 18.000000 -0.000000 -0.000000 -0.149321 0.000000 -0.000000 0.320253 -0.000000 0.000000 0.178286 8.000000 2800.000000 0.395783
1 3 13.000000 -0.000000 0.000000 0.373036 -0.000000 -0.000000 0.241122 0.000000 0.000000 0.895685 15.000000 3000.000000 0.999774
1 0 10.000000 -0.000000 -0.000000 -0.149294 0.000000 -0.000000 0.320195 -0.000000 0.000000 0.178254 12.000000 800.000000 0.395712
0 0 6.000000 0.000000 0.000000 0.000000 0.000000 0.000000 0.000000 0.000000 0.000000 0.000000 0.000000 800.000000 0.000000
1 0 6.000000 0.322648 0.000000 0.000000 0.000000 0.322648 0.000000 0.000000 0.000000 0.228146 30.000000 2000.000000 0.395161
1 0 15.000000 0.323136 0.000000 0.000000 0.000000 0.323136 0.000000 0.000000 0.000000 0.228492 18.000000 2000.000000 0.395759
1 3 15.000000 0.000000 0.000000 -0.586948 0.000000 -0.000000 -0.647561 -0.000000 0.000000 -0.485707 0.000000 2500.000000 0.999877
1 3 9.000000 -0.940144 0.317080 -0.000000 -0.314479 -0.947919 -0.000000 -0.127765 0.000000 0.000000 35.000000 3000.000000 0.999545
1 3 15.000000 0.680264 -0.523135 -0.000000 0.417635 0.852106 -0.000000 0.602143 0.000000 0.000000 0.000000 1200.000000 0.999877
1 0 9.000000 -0.372116 0.125503 -0.000000 -0.124473 -0.375194 -0.000000 -0.050570 0.000000 0.000000 35.000000 3000.000000 0.395628
1 0 18.000000 -0.000000 0.000000 -0.115269 -0.000000 -0.000000 -0.377684 -0.000000 0.000000 0.026700 8.000000 2800.000000 0.395783
1 3 9.000000 -0.227543 0.945852 0.000000 -0.665921 -0.323195 0.000000 0.709834 0.000000 0.000000 35.000000 1500.000000 0.999545
1 0 6.000000 0.322648 0.000000 0.000000 0.000000 0.322648 0.000000 0.000000 0.000000 0.228146 30.000000 3500.000000 0.395161
1 0 10.000000 0.000000 -0.000000 0.242494 0.000000 0.000000 0.143466 -0.000000 0.000000 0.277853 12.000000 800.000000 0.395712
1 0 18.000000 -0.344088 -0.085292 -0.000000 0.075936 -0.386484 0.000000 -0.180226 0.000000 0.000000 0.000000 3500.000000 0.395783
1 0 10.000000 0.000000 -0.000000 -0.201955 -0.000000 -0.000000 0.252807 -0.000000 0.000000 -0.227796 12.000000 800.000000 0.395712
1 3 15.000000 -0.000000 -0.000000 0.467796 -0.000000 0.000000 0.422732 -0.000000 0.000000 -0.776028 0.000000 2500.000000 0.999877
1 0 9.000000 0.000000 0.000000 0.000000 0.000000 0.000000 0.000000 0.000000 0.000000 0.000000 0.000000 1000.000000 0.000000
1 0 10.000000 -0.000000 0.000000 -0.393756 -0.000000 -0.000000 -0.031504 -0.000000 0.000000 0.023496 0.000000 800.000000 0.395712
1 0 6.000000 0.210472 0.000000 0.000000 0.000000 0.210472 0.000000 0.000000 0.000000 0.148826 8.000000 3500.000000 0.257775
1 3 18.000000 0.000000 -0.000000 -0.510326 -0.000000 -0.000000 0.638827 -0.000000 0.000000 -0.575625 8.000000 2800.000000 0.999938
1 1 14.000000 0.000000 0.000000 0.222886 -0.000000 0.000000 -0.194507 -0.000000 0.000000 0.474600 25.000000 2500.000000 0.559246
1 3 15.000000 0.000000 -0.000000 -0.916058 -0.000000 -0.000000 0.387489 -0.000000 0.000000 -0.102195 0.000000 2500.000000 0.999877
1 3 12.000000 -0.491940 0.207231 -0.310983 -0.189190 -0.538851 -0.119598 -0.235599 0.000000 0.745384 0.000000 1700.000000 0.999958
1 0 15.000000 0.035372 -0.387411 -0.000000 0.169477 0.080857 -0.000000 0.355882 0.000000 0.000000 18.000000 2000.000000 0.395759
1 0 10.000000 0.000000 0.000000 0.000000 0.000000 0.000000 0.000000 0.000000 0.000000 0.000000 25.000000 2600.000000 0.000000
1 3 18.000000 0.000000 0.000000 0.510326 -0.000000 0.000000 -0.638827 -0.000000 0.000000 0.575625 8.000000 2800.000000 0.999938
1 0 12.000000 -0.039865 -0.316608 0.036083 0.194913 -0.064755 -0.176422 0.254664 0.000000 0.140677 12.000000 1700.000000 0.395791
1 0 10.000000 -0.000000 0.000000 0.334869 0.000000 0.000000 -0.172899 -0.000000 0.000000 -0.120652 12.000000 800.000000 0.395712
1 3 13.000000 -0.000000 -0.000000 -0.341034 0.000000 -0.000000 0.765010 -0.000000 0.000000 0.545896 15.000000 3000.000000 0.999774
1 0 6.000000 0.000000 0.000000 0.000000 0.000000 0.000000 0.000000 0.000000 0.000000 0.000000 30.000000 800.000000 0.000000
1 1 16.000000 -0.167747 -0.263767 -0.114233 0.237650 -0.186182 0.161836 -0.140071 0.000000 0.411380 0.000000 2000.000000 0.559204
1 0 15.000000 -0.090093 0.374500 0.000000 -0.263664 -0.127965 0.000000 0.281051 0.000000 0.000000 0.000000 2000.000000 0.395759
1 3 16.000000 0.369124 0.379576 0.325380 -0.322125 0.434958 -0.283951 -0.305369 0.000000 0.692844 12.000000 2000.000000 0.999900
1 3 20.000000 -0.233903 -0.761216 -0.127456 0.602952 -0.295298 0.328556 -0.498386 0.000000 0.457308 0.000000 3500.000000 0.999988
1 0 12.000000 -0.337254 -0.142069 0.000000 -0.129701 0.369415 0.000000 -0.161517 0.000000 -0.000000 0.000000 1700.000000 0.395791
1 0 10.000000 -0.000000 0.000000 -0.150723 -0.000000 -0.000000 -0.057965 -0.000000 0.000000 0.361263 0.000000 800.000000 0.395712
1 0 10.000000 0.000000 0.000000 0.000000 0.000000 0.000000 0.000000 0.000000 0.000000 0.000000 12.000000 800.000000 0.000000
1 0 9.000000 0.035360 -0.387283 -0.000000 0.169420 0.080830 -0.000000 0.355764 0.000000 0.000000 35.000000 3000.000000 0.395628
1 1 15.000000 0.000000 -0.000000 -0.252376 -0.000000 -0.000000 0.073011 -0.000000 0.000000 -0.493631 0.000000 2500.000000 0.559192
1 3 18.000000 0.063492 0.997272 0.000000 -0.867734 0.072970 -0.000000 -0.492832 0.000000 0.000000 0.000000 3500.000000 0.999938
1 0 15.000000 -0.000000 0.000000 -0.050563 -0.000000 -0.000000 -0.226954 -0.000000 0.000000 0.320251 0.000000 2500.000000 0.395759
1 1 15.000000 -0.000000 0.000000 -0.469871 -0.000000 -0.000000 -0.256397 -0.000000 0.000000 0.161794 0.000000 2500.000000 0.559192
1 0 15.000000 0.246890 0.308925 0.000000 -0.308329 0.247367 -0.000000 -0.024577 0.000000 0.000000 0.000000 2000.000000 0.395759
1 0 12.000000 -0.000000 -0.000000 -0.099022 0.000000 -0.000000 0.140286 -0.000000 0.000000 0.356602 12.000000 1700.000000 0.395791
1 0 9.000000 0.000000 0.000000 0.153392 -0.000000 0.000000 -0.064629 -0.000000 0.000000 0.358909 0.000000 2000.000000 0.395628
1 0 18.000000 -0.000000 0.000000 -0.393827 -0.000000 -0.000000 -0.031510 -0.000000 0.000000 0.023500 8.000000 2800.000000 0.395783
1 0 9.000000 0.000000 0.000000 0.000000 0.000000 0.000000 0.000000 0.000000 0.000000 0.000000 12.000000 3000.000000 0.000000
1 1 14.000000 -0.000000 -0.000000 -0.139916 0.000000 -0.000000 0.198222 -0.000000 0.000000 0.503873 25.000000 2500.000000 0.559246
1 1 15.000000 0.000000 0.000000 0.412631 -0.000000 0.000000 -0.262886 -0.000000 0.000000 0.270781 0.000000 2500.000000 0.559192
1 3 18.000000 -0.492254 0.678300 0.000000 -0.454465 -0.734701 0.000000 0.742310 0.000000 0.000000 0.000000 3500.000000 0.999938
1 0 18.000000 0.307068 -0.097494 0.017806 0.097168 0.308098 0.005635 -0.026413 0.000000 0.227741 8.000000 2800.000000 0.395783
1 3 12.000000 0.000000 0.000000 0.398530 -0.000000 0.000000 -0.347787 -0.000000 0.000000 0.848607 30.000000 1700.000000 0.999958
1 3 12.000000 -0.000000 0.000000 -0.380875 -0.000000 -0.000000 -0.146476 -0.000000 0.000000 0.912905 0.000000 1700.000000 0.999958
1 3 9.000000 0.089336 -0.978462 -0.000000 0.428037 0.204215 -0.000000 0.898829 0.000000 0.000000 12.000000 1500.000000 0.999545
1 3 18.000000 -0.869332 -0.215489 -0.000000 0.191851 -0.976443 0.000000 -0.455338 0.000000 0.000000 0.000000 3500.000000 0.999938
1 3 12.000000 -0.156408 0.264863 0.690926 0.080756 0.512984 -0.356737 -0.549836 0.000000 -0.248939 0.000000 1700.000000 0.999958
1 3 9.000000 -0.165321 -0.538023 -0.180171 0.426163 -0.208715 0.464443 -0.352256 0.000000 0.646446 0.000000 1000.000000 0.999545
1 3 18.000000 -0.000000 0.000000 0.545409 -0.000000 -0.000000 0.503540 0.000000 0.000000 0.669965 0.000000 3500.000000 0.999938
1 3 18.000000 -0.000000 0.000000 -0.804872 -0.000000 -0.000000 -0.551018 -0.000000 0.000000 0.220083 0.000000 3500.000000 0.999938
1 3 9.000000 -0.000000 0.000000 0.229519 -0.000000 -0.000000 0.671704 0.000000 0.000000 0.703723 12.000000 1500.000000 0.999545
1 0 18.000000 0.025131 0.394728 0.000000 -0.343456 0.028882 -0.000000 -0.195067 0.000000 0.000000 0.000000 3500.000000 0.395783
1 0 15.000000 0.000000 0.000000 0.052155 -0.000000 0.000000 -0.392306 -0.000000 0.000000 0.001043 0.000000 2500.000000 0.395759
1 1 15.000000 -0.000000 0.000000 0.520623 0.000000 0.000000 -0.123124 -0.000000 0.000000 -0.162751 0.000000 2500.000000 0.559192
1 0 15.000000 0.000000 -0.000000 -0.072710 0.000000 0.000000 -0.348375 0.000000 0.000000 0.173129 0.000000 2000.000000 0.395759
1 0 18.000000 -0.000000 0.000000 0.334929 0.000000 0.000000 -0.172930 -0.000000 0.000000 -0.120674 8.000000 2800.000000 0.395783
1 0 9.000000 0.035360 -0.387283 -0.000000 0.169420 0.080830 -0.000000 0.355764 0.000000 0.000000 12.000000 3000.000000 0.395628
1 0 15.000000 0.000000 0.000000 0.015362 -0.000000 0.000000 -0.019184 -0.000000 0.000000 0.394996 18.000000 2000.000000 0.395759
1 3 16.000000 0.142724 -0.468235 -0.432787 0.197909 0.337672 -0.600127 0.523191 0.000000 0.345074 12.000000 2000.000000 0.999900
1 3 9.000000 0.000000 -0.000000 -0.183638 0.000000 0.000000 -0.879870 0.000000 0.000000 0.437260 12.000000 1500.000000 0.999545
1 0 16.000000 0.323143 0.000000 0.000000 0.000000 0.323143 0.000000 0.000000 0.000000 0.228497 12.000000 2000.000000 0.395768
1 0 15.000000 -0.005104 -0.395726 0.000000 0.394932 -0.005114 -0.000000 0.025067 0.000000 0.000000 0.000000 1200.000000 0.395759
1 1 12.000000 0.138260 -0.453590 -0.000000 0.191719 0.327111 -0.000000 0.506827 0.000000 0.000000 0.000000 1500.000000 0.559237
1 3 9.000000 -0.940144 0.317080 -0.000000 -0.314479 -0.947919 -0.000000 -0.127765 0.000000 0.000000 35.000000 1500.000000 0.999545
1 0 15.000000 -0.090093 0.374500 0.000000 -0.263664 -0.127965 0.000000 0.281051 0.000000 0.000000 18.000000 2000.000000 0.395759
1 0 12.000000 -0.194714 -0.082024 0.123089 -0.074883 0.213282 0.047338 -0.093252 0.000000 -0.295029 0.000000 1700.000000 0.395791
1 1 15.000000 0.000000 -0.000000 0.224763 0.000000 0.000000 0.136391 -0.000000 0.000000 0.493533 0.000000 2500.000000 0.559192
1 3 15.000000 -0.752302 0.542782 0.000000 -0.486272 -0.839728 0.000000 0.444225 0.000000 0.000000 0.000000 1200.000000 0.999877
0 0 6.000000 0.000000 0.000000 0.000000 0.000000 0.000000 0.000000 0.000000 0.000000 0.000000 8.000000 1500.000000 0.000000
1 0 15.000000 0.000000 -0.323136 0.000000 0.323136 0.000000 0.000000 0.000000 0.000000 0.228492 0.000000 2000.000000 0.395759
1 0 6.000000 0.322648 0.000000 0.000000 0.000000 0.322648 0.000000 0.000000 0.000000 0.228146 30.000000 800.000000 0.395161
1 0 12.000000 0.082103 0.178537 0.164928 -0.102777 0.142624 -0.206457 -0.186850 0.000000 0.186032 0.000000 1700.000000 0.395791
1 3 12.000000 0.072972 -0.799240 -0.106067 0.349635 0.166810 -0.508203 0.734194 0.000000 0.252557 0.000000 1700.000000 0.999958
1 0 10.000000 0.000000 -0.000000 -0.201955 -0.000000 -0.000000 0.252807 -0.000000 0.000000 -0.227796 0.000000 800.000000 0.395712
1 0 13.000000 -0.000000 -0.000000 0.222495 0.000000 -0.000000 -0.255492 0.000000 0.000000 0.204481 15.000000 3000.000000 0.395718
1 0 15.000000 0.000000 -0.000000 -0.072710 0.000000 0.000000 -0.348375 0.000000 0.000000 0.173129 18.000000 2000.000000 0.395759
1 3 9.000000 -0.071190 -0.565383 0.128872 0.348066 -0.115637 -0.630093 0.454766 0.000000 0.502430 0.000000 1000.000000 0.999545
1 0 12.000000 0.138093 -0.116354 0.198035 0.081699 0.196669 0.117163 -0.162704 0.000000 0.226911 0.000000 1700.000000 0.395791
1 0 12.000000 -0.000000 0.000000 -0.064782 -0.000000 -0.000000 -0.026924 -0.000000 0.000000 0.389524 30.000000 1700.000000 0.395791
1 0 12.000000 0.028883 -0.316346 -0.041982 0.138388 0.066025 -0.201151 0.290600 0.000000 0.099964 0.000000 1700.000000 0.395791
1 3 14.000000 -0.000000 0.000000 -0.163673 -0.000000 -0.000000 -0.068023 -0.000000 0.000000 0.984141 25.000000 2500.000000 0.999975
1 3 9.000000 -0.940144 0.317080 -0.000000 -0.314479 -0.947919 -0.000000 -0.127765 0.000000 0.000000 12.000000 3000.000000 0.999545
1 3 15.000000 -0.940456 0.317185 -0.000000 -0.314583 -0.948234 -0.000000 -0.127807 0.000000 0.000000 0.000000 2000.000000 0.999877
1 0 15.000000 0.000000 -0.000000 0.309634 0.000000 0.000000 0.243306 -0.000000 0.000000 0.039426 0.000000 2500.000000 0.395759
1 3 12.000000 0.000000 -0.000000 0.375656 0.000000 0.000000 0.536084 -0.000000 0.000000 0.755918 30.000000 1700.000000 0.999958
1 0 10.000000 0.000000 -0.000000 0.242494 0.000000 0.000000 0.143466 -0.000000 0.000000 0.277853 0.000000 800.000000 0.395712
1 0 12.000000 0.000000 -0.000000 -0.201995 -0.000000 -0.000000 0.252858 -0.000000 0.000000 -0.227841 0.000000 1700.000000 0.395791
1 0 15.000000 -0.134303 -0.298452 0.000000 0.154221 -0.259907 -0.000000 0.338828 0.000000 0.000000 0.000000 1200.000000 0.395759
1 3 12.000000 0.000000 0.000000 -0.396642 0.000000 -0.000000 -0.478589 -0.000000 0.000000 -0.783290 0.000000 1700.000000 0.999958
1 3 18.000000 -0.000000 0.000000 -0.994994 -0.000000 -0.000000 -0.079609 -0.000000 0.000000 0.059372 8.000000 2800.000000 0.999938
1 3 15.000000 0.623762 0.780493 0.000000 -0.778987 0.624968 -0.000000 -0.062093 0.000000 0.000000 18.000000 2000.000000 0.999877
1 0 9.000000 -0.372116 0.125503 -0.000000 -0.124473 -0.375194 -0.000000 -0.050570 0.000000 0.000000 35.000000 1500.000000 0.395628
1 0 9.000000 -0.000000 0.000000 -0.047958 -0.000000 -0.000000 -0.016042 -0.000000 0.000000 0.392383 12.000000 3000.000000 0.395628
1 0 14.000000 0.000000 -0.000000 -0.209815 0.000000 0.000000 -0.290942 0.000000 0.000000 0.167292 25.000000 2500.000000 0.395798
1 0 16.000000 0.056491 -0.185331 -0.171301 0.078334 0.133653 -0.237535 0.207083 0.000000 0.136583 12.000000 2000.000000 0.395768
1 0 12.000000 0.000000 0.000000 0.157741 -0.000000 0.000000 -0.137657 -0.000000 0.000000 0.335885 30.000000 1700.000000 0.395791
1 0 12.000000 -0.000000 0.000000 -0.150753 -0.000000 -0.000000 -0.057977 -0.000000 0.000000 0.361335 0.000000 1700.000000 0.395791
1 3 20.000000 0.000000 0.000000 -0.966188 0.000000 -0.000000 -0.112492 -0.000000 0.000000 -0.231951 0.000000 3500.000000 0.999988
1 0 6.000000 0.210472 0.000000 0.000000 0.000000 0.210472 0.000000 0.000000 0.000000 0.148826 30.000000 3500.000000 0.257775
1 0 18.000000 -0.000000 0.000000 -0.150750 -0.000000 -0.000000 -0.057975 -0.000000 0.000000 0.361328 8.000000 2800.000000 0.395783
1 1 15.000000 0.000000 -0.000000 0.437500 0.000000 0.000000 0.343782 -0.000000 0.000000 0.055707 0.000000 2500.000000 0.559192
1 0 18.000000 0.000000 -0.000000 -0.034859 0.000000 0.000000 -0.030544 0.000000 0.000000 0.393060 0.000000 3500.000000 0.395783
1 0 9.000000 0.246808 0.308823 0.000000 -0.308227 0.247285 -0.000000 -0.024569 0.000000 0.000000 12.000000 1500.000000 0.395628
1 3 18.000000 -0.233891 -0.761178 -0.127450 0.602922 -0.295283 0.328540 -0.498361 0.000000 0.457286 8.000000 2800.000000 0.999938
1 3 18.000000 -0.000000 0.000000 0.846191 0.000000 0.000000 -0.436904 -0.000000 0.000000 -0.304880 8.000000 2800.000000 0.999938
1 3 9.000000 -0.940144 0.317080 -0.000000 -0.314479 -0.947919 -0.000000 -0.127765 0.000000 0.000000 12.000000 1500.000000 0.999545
1 0 15.000000 -0.000000 -0.000000 0.222518 0.000000 -0.000000 -0.255519 0.000000 0.000000 0.204503 0.000000 1200.000000 0.395759
1 0 9.000000 0.000000 -0.000000 -0.072685 0.000000 0.000000 -0.348260 0.000000 0.000000 0.173071 12.000000 1500.000000 0.395628
1 3 16.000000 0.250439 -0.472772 0.306704 0.357392 0.331291 0.437685 -0.377912 0.000000 0.617169 0.000000 2000.000000 0.999900
1 0 18.000000 -0.000000 0.000000 -0.318575 -0.000000 -0.000000 -0.218097 -0.000000 0.000000 0.087111 0.000000 3500.000000 0.395783
1 1 16.000000 -0.293413 0.123905 -0.074733 -0.121943 -0.298134 -0.031059 -0.057226 0.000000 0.449359 0.000000 2000.000000 0.559204
1 0 12.000000 0.000000 -0.000000 0.242543 0.000000 0.000000 0.143494 -0.000000 0.000000 0.277908 0.000000 1700.000000 0.395791
1 0 9.000000 0.000000 0.000000 0.000000 0.000000 0.000000 0.000000 0.000000 0.000000 0.000000 12.000000 1500.000000 0.000000
1 0 12.000000 0.142206 0.309235 0.000000 -0.178014 0.247032 -0.000000 -0.323634 0.000000 0.000000 0.000000 1700.000000 0.395791
1 0 10.000000 -0.000000 0.000000 -0.393756 -0.000000 -0.000000 -0.031504 -0.000000 0.000000 0.023496 12.000000 800.000000 0.395712
1 0 12.000000 -0.000000 0.000000 0.334936 0.000000 0.000000 -0.172933 -0.000000 0.000000 -0.120676 0.000000 1700.000000 0.395791
1 3 15.000000 -0.000000 -0.000000 -0.341070 0.000000 -0.000000 0.765089 -0.000000 0.000000 0.545953 0.000000 1200.000000 0.999877
1 0 16.000000 -0.118720 -0.186677 -0.080846 0.168193 -0.131767 0.114537 -0.099133 0.000000 0.291148 0.000000 2000.000000 0.395768
1 3 12.000000 0.000000 -0.000000 -0.530085 0.000000 0.000000 -0.735045 0.000000 0.000000 0.422652 12.000000 1700.000000 0.999958
1 0 9.000000 0.000000 -0.000000 -0.072685 0.000000 0.000000 -0.348260 0.000000 0.000000 0.173071 35.000000 3000.000000 0.395628
1 3 15.000000 -0.339313 -0.754033 0.000000 0.389635 -0.656649 -0.000000 0.856041 0.000000 0.000000 0.000000 1200.000000 0.999877
1 3 14.000000 0.000000 -0.000000 -0.530094 0.000000 0.000000 -0.735057 0.000000 0.000000 0.422659 25.000000 2500.000000 0.999975
1 0 15.000000 -0.000000 -0.000000 0.185157 -0.000000 0.000000 0.167321 -0.000000 0.000000 -0.307158 0.000000 2500.000000 0.395759
1 1 16.000000 0.140061 -0.264402 0.171527 0.199875 0.185278 0.244780 -0.211351 0.000000 0.345158 12.000000 2000.000000 0.559204
1 3 12.000000 -0.185865 0.772604 0.132568 -0.543946 -0.263996 0.387968 0.579817 0.000000 0.406462 0.000000 1700.000000 0.999958
1 0 14.000000 0.000000 0.000000 0.000000 0.000000 0.000000 0.000000 0.000000 0.000000 0.000000 25.000000 2500.000000 0.000000
1 3 15.000000 -0.000000 0.000000 0.229595 -0.000000 -0.000000 0.671927 0.000000 0.000000 0.703957 0.000000 2000.000000 0.999877
1 0 15.000000 -0.000000 -0.000000 -0.223984 0.000000 -0.000000 0.113133 -0.000000 0.000000 0.306036 0.000000 2500.000000 0.395759
1 0 15.000000 0.323136 0.000000 0.000000 0.000000 0.323136 0.000000 0.000000 0.000000 0.228492 0.000000 1200.000000 0.395759
1 0 16.000000 0.099126 -0.187127 0.121396 0.141459 0.131128 0.173239 -0.149581 0.000000 0.244280 0.000000 2000.000000 0.395768
1 0 9.000000 0.000000 0.000000 -0.220212 -0.000000 0.000000 0.231860 0.000000 0.000000 0.232957 0.000000 2000.000000 0.395628
1 0 12.000000 -0.000000 0.000000 -0.064782 -0.000000 -0.000000 -0.026924 -0.000000 0.000000 0.389524 12.000000 1700.000000 0.395791
1 0 13.000000 -0.000000 -0.000000 -0.011742 0.000000 -0.000000 0.005740 -0.000000 0.000000 0.395502 15.000000 3000.000000 0.395718
1 3 10.000000 -0.233849 -0.761041 -0.127427 0.602814 -0.295230 0.328481 -0.498272 0.000000 0.457204 25.000000 2600.000000 0.999759
1 1 16.000000 -0.000000 -0.000000 -0.139906 0.000000 -0.000000 0.198207 -0.000000 0.000000 0.503835 0.000000 2000.000000 0.559204
1 3 15.000000 -0.542972 0.183127 -0.098964 -0.181625 -0.547463 -0.033104 -0.073789 0.000000 0.809700 0.000000 2000.000000 0.999877
1 0 16.000000 -0.000000 -0.000000 -0.099016 0.000000 -0.000000 0.140278 -0.000000 0.000000 0.356582 0.000000 2000.000000 0.395768
0 0 6.000000 0.000000 0.000000 0.000000 0.000000 0.000000 0.000000 0.000000 0.000000 0.000000 4.000000 800.000000 0.000000
1 0 18.000000 0.000000 -0.000000 -0.201991 -0.000000 -0.000000 0.252853 -0.000000 0.000000 -0.227837 8.000000 2800.000000 0.395783
1 1 15.000000 -0.130798 -0.425671 -0.071273 0.337170 -0.165130 0.183728 -0.278697 0.000000 0.255726 0.000000 2500.000000 0.559192
1 0 6.000000 0.000000 0.000000 0.000000 0.000000 0.000000 0.000000 0.000000 0.000000 0.000000 8.000000 3500.000000 0.000000
1 3 9.000000 -0.000000 0.000000 -0.121166 -0.000000 -0.000000 -0.040530 -0.000000 0.000000 0.991346 35.000000 1500.000000 0.999545
1 3 12.000000 -0.000000 0.000000 -0.163670 -0.000000 -0.000000 -0.068022 -0.000000 0.000000 0.984124 12.000000 1700.000000 0.999958
1 0 9.000000 0.000000 0.000000 0.015357 -0.000000 0.000000 -0.019178 -0.000000 0.000000 0.394864 12.000000 3000.000000 0.395628
1 3 9.000000 0.816125 0.000000 0.000000 0.000000 0.816125 0.000000 0.000000 0.000000 0.577088 12.000000 3000.000000 0.999545
1 0 16.000000 0.146102 0.150239 0.128788 -0.127500 0.172160 -0.112390 -0.120867 0.000000 0.274233 0.000000 2000.000000 0.395768
1 0 9.000000 0.035360 -0.387283 -0.000000 0.169420 0.080830 -0.000000 0.355764 0.000000 0.000000 12.000000 1500.000000 0.395628
1 0 10.000000 0.000000 0.000000 -0.156963 0.000000 -0.000000 -0.189391 -0.000000 0.000000 -0.309971 12.000000 800.000000 0.395712
1 0 12.000000 0.000000 0.000000 0.000000 0.000000 0.000000 0.000000 0.000000 0.000000 0.000000 0.000000 1500.000000 0.000000
1 0 20.000000 0.000000 -0.000000 -0.142893 -0.000000 -0.000000 0.246688 -0.000000 0.000000 -0.274566 0.000000 3500.000000 0.395803
1 0 6.000000 0.000000 0.000000 0.000000 0.000000 0.000000 0.000000 0.000000 0.000000 0.000000 8.000000 2000.000000 0.000000
1 3 20.000000 0.000000 -0.000000 -0.361016 -0.000000 -0.000000 0.623253 -0.000000 0.000000 -0.693685 0.000000 3500.000000 0.999988
1 0 12.000000 0.000000 0.000000 0.157741 -0.000000 0.000000 -0.137657 -0.000000 0.000000 0.335885 12.000000 1700.000000 0.395791
1 3 15.000000 -0.000000 -0.000000 0.000818 0.000000 -0.000000 -0.063325 0.000000 0.000000 0.997870 0.000000 1200.000000 0.999877
1 0 10.000000 -0.000000 -0.000000 0.220733 -0.000000 0.000000 0.321333 -0.000000 0.000000 -0.067900 12.000000 800.000000 0.395712
1 0 12.000000 -0.000000 -0.000000 0.220777 -0.000000 0.000000 0.321397 -0.000000 0.000000 -0.067913 0.000000 1700.000000 0.395791
0 0 6.000000 0.000000 0.000000 0.000000 0.000000 0.000000 0.000000 0.000000 0.000000 0.000000 4.000000 1500.000000 0.000000
1 1 15.000000 0.000000 0.000000 -0.328257 0.000000 -0.000000 -0.362155 -0.000000 0.000000 -0.271637 0.000000 2500.000000 0.559192
1 0 15.000000 -0.372240 0.125544 -0.000000 -0.124515 -0.375319 -0.000000 -0.050587 0.000000 0.000000 0.000000 2000.000000 0.395759
1 3 15.000000 -0.897818 -0.439086 -0.000000 0.438847 -0.898308 0.000000 -0.033025 0.000000 0.000000 0.000000 1200.000000 0.999877
1 3 12.000000 0.499826 0.769912 -0.000000 0.603090 -0.638084 -0.000000 -0.621588 0.000000 -0.000000 0.000000 1700.000000 0.999958
1 3 10.000000 -0.233849 -0.761041 -0.127427 0.602814 -0.295230 0.328481 -0.498272 0.000000 0.457204 12.000000 2600.000000 0.999759
1 0 9.000000 0.323029 0.000000 0.000000 0.000000 0.323029 0.000000 0.000000 0.000000 0.228416 0.000000 2000.000000 0.395628
1 0 16.000000 0.099126 -0.187127 0.121396 0.141459 0.131128 0.173239 -0.149581 0.000000 0.244280 12.000000 2000.000000 0.395768
1 3 18.000000 -0.000000 -0.000000 0.380867 -0.000000 0.000000 0.146474 -0.000000 0.000000 -0.912887 8.000000 2800.000000 0.999938
1 0 16.000000 0.000000 0.000000 0.157732 -0.000000 0.000000 -0.137649 -0.000000 0.000000 0.335866 0.000000 2000.000000 0.395768
1 0 16.000000 -0.000000 0.000000 -0.064778 -0.000000 -0.000000 -0.026922 -0.000000 0.000000 0.389502 0.000000 2000.000000 0.395768
1 0 9.000000 0.246808 0.308823 0.000000 -0.308227 0.247285 -0.000000 -0.024569 0.000000 0.000000 35.000000 1500.000000 0.395628
1 0 12.000000 0.000000 -0.000000 0.148688 0.000000 0.000000 0.212186 -0.000000 0.000000 0.299198 30.000000 1700.000000 0.395791
1 3 15.000000 -0.940456 0.317185 -0.000000 -0.314583 -0.948234 -0.000000 -0.127807 0.000000 0.000000 18.000000 2000.000000 0.999877
1 3 12.000000 -0.767941 0.259002 -0.069984 -0.256877 -0.774292 -0.023410 -0.104362 0.000000 0.572590 0.000000 1700.000000 0.999958
1 3 12.000000 0.604292 -0.509165 0.000000 0.357515 0.860620 0.000000 -0.711990 0.000000 0.000000 0.000000 1700.000000 0.999958
1 3 16.000000 -0.299944 -0.471635 -0.204257 0.424937 -0.332907 0.289374 -0.250458 0.000000 0.735578 0.000000 2000.000000 0.999900
1 0 9.000000 0.035360 -0.387283 -0.000000 0.169420 0.080830 -0.000000 0.355764 0.000000 0.000000 35.000000 1500.000000 0.395628
1 0 16.000000 0.000000 0.000000 0.157732 -0.000000 0.000000 -0.137649 -0.000000 0.000000 0.335866 12.000000 2000.000000 0.395768
1 3 12.000000 -0.011369 0.552182 -0.237788 -0.037250 -0.168525 -0.779124 -0.576011 0.000000 0.055079 0.000000 1700.000000 0.999958
1 3 9.000000 0.623555 0.780234 0.000000 -0.778728 0.624761 -0.000000 -0.062072 0.000000 0.000000 35.000000 3000.000000 0.999545
1 0 13.000000 -0.000000 -0.000000 -0.134984 0.000000 -0.000000 0.302797 -0.000000 0.000000 0.216070 15.000000 3000.000000 0.395718
1 0 12.000000 -0.092578 -0.301286 -0.050447 0.238646 -0.116878 0.130041 -0.197259 0.000000 0.181001 12.000000 1700.000000 0.395791
1 3 9.000000 0.623555 0.780234 0.000000 -0.778728 0.624761 -0.000000 -0.062072 0.000000 0.000000 35.000000 1500.000000 0.999545
1 3 16.000000 -0.000000 -0.000000 -0.250162 0.000000 -0.000000 0.354410 -0.000000 0.000000 0.900895 12.000000 2000.000000 0.999900
1 0 12.000000 0.000000 0.000000 0.000000 0.000000 0.000000 0.000000 0.000000 0.000000 0.000000 0.000000 1700.000000 0.000000
1 3 15.000000 0.000000 -0.816396 0.000000 0.816396 0.000000 0.000000 0.000000 0.000000 0.577279 0.000000 1200.000000 0.999877
1 0 18.000000 0.325332 0.155754 0.000000 -0.139266 0.363848 -0.000000 -0.177224 0.000000 0.000000 0.000000 3500.000000 0.395783
1 0 9.000000 0.000000 0.000000 0.000000 0.000000 0.000000 0.000000 0.000000 0.000000 0.000000 35.000000 3000.000000 0.000000
1 1 16.000000 -0.167747 -0.263767 -0.114233 0.237650 -0.186182 0.161836 -0.140071 0.000000 0.411380 12.000000 2000.000000 0.559204
1 0 15.000000 0.000000 0.000000 0.000000 0.000000 0.000000 0.000000 0.000000 0.000000 0.000000 0.000000 2000.000000 0.000000
1 0 6.000000 0.322648 0.000000 0.000000 0.000000 0.322648 0.000000 0.000000 0.000000 0.228146 8.000000 2000.000000 0.395161
1 0 15.000000 0.000000 0.000000 0.000000 0.000000 0.000000 0.000000 0.000000 0.000000 0.000000 18.000000 2000.000000 0.000000
1 0 18.000000 0.000000 0.000000 0.014235 -0.000000 0.000000 -0.194547 -0.000000 0.000000 0.344374 0.000000 3500.000000 0.395783
1 3 13.000000 0.816312 0.000000 0.000000 0.000000 0.816312 0.000000 0.000000 0.000000 0.577220 15.000000 3000.000000 0.999774
1 3 20.000000 0.000000 -0.000000 0.815708 0.000000 0.000000 0.443598 -0.000000 0.000000 0.371236 0.000000 3500.000000 0.999988
1 0 15.000000 -0.000000 0.000000 0.090876 -0.000000 -0.000000 0.265954 0.000000 0.000000 0.278632 0.000000 2000.000000 0.395759
1 3 16.000000 0.000000 -0.000000 0.375634 0.000000 0.000000 0.536053 -0.000000 0.000000 0.755875 12.000000 2000.000000 0.999900
1 3 12.000000 0.000000 -0.000000 -0.510336 -0.000000 -0.000000 0.638839 -0.000000 0.000000 -0.575636 0.000000 1700.000000 0.999958
1 3 18.000000 0.775800 -0.246316 0.044987 0.245492 0.778404 0.014236 -0.066731 0.000000 0.575383 8.000000 2800.000000 0.999938
1 0 15.000000 0.000000 0.000000 0.000000 0.000000 0.000000 0.000000 0.000000 0.000000 0.000000 0.000000 2500.000000 0.000000
1 0 15.000000 -0.000000 -0.000000 -0.011744 0.000000 -0.000000 0.005740 -0.000000 0.000000 0.395543 0.000000 1200.000000 0.395759
1 0 20.000000 0.000000 -0.000000 0.322864 0.000000 0.000000 0.175580 -0.000000 0.000000 0.146938 0.000000 3500.000000 0.395803
1 3 12.000000 -0.056090 -0.475867 0.455433 -0.081653 0.326888 0.662997 -0.568763 0.000000 -0.140096 0.000000 1700.000000 0.999958
1 0 18.000000 -0.000000 0.000000 0.215877 -0.000000 -0.000000 0.199305 0.000000 0.000000 0.265177 0.000000 3500.000000 0.395783
1 0 12.000000 0.114220 0.175940 -0.128185 0.137818 -0.145815 -0.154668 -0.142045 0.000000 -0.253140 0.000000 1700.000000 0.395791
1 0 15.000000 0.020422 -0.223672 -0.059367 0.097847 0.046683 -0.284447 0.205469 0.000000 0.141359 18.000000 2000.000000 0.395759
1 0 6.000000 0.322648 0.000000 0.000000 0.000000 0.322648 0.000000 0.000000 0.000000 0.228146 0.000000 2000.000000 0.395161
1 0 6.000000 0.210472 0.000000 0.000000 0.000000 0.210472 0.000000 0.000000 0.000000 0.148826 0.000000 800.000000 0.257775
1 0 12.000000 -0.107227 0.181579 0.000000 0.055363 0.351681 -0.000000 -0.376946 0.000000 -0.000000 0.000000 1700.000000 0.395791
1 3 15.000000 -0.000000 0.000000 0.930913 0.000000 0.000000 -0.220154 -0.000000 0.000000 -0.291011 0.000000 2500.000000 0.999877
1 1 16.000000 0.000000 -0.000000 0.210077 0.000000 0.000000 0.299793 -0.000000 0.000000 0.422731 0.000000 2000.000000 0.559204
0 0 6.000000 0.000000 0.000000 0.000000 0.000000 0.000000 0.000000 0.000000 0.000000 0.000000 8.000000 800.000000 0.000000
1 0 10.000000 0.000000 0.000000 0.201955 -0.000000 0.000000 -0.252807 -0.000000 0.000000 0.227796 12.000000 800.000000 0.395712
1 0 12.000000 0.142206 -0.309235 -0.000000 -0.178014 -0.247032 0.000000 -0.323634 0.000000 -0.000000 0.000000 1700.000000 0.395791
1 1 16.000000 0.456588 0.000000 0.000000 0.000000 0.456588 0.000000 0.000000 0.000000 0.322857 12.000000 2000.000000 0.559204
1 0 20.000000 -0.000000 0.000000 -0.243433 -0.000000 -0.000000 -0.113601 -0.000000 0.000000 0.290680 0.000000 3500.000000 0.395803
1 3 15.000000 0.051595 -0.565103 -0.149990 0.247209 0.117943 -0.718650 0.519112 0.000000 0.357140 0.000000 2000.000000 0.999877
1 0 15.000000 0.000000 -0.000000 -0.074446 -0.000000 -0.000000 0.352804 -0.000000 0.000000 -0.163134 0.000000 2500.000000 0.395759
1 0 18.000000 0.000000 0.000000 0.000000 0.000000 0.000000 0.000000 0.000000 0.000000 0.000000 0.000000 3500.000000 0.000000
1 3 15.000000 0.816396 0.000000 0.000000 0.000000 0.816396 0.000000 0.000000 0.000000 0.577279 0.000000 2000.000000 0.999877
1 3 12.000000 0.207431 -0.451069 -0.416688 -0.259663 -0.360336 0.521610 -0.472073 0.000000 -0.470005 0.000000 1700.000000 0.999958
1 0 16.000000 -0.000000 -0.000000 -0.099016 0.000000 -0.000000 0.140278 -0.000000 0.000000 0.356582 12.000000 2000.000000 0.395768
1 1 14.000000 0.000000 -0.000000 -0.296461 0.000000 0.000000 -0.411089 0.000000 0.000000 0.236376 25.000000 2500.000000 0.559246
1 3 20.000000 -0.000000 0.000000 -0.615029 -0.000000 -0.000000 -0.287010 -0.000000 0.000000 0.734397 0.000000 3500.000000 0.999988
1 0 20.000000 -0.000000 0.000000 0.140921 0.000000 0.000000 -0.316909 -0.000000 0.000000 -0.190708 0.000000 3500.000000 0.395803
1 1 16.000000 -0.293413 0.123905 -0.074733 -0.121943 -0.298134 -0.031059 -0.057226 0.000000 0.449359 12.000000 2000.000000 0.559204
1 0 10.000000 -0.000000 -0.000000 -0.149294 0.000000 -0.000000 0.320195 -0.000000 0.000000 0.178254 0.000000 800.000000 0.395712
1 1 12.000000 0.242606 -0.457985 0.000000 0.346214 0.320929 0.000000 -0.366093 0.000000 0.000000 0.000000 1500.000000 0.559237
1 3 16.000000 0.000000 -0.000000 -0.530054 0.000000 0.000000 -0.735002 0.000000 0.000000 0.422627 12.000000 2000.000000 0.999900
1 3 12.000000 -0.000000 0.000000 -0.163670 -0.000000 -0.000000 -0.068022 -0.000000 0.000000 0.984124 30.000000 1700.000000 0.999958
1 0 18.000000 0.000000 -0.000000 0.242538 0.000000 0.000000 0.143492 -0.000000 0.000000 0.277903 8.000000 2800.000000 0.395783
1 0 12.000000 0.197835 0.304737 -0.000000 0.238708 -0.252559 -0.000000 -0.246030 0.000000 -0.000000 0.000000 1700.000000 0.395791
1 1 16.000000 -0.000000 -0.000000 -0.139906 0.000000 -0.000000 0.198207 -0.000000 0.000000 0.503835 12.000000 2000.000000 0.559204
1 3 16.000000 -0.524646 0.221552 -0.133628 -0.218044 -0.533086 -0.055536 -0.102325 0.000000 0.803488 0.000000 2000.000000 0.999900
1 3 12.000000 0.000000 0.000000 0.510336 -0.000000 0.000000 -0.638839 -0.000000 0.000000 0.575636 0.000000 1700.000000 0.999958
1 3 9.000000 0.816125 0.000000 0.000000 0.000000 0.816125 0.000000 0.000000 0.000000 0.577088 0.000000 2000.000000 0.999545
1 0 9.000000 0.246808 0.308823 0.000000 -0.308227 0.247285 -0.000000 -0.024569 0.000000 0.000000 35.000000 3000.000000 0.395628
1 0 12.000000 -0.023425 0.031566 -0.000000 -0.001874 -0.394530 -0.000000 -0.395093 0.000000 0.000000 0.000000 1700.000000 0.395791
1 0 12.000000 -0.303957 0.102515 -0.027700 -0.101674 -0.306471 -0.009266 -0.041307 0.000000 0.226636 0.000000 1700.000000 0.395791
1 3 12.000000 0.348888 -0.293966 0.500332 0.206411 0.496879 0.296009 -0.411068 0.000000 0.573286 0.000000 1700.000000 0.999958
1 3 16.000000 0.000000 0.000000 0.398507 -0.000000 0.000000 -0.347767 -0.000000 0.000000 0.848557 12.000000 2000.000000 0.999900
1 3 15.000000 -0.000000 0.000000 0.274342 0.000000 0.000000 -0.523652 -0.000000 0.000000 -0.806399 0.000000 2500.000000 0.999877
1 0 15.000000 -0.000000 0.000000 0.090876 -0.000000 -0.000000 0.265954 0.000000 0.000000 0.278632 18.000000 2000.000000 0.395759
1 3 15.000000 0.000000 -0.000000 -0.513153 0.000000 0.000000 -0.315040 0.000000 0.000000 0.798235 0.000000 1200.000000 0.999877
1 0 12.000000 -0.007794 0.378553 -0.000000 -0.025537 -0.115534 -0.000000 -0.394890 0.000000 0.000000 0.000000 1700.000000 0.395791
1 0 13.000000 -0.077532 -0.172294 0.181667 0.089030 -0.150042 -0.208609 0.195602 0.000000 0.166958 15.000000 3000.000000 0.395718
1 0 20.000000 -0.039866 -0.316617 0.036084 0.194919 -0.064757 -0.176427 0.254671 0.000000 0.140682 0.000000 3500.000000 0.395803
1 3 16.000000 0.250439 -0.472772 0.306704 0.357392 0.331291 0.437685 -0.377912 0.000000 0.617169 12.000000 2000.000000 0.999900
1 0 15.000000 -0.052015 0.216218 0.074200 -0.152227 -0.073881 0.217151 0.162265 0.000000 0.227502 18.000000 2000.000000 0.395759
1 0 12.000000 0.307074 -0.097496 0.017807 0.097170 0.308104 0.005635 -0.026413 0.000000 0.227746 30.000000 1700.000000 0.395791
1 0 9.000000 0.000000 -0.000000 -0.072685 0.000000 0.000000 -0.348260 0.000000 0.000000 0.173071 35.000000 1500.000000 0.395628
1 3 9.000000 0.000000 0.000000 0.933812 -0.000000 0.000000 -0.173728 -0.000000 0.000000 0.311296 0.000000 2000.000000 0.999545
1 0 9.000000 -0.372116 0.125503 -0.000000 -0.124473 -0.375194 -0.000000 -0.050570 0.000000 0.000000 12.000000 1500.000000 0.395628
1 1 14.000000 0.000000 -0.456623 0.000000 0.456623 0.000000 0.000000 0.000000 0.000000 0.322881 25.000000 2500.000000 0.559246
1 3 16.000000 0.816415 0.000000 0.000000 0.000000 0.816415 0.000000 0.000000 0.000000 0.577292 0.000000 2000.000000 0.999900
1 0 15.000000 -0.214913 0.072483 -0.039171 -0.071889 -0.216690 -0.013103 -0.029206 0.000000 0.320485 18.000000 2000.000000 0.395759
1 1 14.000000 0.456623 0.000000 0.000000 0.000000 0.456623 0.000000 0.000000 0.000000 0.322881 25.000000 2500.000000 0.559246
1 0 15.000000 0.000000 0.000000 0.000000 0.000000 0.000000 0.000000 0.000000 0.000000 0.000000 0.000000 1200.000000 0.000000
1 0 14.000000 -0.000000 -0.000000 -0.099024 0.000000 -0.000000 0.140289 -0.000000 0.000000 0.356608 25.000000 2500.000000 0.395798
1 0 15.000000 0.035372 -0.387411 -0.000000 0.169477 0.080857 -0.000000 0.355882 0.000000 0.000000 0.000000 2000.000000 0.395759
1 0 18.000000 -0.000000 -0.000000 0.220773 -0.000000 0.000000 0.321390 -0.000000 0.000000 -0.067912 8.000000 2800.000000 0.395783
1 0 20.000000 -0.000000 0.000000 -0.159957 -0.000000 -0.000000 -0.361766 -0.000000 0.000000 0.014125 0.000000 3500.000000 0.395803
1 3 15.000000 0.000000 0.000000 0.131768 -0.000000 0.000000 -0.991153 -0.000000 0.000000 0.002636 0.000000 2500.000000 0.999877
1 0 10.000000 -0.000000 0.000000 -0.115248 -0.000000 -0.000000 -0.377616 -0.000000 0.000000 0.026695 0.000000 800.000000 0.395712
1 0 20.000000 0.000000 -0.000000 0.032678 0.000000 0.000000 0.138787 -0.000000 0.000000 0.369230 0.000000 3500.000000 0.395803
1 3 15.000000 -0.131416 0.546269 0.187464 -0.384597 -0.186658 0.548626 0.409959 0.000000 0.574778 18.000000 2000.000000 0.999877
1 0 9.000000 0.000000 0.000000 0.000000 0.000000 0.000000 0.000000 0.000000 0.000000 0.000000 0.000000 2000.000000 0.000000
1 0 16.000000 -0.207659 0.087692 -0.052891 -0.086304 -0.211000 -0.021982 -0.040501 0.000000 0.318027 12.000000 2000.000000 0.395768
1 0 15.000000 0.000000 -0.000000 -0.362583 -0.000000 -0.000000 0.153371 -0.000000 0.000000 -0.040450 0.000000 2500.000000 0.395759
1 3 15.000000 -0.000000 0.000000 -0.121206 -0.000000 -0.000000 -0.040543 -0.000000 0.000000 0.991675 18.000000 2000.000000 0.999877
1 0 14.000000 0.000000 0.000000 0.157744 -0.000000 0.000000 -0.137659 -0.000000 0.000000 0.335891 25.000000 2500.000000 0.395798
1 0 12.000000 -0.038453 -0.326235 0.000000 -0.055978 0.224101 0.000000 -0.389921 0.000000 -0.000000 0.000000 1700.000000 0.395791
1 3 20.000000 0.000000 0.000000 -0.263277 0.000000 -0.000000 -0.292142 -0.000000 0.000000 -0.919409 0.000000 3500.000000 0.999988
1 0 9.000000 -0.000000 0.000000 -0.047958 -0.000000 -0.000000 -0.016042 -0.000000 0.000000 0.392383 35.000000 3000.000000 0.395628
1 3 18.000000 -0.000000 -0.000000 0.557778 -0.000000 0.000000 0.811986 -0.000000 0.000000 -0.171578 8.000000 2800.000000 0.999938
1 1 16.000000 0.000000 0.000000 0.222869 -0.000000 0.000000 -0.194492 -0.000000 0.000000 0.474565 12.000000 2000.000000 0.559204
1 0 15.000000 0.000000 0.000000 0.015362 -0.000000 0.000000 -0.019184 -0.000000 0.000000 0.394996 0.000000 2000.000000 0.395759
1 0 10.000000 -0.000000 0.000000 0.334869 0.000000 0.000000 -0.172899 -0.000000 0.000000 -0.120652 0.000000 800.000000 0.395712
1 0 18.000000 0.000000 0.000000 0.162924 -0.000000 0.000000 -0.069744 -0.000000 0.000000 0.353887 0.000000 3500.000000 0.395783
1 3 20.000000 0.775838 -0.246329 0.044989 0.245504 0.778442 0.014236 -0.066734 0.000000 0.575411 0.000000 3500.000000 0.999988
1 0 9.000000 -0.000000 0.000000 -0.080935 -0.000000 -0.000000 -0.271878 -0.000000 0.000000 0.275778 0.000000 2000.000000 0.395628
0 0 6.000000 0.000000 0.000000 0.000000 0.000000 0.000000 0.000000 0.000000 0.000000 0.000000 4.000000 3000.000000 0.000000
1 3 15.000000 0.000000 0.000000 0.737815 -0.000000 0.000000 -0.470060 -0.000000 0.000000 0.484177 0.000000 2500.000000 0.999877
1 3 20.000000 -0.000000 0.000000 0.941733 0.000000 0.000000 -0.335903 -0.000000 0.000000 -0.016801 0.000000 3500.000000 0.999988
1 3 12.000000 -0.000000 -0.000000 0.557789 -0.000000 0.000000 0.812002 -0.000000 0.000000 -0.171581 0.000000 1700.000000 0.999958
1 0 13.000000 -0.000000 0.000000 0.147650 -0.000000 -0.000000 0.095438 0.000000 0.000000 0.354519 15.000000 3000.000000 0.395718
1 0 12.000000 -0.013525 0.018225 -0.321564 -0.001082 -0.227782 -0.025728 -0.228107 0.000000 0.019188 0.000000 1700.000000 0.395791
1 3 18.000000 0.000000 0.000000 0.411624 -0.000000 0.000000 -0.176205 -0.000000 0.000000 0.894088 0.000000 3500.000000 0.999938
1 1 15.000000 0.433847 -0.137747 0.025158 0.137286 0.435304 0.007961 -0.037318 0.000000 0.321769 0.000000 2500.000000 0.559192
1 3 15.000000 -0.227619 0.946166 0.000000 -0.666142 -0.323302 0.000000 0.710070 0.000000 0.000000 0.000000 2000.000000 0.999877
1 1 12.000000 -0.508236 0.214623 -0.000000 -0.211224 -0.516413 -0.000000 -0.099125 0.000000 0.000000 0.000000 1500.000000 0.559237
1 0 16.000000 -0.118720 -0.186677 -0.080846 0.168193 -0.131767 0.114537 -0.099133 0.000000 0.291148 12.000000 2000.000000 0.395768
1 1 15.000000 -0.000000 0.000000 0.153429 0.000000 0.000000 -0.292858 -0.000000 0.000000 -0.450987 0.000000 2500.000000 0.559192
1 3 9.000000 0.089336 -0.978462 -0.000000 0.428037 0.204215 -0.000000 0.898829 0.000000 0.000000 12.000000 3000.000000 0.999545
1 3 16.000000 0.000000 -0.000000 0.375634 0.000000 0.000000 0.536053 -0.000000 0.000000 0.755875 0.000000 2000.000000 0.999900
1 3 16.000000 0.000000 -0.816415 0.000000 0.816415 0.000000 0.000000 0.000000 0.000000 0.577292 12.000000 2000.000000 0.999900
1 0 20.000000 0.000000 0.000000 0.142893 -0.000000 0.000000 -0.246688 -0.000000 0.000000 0.274566 0.000000 3500.000000 0.395803
1 3 9.000000 0.623555 0.780234 0.000000 -0.778728 0.624761 -0.000000 -0.062072 0.000000 0.000000 12.000000 1500.000000 0.999545
1 0 9.000000 0.246808 0.308823 0.000000 -0.308227 0.247285 -0.000000 -0.024569 0.000000 0.000000 12.000000 3000.000000 0.395628
1 0 9.000000 0.000000 -0.000000 -0.072685 0.000000 0.000000 -0.348260 0.000000 0.000000 0.173071 12.000000 3000.000000 0.395628
1 3 9.000000 -0.000000 0.000000 -0.204480 -0.000000 -0.000000 -0.686893 -0.000000 0.000000 0.696748 0.000000 2000.000000 0.999545
1 3 18.000000 0.000000 0.000000 -0.396634 0.000000 -0.000000 -0.478579 -0.000000 0.000000 -0.783275 8.000000 2800.000000 0.999938
1 1 16.000000 0.206436 0.212282 0.181972 -0.180152 0.243255 -0.158802 -0.170781 0.000000 0.387480 0.000000 2000.000000 0.559204
1 0 15.000000 -0.000000 0.000000 0.108587 0.000000 0.000000 -0.207265 -0.000000 0.000000 -0.319179 0.000000 2500.000000 0.395759
1 0 14.000000 -0.000000 0.000000 -0.064783 -0.000000 -0.000000 -0.026924 -0.000000 0.000000 0.389531 25.000000 2500.000000 0.395798
1 0 12.000000 0.000000 -0.000000 -0.209812 0.000000 0.000000 -0.290937 0.000000 0.000000 0.167289 30.000000 1700.000000 0.395791
1 1 12.000000 -0.290563 -0.456884 -0.000000 0.411646 -0.322495 0.000000 -0.242624 0.000000 0.000000 0.000000 1500.000000 0.559237
1 0 18.000000 -0.092576 -0.301280 -0.050446 0.238641 -0.116875 0.130039 -0.197255 0.000000 0.180997 8.000000 2800.000000 0.395783
1 0 15.000000 -0.000000 -0.000000 0.000324 0.000000 -0.000000 -0.025065 0.000000 0.000000 0.394965 0.000000 1200.000000 0.395759
1 1 16.000000 0.079820 -0.261865 -0.242041 0.110683 0.188847 -0.335627 0.292600 0.000000 0.192986 12.000000 2000.000000 0.559204
1 0 9.000000 -0.090063 0.374376 0.000000 -0.263577 -0.127923 0.000000 0.280958 0.000000 0.000000 35.000000 3000.000000 0.395628
1 0 15.000000 0.246890 0.308925 0.000000 -0.308329 0.247367 -0.000000 -0.024577 0.000000 0.000000 18.000000 2000.000000 0.395759
1 0 10.000000 0.000000 0.000000 0.000000 0.000000 0.000000 0.000000 0.000000 0.000000 0.000000 0.000000 800.000000 0.000000
1 0 14.000000 0.323168 0.000000 0.000000 0.000000 0.323168 0.000000 0.000000 0.000000 0.228514 25.000000 2500.000000 0.395798
1 3 12.000000 -0.233896 -0.761193 -0.127453 0.602934 -0.295289 0.328546 -0.498371 0.000000 0.457295 30.000000 1700.000000 0.999958
1 3 18.000000 0.746906 -0.658977 -0.000000 0.654443 0.752081 -0.000000 0.117097 0.000000 0.000000 0.000000 3500.000000 0.999938
1 0 9.000000 0.000000 0.000000 0.015357 -0.000000 0.000000 -0.019178 -0.000000 0.000000 0.394864 12.000000 1500.000000 0.395628
1 0 12.000000 0.201601 0.252257 0.008870 -0.251770 0.201991 -0.011077 -0.020068 0.000000 0.228069 0.000000 1700.000000 0.395791
1 3 9.000000 -0.000000 0.000000 -0.121166 -0.000000 -0.000000 -0.040530 -0.000000 0.000000 0.991346 12.000000 3000.000000 0.999545
1 3 13.000000 -0.007444 -0.577171 0.000668 0.576013 -0.007459 -0.051699 0.036560 0.000000 0.814673 15.000000 3000.000000 0.999774
1 3 12.000000 -0.097151 -0.824226 0.000000 -0.141428 0.566186 0.000000 -0.985127 0.000000 -0.000000 0.000000 1700.000000 0.999958
1 3 15.000000 0.623762 0.780493 0.000000 -0.778987 0.624968 -0.000000 -0.062093 0.000000 0.000000 0.000000 2000.000000 0.999877
1 0 16.000000 0.000000 -0.000000 0.148679 0.000000 0.000000 0.212174 -0.000000 0.000000 0.299181 0.000000 2000.000000 0.395768
1 3 9.000000 -0.000000 0.000000 0.229519 -0.000000 -0.000000 0.671704 0.000000 0.000000 0.703723 12.000000 3000.000000 0.999545
1 0 15.000000 -0.092570 -0.301262 -0.050443 0.238627 -0.116868 0.130031 -0.197243 0.000000 0.180986 0.000000 2500.000000 0.395759
1 3 14.000000 -0.000000 -0.000000 -0.250181 0.000000 -0.000000 0.354436 -0.000000 0.000000 0.900963 25.000000 2500.000000 0.999975
1 0 18.000000 0.000000 0.000000 -0.045125 -0.000000 0.000000 0.155076 0.000000 0.000000 0.361330 0.000000 3500.000000 0.395783
1 3 12.000000 0.207431 0.451069 0.416688 -0.259663 0.360336 -0.521610 -0.472073 0.000000 0.470005 0.000000 1700.000000 0.999958
0 0 6.000000 0.000000 0.000000 0.000000 0.000000 0.000000 0.000000 0.000000 0.000000 0.000000 8.000000 3000.000000 0.000000
1 0 10.000000 -0.000000 0.000000 -0.150723 -0.000000 -0.000000 -0.057965 -0.000000 0.000000 0.361263 12.000000 800.000000 0.395712
1 3 15.000000 -0.131416 0.546269 0.187464 -0.384597 -0.186658 0.548626 0.409959 0.000000 0.574778 0.000000 2000.000000 0.999877
1 0 9.000000 -0.090063 0.374376 0.000000 -0.263577 -0.127923 0.000000 0.280958 0.000000 0.000000 35.000000 1500.000000 0.395628
1 3 12.000000 -0.000000 0.000000 -0.291229 -0.000000 -0.000000 -0.954228 -0.000000 0.000000 0.067458 0.000000 1700.000000 0.999958
1 0 9.000000 0.323029 0.000000 0.000000 0.000000 0.323029 0.000000 0.000000 0.000000 0.228416 35.000000 1500.000000 0.395628
1 3 9.000000 0.000000 -0.000000 -0.183638 0.000000 0.000000 -0.879870 0.000000 0.000000 0.437260 35.000000 3000.000000 0.999545
1 0 9.000000 -0.090063 0.374376 0.000000 -0.263577 -0.127923 0.000000 0.280958 0.000000 0.000000 12.000000 3000.000000 0.395628
1 3 15.000000 -0.000000 0.000000 -0.840165 -0.000000 -0.000000 -0.458456 -0.000000 0.000000 0.289300 0.000000 2500.000000 0.999877
1 3 12.000000 0.775815 -0.246321 0.044988 0.245497 0.778419 0.014236 -0.066732 0.000000 0.575394 30.000000 1700.000000 0.999958
1 3 12.000000 -0.233896 -0.761193 -0.127453 0.602934 -0.295289 0.328546 -0.498371 0.000000 0.457295 12.000000 1700.000000 0.999958
1 3 9.000000 -0.000000 0.000000 -0.121166 -0.000000 -0.000000 -0.040530 -0.000000 0.000000 0.991346 35.000000 3000.000000 0.999545
1 3 9.000000 0.816125 0.000000 0.000000 0.000000 0.816125 0.000000 0.000000 0.000000 0.577088 35.000000 3000.000000 0.999545
1 0 6.000000 0.210472 0.000000 0.000000 0.000000 0.210472 0.000000 0.000000 0.000000 0.148826 8.000000 2000.000000 0.257775
1 0 16.000000 0.146102 0.150239 0.128788 -0.127500 0.172160 -0.112390 -0.120867 0.000000 0.274233 12.000000 2000.000000 0.395768
1 0 16.000000 -0.207659 0.087692 -0.052891 -0.086304 -0.211000 -0.021982 -0.040501 0.000000 0.318027 0.000000 2000.000000 0.395768
1 3 14.000000 0.000000 -0.000000 0.375663 0.000000 0.000000 0.536093 -0.000000 0.000000 0.755931 25.000000 2500.000000 0.999975
1 3 20.000000 0.000000 0.000000 0.361016 -0.000000 0.000000 -0.623253 -0.000000 0.000000 0.693685 0.000000 3500.000000 0.999988
1 3 9.000000 -0.000000 0.000000 -0.121166 -0.000000 -0.000000 -0.040530 -0.000000 0.000000 0.991346 12.000000 1500.000000 0.999545
1 3 18.000000 -0.100717 -0.799887 0.091162 0.492433 -0.163600 -0.445718 0.643389 0.000000 0.355411 8.000000 2800.000000 0.999938
1 0 12.000000 -0.075342 -0.358715 -0.000000 0.161588 -0.167255 0.000000 -0.353360 0.000000 0.000000 0.000000 1700.000000 0.395791
1 3 9.000000 0.000000 0.000000 0.002767 -0.000000 0.000000 -0.008481 -0.000000 0.000000 0.999506 0.000000 2000.000000 0.999545
1 3 15.000000 0.089365 -0.978787 -0.000000 0.428179 0.204283 -0.000000 0.899128 0.000000 0.000000 18.000000 2000.000000 0.999877
1 0 12.000000 -0.092578 -0.301286 -0.050447 0.238646 -0.116878 0.130041 -0.197259 0.000000 0.181001 30.000000 1700.000000 0.395791
1 0 16.000000 0.000000 -0.323143 0.000000 0.323143 0.000000 0.000000 0.000000 0.000000 0.228497 12.000000 2000.000000 0.395768
1 0 16.000000 0.323143 0.000000 0.000000 0.000000 0.323143 0.000000 0.000000 0.000000 0.228497 0.000000 2000.000000 0.395768
1 3 15.000000 -0.542972 0.183127 -0.098964 -0.181625 -0.547463 -0.033104 -0.073789 0.000000 0.809700 18.000000 2000.000000 0.999877
1 3 9.000000 -0.227543 0.945852 0.000000 -0.665921 -0.323195 0.000000 0.709834 0.000000 0.000000 12.000000 3000.000000 0.999545
1 0 15.000000 -0.000000 -0.000000 -0.020002 0.000000 -0.000000 0.359397 -0.000000 0.000000 0.164498 0.000000 2500.000000 0.395759
1 0 18.000000 -0.000000 -0.000000 0.150750 -0.000000 0.000000 0.057975 -0.000000 0.000000 -0.361328 8.000000 2800.000000 0.395783
1 0 10.000000 -0.000000 -0.000000 0.150723 -0.000000 0.000000 0.057965 -0.000000 0.000000 -0.361263 0.000000 800.000000 0.395712
1 0 13.000000 0.323103 0.000000 0.000000 0.000000 0.323103 0.000000 0.000000 0.000000 0.228468 15.000000 3000.000000 0.395718
1 0 13.000000 -0.002946 -0.228449 0.000264 0.227990 -0.002952 -0.020463 0.014471 0.000000 0.322454 15.000000 3000.000000 0.395718
1 3 15.000000 0.775752 -0.246301 0.044984 0.245477 0.778356 0.014235 -0.066727 0.000000 0.575348 0.000000 2500.000000 0.999877
1 3 12.000000 -0.100719 -0.799903 0.091164 0.492443 -0.163603 -0.445727 0.643402 0.000000 0.355418 12.000000 1700.000000 0.999958
1 3 12.000000 -0.100719 -0.799903 0.091164 0.492443 -0.163603 -0.445727 0.643402 0.000000 0.355418 30.000000 1700.000000 0.999958
1 0 9.000000 -0.000000 0.000000 0.090845 -0.000000 -0.000000 0.265866 0.000000 0.000000 0.278539 12.000000 1500.000000 0.395628
1 3 12.000000 0.509340 0.637321 0.022409 -0.636091 0.510325 -0.027986 -0.050703 0.000000 0.576212 0.000000 1700.000000 0.999958
1 3 14.000000 0.000000 -0.816476 0.000000 0.816476 0.000000 0.000000 0.000000 0.000000 0.577336 25.000000 2500.000000 0.999975
1 0 6.000000 0.000000 0.000000 0.000000 0.000000 0.000000 0.000000 0.000000 0.000000 0.000000 30.000000 2000.000000 0.000000
1 3 15.000000 0.816396 0.000000 0.000000 0.000000 0.816396 0.000000 0.000000 0.000000 0.577279 0.000000 1200.000000 0.999877
1 3 15.000000 0.000000 -0.816396 0.000000 0.816396 0.000000 0.000000 0.000000 0.000000 0.577279 18.000000 2000.000000 0.999877
1 1 16.000000 0.000000 -0.456588 0.000000 0.456588 0.000000 0.000000 0.000000 0.000000 0.322857 0.000000 2000.000000 0.559204
1 3 16.000000 -0.000000 0.000000 -0.163661 -0.000000 -0.000000 -0.068018 -0.000000 0.000000 0.984067 12.000000 2000.000000 0.999900
1 3 18.000000 -0.181603 0.564869 -0.000000 -0.124326 -0.825106 -0.000000 -0.975418 0.000000 0.000000 0.000000 3500.000000 0.999938
1 0 9.000000 0.000000 0.000000 -0.136572 -0.000000 0.000000 0.013866 0.000000 0.000000 0.371049 0.000000 2000.000000 0.395628
1 3 18.000000 0.821945 0.393509 0.000000 -0.351853 0.919254 -0.000000 -0.447753 0.000000 0.000000 0.000000 3500.000000 0.999938
1 0 12.000000 0.307074 -0.097496 0.017807 0.097170 0.308104 0.005635 -0.026413 0.000000 0.227746 12.000000 1700.000000 0.395791
1 0 12.000000 0.239184 -0.201532 0.000000 0.141507 0.340640 0.000000 -0.281811 0.000000 0.000000 0.000000 1700.000000 0.395791
1 3 13.000000 -0.128327 -0.527206 -0.278453 0.287865 -0.235024 0.624628 -0.483579 0.000000 0.445722 15.000000 3000.000000 0.999774
1 3 12.000000 -0.000000 -0.000000 -0.250177 0.000000 -0.000000 0.354430 -0.000000 0.000000 0.900948 30.000000 1700.000000 0.999958
1 0 12.000000 0.000000 0.000000 0.000000 0.000000 0.000000 0.000000 0.000000 0.000000 0.000000 30.000000 1700.000000 0.000000
1 0 20.000000 -0.000000 0.000000 0.372746 0.000000 0.000000 -0.132953 -0.000000 0.000000 -0.006650 0.000000 3500.000000 0.395803
1 3 9.000000 0.000000 -0.000000 -0.183638 0.000000 0.000000 -0.879870 0.000000 0.000000 0.437260 35.000000 1500.000000 0.999545
1 0 12.000000 0.000000 -0.000000 -0.209812 0.000000 0.000000 -0.290937 0.000000 0.000000 0.167289 12.000000 1700.000000 0.395791
1 3 15.000000 0.051595 -0.565103 -0.149990 0.247209 0.117943 -0.718650 0.519112 0.000000 0.357140 18.000000 2000.000000 0.999877
1 1 15.000000 0.000000 -0.000000 -0.512315 -0.000000 -0.000000 0.216707 -0.000000 0.000000 -0.057153 0.000000 2500.000000 0.559192
1 0 16.000000 0.056491 -0.185331 -0.171301 0.078334 0.133653 -0.237535 0.207083 0.000000 0.136583 0.000000 2000.000000 0.395768
1 0 12.000000 -0.043499 -0.207104 -0.121923 0.093293 -0.096564 0.261490 -0.204013 0.000000 0.145573 0.000000 1700.000000 0.395791
1 0 13.000000 -0.171898 0.124024 0.120556 -0.111111 -0.191875 0.077925 0.101504 0.000000 0.289464 15.000000 3000.000000 0.395718
1 0 16.000000 0.000000 -0.000000 -0.209800 0.000000 0.000000 -0.290920 0.000000 0.000000 0.167279 12.000000 2000.000000 0.395768
1 0 18.000000 0.000000 0.000000 -0.156991 0.000000 -0.000000 -0.189425 -0.000000 0.000000 -0.310026 8.000000 2800.000000 0.395783
1 3 9.000000 0.089336 -0.978462 -0.000000 0.428037 0.204215 -0.000000 0.898829 0.000000 0.000000 35.000000 1500.000000 0.999545
1 0 9.000000 -0.000000 0.000000 0.090845 -0.000000 -0.000000 0.265866 0.000000 0.000000 0.278539 12.000000 3000.000000 0.395628
1 3 13.000000 -0.000000 -0.000000 0.000818 0.000000 -0.000000 -0.063318 0.000000 0.000000 0.997766 15.000000 3000.000000 0.999774
1 1 15.000000 -0.000000 -0.000000 0.261620 -0.000000 0.000000 0.236417 -0.000000 0.000000 -0.434002 0.000000 2500.000000 0.559192
1 3 9.000000 0.089336 -0.978462 -0.000000 0.428037 0.204215 -0.000000 0.898829 0.000000 0.000000 35.000000 3000.000000 0.999545
1 0 20.000000 -0.000000 -0.000000 0.076890 -0.000000 0.000000 0.388176 -0.000000 0.000000 -0.008213 0.000000 3500.000000 0.395803
1 0 15.000000 -0.000000 0.000000 0.368463 0.000000 0.000000 -0.087139 -0.000000 0.000000 -0.115184 0.000000 2500.000000 0.395759
1 0 9.000000 -0.000000 0.000000 -0.047958 -0.000000 -0.000000 -0.016042 -0.000000 0.000000 0.392383 12.000000 1500.000000 0.395628
1 3 9.000000 0.000000 0.000000 0.038798 -0.000000 0.000000 -0.048453 -0.000000 0.000000 0.997616 35.000000 1500.000000 0.999545
1 3 13.000000 -0.518302 -0.253480 -0.024223 0.253342 -0.518585 0.011840 -0.019065 0.000000 0.815866 15.000000 3000.000000 0.999774
1 3 15.000000 -0.000000 0.000000 -0.127746 -0.000000 -0.000000 -0.573395 -0.000000 0.000000 0.809107 0.000000 2500.000000 0.999877
1 3 15.000000 0.000000 -0.000000 -0.183699 0.000000 0.000000 -0.880162 0.000000 0.000000 0.437406 0.000000 2000.000000 0.999877
1 3 15.000000 -0.000000 -0.000000 -0.050535 0.000000 -0.000000 0.908008 -0.000000 0.000000 0.415599 0.000000 2500.000000 0.999877
1 0 16.000000 -0.000000 0.000000 -0.064778 -0.000000 -0.000000 -0.026922 -0.000000 0.000000 0.389502 12.000000 2000.000000 0.395768
1 3 15.000000 -0.012895 -0.999794 0.000000 0.997786 -0.012921 -0.000000 0.063330 0.000000 0.000000 0.000000 1200.000000 0.999877
1 3 12.000000 0.288575 0.444509 -0.323857 0.348194 -0.368398 -0.390766 -0.358874 0.000000 -0.639554 0.000000 1700.000000 0.999958
1 0 9.000000 0.000000 -0.000000 -0.029144 0.000000 0.000000 -0.025225 0.000000 0.000000 0.393746 0.000000 2000.000000 0.395628
1 0 15.000000 0.269254 -0.207061 -0.000000 0.165303 0.337270 -0.000000 0.238333 0.000000 0.000000 0.000000 1200.000000 0.395759
1 3 12.000000 -0.852066 0.358935 -0.000000 -0.327687 -0.933318 -0.000000 -0.408070 0.000000 0.000000 0.000000 1700.000000 0.999958
1 1 16.000000 0.079820 -0.261865 -0.242041 0.110683 0.188847 -0.335627 0.292600 0.000000 0.192986 0.000000 2000.000000 0.559204
1 3 12.000000 -0.000000 -0.000000 -0.250177 0.000000 -0.000000 0.354430 -0.000000 0.000000 0.900948 12.000000 1700.000000 0.999958
1 3 18.000000 0.000000 -0.000000 0.612767 0.000000 0.000000 0.362528 -0.000000 0.000000 0.702116 8.000000 2800.000000 0.999938
1 3 10.000000 -0.100699 -0.799743 0.091146 0.492345 -0.163571 -0.445638 0.643274 0.000000 0.355348 12.000000 2600.000000 0.999759
1 3 18.000000 -0.000000 -0.000000 -0.377257 0.000000 -0.000000 0.809112 -0.000000 0.000000 0.450436 8.000000 2800.000000 0.999938
1 0 18.000000 0.295631 -0.260828 -0.000000 0.259034 0.297680 -0.000000 0.046348 0.000000 0.000000 0.000000 3500.000000 0.395783
1 0 15.000000 -0.087985 -0.361469 -0.000000 0.197369 -0.161139 0.000000 -0.331556 0.000000 0.000000 0.000000 1200.000000 0.395759
1 3 16.000000 0.369124 0.379576 0.325380 -0.322125 0.434958 -0.283951 -0.305369 0.000000 0.692844 0.000000 2000.000000 0.999900
1 0 12.000000 -0.000000 0.000000 -0.115271 -0.000000 -0.000000 -0.377691 -0.000000 0.000000 0.026700 0.000000 1700.000000 0.395791
1 0 20.000000 -0.000000 -0.000000 0.243433 -0.000000 0.000000 0.113601 -0.000000 0.000000 -0.290680 0.000000 3500.000000 0.395803
1 3 16.000000 0.000000 -0.816415 0.000000 0.816415 0.000000 0.000000 0.000000 0.000000 0.577292 0.000000 2000.000000 0.999900
1 0 13.000000 -0.050793 -0.208672 -0.110214 0.113939 -0.093024 0.247233 -0.191404 0.000000 0.176420 15.000000 3000.000000 0.395718
1 0 12.000000 -0.000000 0.000000 -0.393834 -0.000000 -0.000000 -0.031511 -0.000000 0.000000 0.023500 0.000000 1700.000000 0.395791
1 3 12.000000 0.000000 -0.000000 0.375656 0.000000 0.000000 0.536084 -0.000000 0.000000 0.755918 12.000000 1700.000000 0.999958
1 3 15.000000 0.000000 -0.000000 0.782283 0.000000 0.000000 0.614708 -0.000000 0.000000 0.099609 0.000000 2500.000000 0.999877
1 0 9.000000 0.323029 0.000000 0.000000 0.000000 0.323029 0.000000 0.000000 0.000000 0.228416 12.000000 1500.000000 0.395628
1 0 15.000000 0.000000 -0.000000 -0.203110 0.000000 0.000000 -0.124695 0.000000 0.000000 0.315948 0.000000 1200.000000 0.395759
1 0 12.000000 -0.039865 -0.316608 0.036083 0.194913 -0.064755 -0.176422 0.254664 0.000000 0.140677 30.000000 1700.000000 0.395791
1 0 12.000000 0.082103 -0.178537 -0.164928 -0.102777 -0.142624 0.206457 -0.186850 0.000000 -0.186032 0.000000 1700.000000 0.395791
1 0 13.000000 -0.205148 -0.100330 -0.009588 0.100275 -0.205260 0.004686 -0.007546 0.000000 0.322926 15.000000 3000.000000 0.395718
1 3 9.000000 0.000000 0.000000 0.038798 -0.000000 0.000000 -0.048453 -0.000000 0.000000 0.997616 12.000000 3000.000000 0.999545
1 0 9.000000 0.000000 0.000000 0.000000 0.000000 0.000000 0.000000 0.000000 0.000000 0.000000 35.000000 1500.000000 0.000000
1 3 12.000000 -0.019691 0.956407 -0.000000 -0.064520 -0.291894 -0.000000 -0.997680 0.000000 0.000000 0.000000 1700.000000 0.999958
1 0 15.000000 0.142542 0.178358 0.012543 -0.178014 0.142818 -0.015664 -0.014189 0.000000 0.322512 0.000000 2000.000000 0.395759
1 0 12.000000 -0.337254 0.142069 -0.000000 -0.129701 -0.369415 -0.000000 -0.161517 0.000000 0.000000 0.000000 1700.000000 0.395791
1 3 9.000000 0.816125 0.000000 0.000000 0.000000 0.816125 0.000000 0.000000 0.000000 0.577088 12.000000 1500.000000 0.999545
1 0 10.000000 -0.000000 0.000000 -0.115248 -0.000000 -0.000000 -0.377616 -0.000000 0.000000 0.026695 12.000000 800.000000 0.395712
1 1 16.000000 0.140061 -0.264402 0.171527 0.199875 0.185278 0.244780 -0.211351 0.000000 0.345158 0.000000 2000.000000 0.559204
1 3 16.000000 0.000000 -0.000000 -0.530054 0.000000 0.000000 -0.735002 0.000000 0.000000 0.422627 0.000000 2000.000000 0.999900
1 3 9.000000 -0.000000 0.000000 0.229519 -0.000000 -0.000000 0.671704 0.000000 0.000000 0.703723 35.000000 1500.000000 0.999545
1 3 12.000000 -0.000000 0.000000 -0.995014 -0.000000 -0.000000 -0.079611 -0.000000 0.000000 0.059373 0.000000 1700.000000 0.999958
1 0 9.000000 -0.000000 0.000000 -0.047958 -0.000000 -0.000000 -0.016042 -0.000000 0.000000 0.392383 35.000000 1500.000000 0.395628
1 3 13.000000 0.392710 -0.302001 -0.418944 0.241097 0.491913 -0.257203 0.347611 0.000000 0.651688 15.000000 3000.000000 0.999774
1 0 6.000000 0.210472 0.000000 0.000000 0.000000 0.210472 0.000000 0.000000 0.000000 0.148826 0.000000 3500.000000 0.257775
1 3 15.000000 -0.000000 0.000000 0.373074 -0.000000 -0.000000 0.241147 0.000000 0.000000 0.895778 0.000000 1200.000000 0.999877
1 0 18.000000 0.000000 0.000000 0.201991 -0.000000 0.000000 -0.252853 -0.000000 0.000000 0.227837 8.000000 2800.000000 0.395783
1 0 12.000000 0.000000 -0.000000 0.148688 0.000000 0.000000 0.212186 -0.000000 0.000000 0.299198 12.000000 1700.000000 0.395791
##END
