##LIST_SIZE=312
##LISTDATA
0 0 6.000000 0.000000 0.000000 0.000000 0.000000 0.000000 0.000000 0.000000 0.000000 0.000000 0.000000 3000.000000 0.000000
1 0 18.000000 0.000000 0.000000 0.290079 -0.000000 0.000000 -0.116751 -0.000000 0.000000 0.242627 0.000000 3000.000000 0.395783
1 3 12.000000 0.000000 -0.000000 -0.513194 0.000000 0.000000 -0.315066 0.000000 0.000000 0.798299 0.000000 2000.000000 0.999958
1 3 12.000000 -0.339341 -0.754094 0.000000 0.389667 -0.656702 -0.000000 0.856110 0.000000 0.000000 0.000000 2000.000000 0.999958
1 0 6.000000 0.210472 0.000000 0.000000 0.000000 0.210472 0.000000 0.000000 0.000000 0.148826 24.000000 3500.000000 0.257775
1 0 15.000000 0.344074 -0.162035 -0.000000 -0.154408 -0.361068 0.000000 -0.119987 0.000000 -0.000000 0.000000 2500.000000 0.395759
1 0 12.000000 0.000000 -0.000000 -0.203126 0.000000 0.000000 -0.124706 0.000000 0.000000 0.315973 0.000000 1000.000000 0.395791
1 0 9.000000 0.035360 -0.387283 -0.000000 0.169420 0.080830 -0.000000 0.355764 0.000000 0.000000 12.000000 1500.000000 0.395628
1 0 12.000000 0.000000 0.000000 0.000000 0.000000 0.000000 0.000000 0.000000 0.000000 0.000000 0.000000 2000.000000 0.000000
1 3 12.000000 -0.000000 -0.000000 -0.341097 0.000000 -0.000000 0.765151 -0.000000 0.000000 0.545997 0.000000 2000.000000 0.999958
1 3 15.000000 -0.338636 -0.230090 0.575562 -0.147168 0.529443 0.250133 -0.443755 0.000000 -0.522174 0.000000 2500.000000 0.999877
1 0 9.000000 0.000000 0.000000 0.000000 0.000000 0.000000 0.000000 0.000000 0.000000 0.000000 12.000000 1500.000000 0.000000
1 3 18.000000 0.816446 0.000000 0.000000 0.000000 0.816446 0.000000 0.000000 0.000000 0.577315 0.000000 3000.000000 0.999938
1 0 6.000000 0.210472 0.000000 0.000000 0.000000 0.210472 0.000000 0.000000 0.000000 0.148826 0.000000 800.000000 0.257775
1 0 15.000000 0.201585 0.252237 0.008869 -0.251750 0.201975 -0.011076 -0.020067 0.000000 0.228051 0.000000 2500.000000 0.395759
1 3 12.000000 -0.897891 -0.439122 -0.000000 0.438882 -0.898381 0.000000 -0.033028 0.000000 0.000000 0.000000 2000.000000 0.999958
1 0 12.000000 0.000000 0.000000 0.000000 0.000000 0.000000 0.000000 0.000000 0.000000 0.000000 16.000000 2000.000000 0.000000
1 0 6.000000 0.000000 0.000000 0.000000 0.000000 0.000000 0.000000 0.000000 0.000000 0.000000 8.000000 800.000000 0.000000
1 0 15.000000 -0.000000 -0.000000 0.279011 -0.000000 0.000000 0.121255 -0.000000 0.000000 -0.253131 0.000000 2500.000000 0.395759
1 0 12.000000 0.028883 -0.316346 -0.041982 0.138388 0.066025 -0.201151 0.290600 0.000000 0.099964 16.000000 2000.000000 0.395791
1 0 12.000000 0.323162 0.000000 0.000000 0.000000 0.323162 0.000000 0.000000 0.000000 0.228510 0.000000 3500.000000 0.395791
1 0 15.000000 0.198651 -0.093551 -0.089381 -0.089148 -0.208463 0.040111 -0.069275 0.000000 -0.307927 0.000000 2500.000000 0.395759
1 0 12.000000 -0.000000 -0.000000 -0.011745 0.000000 -0.000000 0.005741 -0.000000 0.000000 0.395575 0.000000 1000.000000 0.395791
1 0 12.000000 -0.073567 0.305803 0.052471 -0.215298 -0.104492 0.153561 0.229496 0.000000 0.160881 16.000000 2000.000000 0.395791
1 0 15.000000 -0.303933 0.102507 -0.027698 -0.101666 -0.306446 -0.009265 -0.041304 0.000000 0.226617 0.000000 2500.000000 0.395759
1 0 6.000000 0.322648 0.000000 0.000000 0.000000 0.322648 0.000000 0.000000 0.000000 0.228146 0.000000 3500.000000 0.395161
1 0 12.000000 -0.205186 -0.100348 -0.009589 0.100293 -0.205298 0.004687 -0.007547 0.000000 0.322986 0.000000 1000.000000 0.395791
1 3 15.000000 -0.767879 0.258981 -0.069978 -0.256856 -0.774230 -0.023408 -0.104354 0.000000 0.572544 0.000000 2500.000000 0.999877
1 3 15.000000 -0.000000 -0.000000 0.704916 -0.000000 0.000000 0.306349 -0.000000 0.000000 -0.639530 0.000000 2500.000000 0.999877
1 0 15.000000 0.323136 0.000000 0.000000 0.000000 0.323136 0.000000 0.000000 0.000000 0.228492 6.000000 2500.000000 0.395759
1 3 12.000000 0.000000 0.000000 0.038814 -0.000000 0.000000 -0.048473 -0.000000 0.000000 0.998028 0.000000 3500.000000 0.999958
1 3 9.000000 -0.000000 0.000000 0.229519 -0.000000 -0.000000 0.671704 0.000000 0.000000 0.703723 12.000000 3000.000000 0.999545
1 0 9.000000 -0.090063 0.374376 0.000000 -0.263577 -0.127923 0.000000 0.280958 0.000000 0.000000 12.000000 3000.000000 0.395628
1 0 6.000000 0.000000 0.000000 0.000000 0.000000 0.000000 0.000000 0.000000 0.000000 0.000000 8.000000 2000.000000 0.000000
1 0 15.000000 0.000000 0.000000 0.366634 -0.000000 0.000000 -0.134504 -0.000000 0.000000 0.064138 0.000000 2500.000000 0.395759
1 0 15.000000 0.198651 0.093551 0.089381 -0.089148 0.208463 -0.040111 -0.069275 0.000000 0.307927 0.000000 2500.000000 0.395759
1 0 18.000000 0.323156 0.000000 0.000000 0.000000 0.323156 0.000000 0.000000 0.000000 0.228506 0.000000 3000.000000 0.395783
0 0 6.000000 0.000000 0.000000 0.000000 0.000000 0.000000 0.000000 0.000000 0.000000 0.000000 4.000000 800.000000 0.000000
1 0 15.000000 0.007219 0.227386 0.030063 -0.073114 0.022450 -0.304496 -0.216358 0.000000 0.103902 0.000000 2500.000000 0.395759
1 3 12.000000 -0.000000 -0.000000 -0.029673 0.000000 -0.000000 0.014504 -0.000000 0.000000 0.999412 0.000000 2000.000000 0.999958
1 3 12.000000 0.072972 -0.799240 -0.106067 0.349635 0.166810 -0.508203 0.734194 0.000000 0.252557 16.000000 2000.000000 0.999958
1 0 15.000000 -0.000000 -0.000000 -0.129262 0.000000 -0.000000 0.266283 -0.000000 0.000000 0.262698 0.000000 2500.000000 0.395759
1 0 9.000000 0.000000 0.000000 0.015357 -0.000000 0.000000 -0.019178 -0.000000 0.000000 0.394864 12.000000 1500.000000 0.395628
1 3 12.000000 -0.000000 0.000000 0.373104 -0.000000 -0.000000 0.241166 0.000000 0.000000 0.895850 0.000000 1000.000000 0.999958
1 0 6.000000 0.322648 0.000000 0.000000 0.000000 0.322648 0.000000 0.000000 0.000000 0.228146 0.000000 2000.000000 0.395161
1 0 15.000000 0.000000 0.000000 0.109469 -0.000000 0.000000 -0.049126 -0.000000 0.000000 0.377132 0.000000 2500.000000 0.395759
1 3 9.000000 -0.227543 0.945852 0.000000 -0.665921 -0.323195 0.000000 0.709834 0.000000 0.000000 12.000000 3000.000000 0.999545
1 0 6.000000 0.000000 0.000000 0.000000 0.000000 0.000000 0.000000 0.000000 0.000000 0.000000 8.000000 3500.000000 0.000000
1 3 12.000000 -0.000000 -0.000000 -0.341097 0.000000 -0.000000 0.765151 -0.000000 0.000000 0.545997 16.000000 2000.000000 0.999958
1 0 9.000000 -0.090063 0.374376 0.000000 -0.263577 -0.127923 0.000000 0.280958 0.000000 0.000000 12.000000 1500.000000 0.395628
1 0 12.000000 -0.000000 -0.000000 -0.135009 0.000000 -0.000000 0.302853 -0.000000 0.000000 0.216110 0.000000 1000.000000 0.395791
1 3 12.000000 -0.000000 -0.000000 0.562233 0.000000 -0.000000 -0.645614 0.000000 0.000000 0.516713 16.000000 2000.000000 0.999958
1 3 15.000000 -0.000000 0.000000 -0.704916 -0.000000 -0.000000 -0.306349 -0.000000 0.000000 0.639530 0.000000 2500.000000 0.999877
1 0 9.000000 -0.000000 0.000000 -0.047958 -0.000000 -0.000000 -0.016042 -0.000000 0.000000 0.392383 12.000000 1500.000000 0.395628
1 0 9.000000 -0.000000 0.000000 0.090845 -0.000000 -0.000000 0.265866 0.000000 0.000000 0.278539 12.000000 1500.000000 0.395628
1 0 12.000000 -0.000000 -0.000000 0.000324 0.000000 -0.000000 -0.025067 0.000000 0.000000 0.394997 16.000000 2000.000000 0.395791
1 3 15.000000 0.138866 -0.405744 0.546516 0.137211 0.410638 0.540003 -0.543269 0.000000 0.276081 0.000000 2500.000000 0.999877
1 0 15.000000 -0.114720 -0.356028 -0.000000 0.236325 -0.172828 0.000000 -0.295999 0.000000 0.000000 0.000000 2500.000000 0.395759
1 0 6.000000 0.322648 0.000000 0.000000 0.000000 0.322648 0.000000 0.000000 0.000000 0.228146 8.000000 2000.000000 0.395161
1 3 15.000000 -0.000000 -0.000000 -0.326578 0.000000 -0.000000 0.672757 -0.000000 0.000000 0.663701 0.000000 2500.000000 0.999877
1 0 12.000000 -0.000000 0.000000 -0.047978 -0.000000 -0.000000 -0.016049 -0.000000 0.000000 0.392545 0.000000 3500.000000 0.395791
1 0 15.000000 0.060214 0.136306 0.000000 -0.022090 0.371546 -0.000000 -0.390528 0.000000 0.000000 0.000000 2500.000000 0.395759
1 0 15.000000 0.000000 0.000000 0.000000 0.000000 0.000000 0.000000 0.000000 0.000000 0.000000 0.000000 2500.000000 0.000000
1 0 12.000000 -0.005104 -0.395758 0.000000 0.394964 -0.005115 -0.000000 0.025069 0.000000 0.000000 0.000000 2000.000000 0.395791
1 0 9.000000 0.000000 -0.000000 -0.072685 0.000000 0.000000 -0.348260 0.000000 0.000000 0.173071 12.000000 3000.000000 0.395628
1 3 18.000000 0.000000 0.000000 0.027937 -0.000000 0.000000 -0.136029 -0.000000 0.000000 0.990249 0.000000 3000.000000 0.999938
1 0 12.000000 0.000000 0.000000 0.015363 -0.000000 0.000000 -0.019186 -0.000000 0.000000 0.395027 0.000000 3500.000000 0.395791
1 0 12.000000 -0.087992 -0.361498 -0.000000 0.197385 -0.161152 0.000000 -0.331583 0.000000 0.000000 16.000000 2000.000000 0.395791
1 3 15.000000 0.087831 0.198824 0.756315 -0.032222 0.541960 -0.277463 -0.569648 0.000000 0.132307 0.000000 2500.000000 0.999877
1 3 12.000000 -0.000000 -0.000000 0.000818 0.000000 -0.000000 -0.063330 0.000000 0.000000 0.997950 16.000000 2000.000000 0.999958
1 0 12.000000 0.000000 0.000000 0.000000 0.000000 0.000000 0.000000 0.000000 0.000000 0.000000 0.000000 1000.000000 0.000000
1 3 12.000000 -0.897891 -0.439122 -0.000000 0.438882 -0.898381 0.000000 -0.033028 0.000000 0.000000 16.000000 2000.000000 0.999958
1 0 15.000000 0.171687 -0.324106 0.000000 0.245008 0.227114 0.000000 -0.259076 0.000000 0.000000 0.000000 1500.000000 0.395759
1 0 12.000000 -0.077546 -0.172325 0.181700 0.089047 -0.150069 -0.208647 0.195638 0.000000 0.166989 0.000000 1000.000000 0.395791
1 0 15.000000 -0.134035 -0.091072 0.227812 -0.058250 0.209558 0.099005 -0.175642 0.000000 -0.206681 0.000000 2500.000000 0.395759
1 0 15.000000 0.000000 -0.000000 0.148676 0.000000 0.000000 0.212169 -0.000000 0.000000 0.299174 0.000000 1500.000000 0.395759
1 0 12.000000 0.155466 -0.119556 -0.165852 0.095446 0.194739 -0.101822 0.137613 0.000000 0.257991 0.000000 1000.000000 0.395791
1 3 12.000000 0.072972 -0.799240 -0.106067 0.349635 0.166810 -0.508203 0.734194 0.000000 0.252557 0.000000 2000.000000 0.999958
1 0 12.000000 -0.000000 -0.000000 0.222536 0.000000 -0.000000 -0.255539 0.000000 0.000000 0.204519 16.000000 2000.000000 0.395791
1 0 9.000000 0.323029 0.000000 0.000000 0.000000 0.323029 0.000000 0.000000 0.000000 0.228416 12.000000 1500.000000 0.395628
1 3 15.000000 0.152073 -0.344375 -0.000000 -0.055790 -0.938701 0.000000 -0.986669 0.000000 -0.000000 0.000000 2500.000000 0.999877
1 0 12.000000 0.269276 -0.207077 -0.000000 0.165317 0.337298 -0.000000 0.238352 0.000000 0.000000 0.000000 2000.000000 0.395791
1 0 12.000000 0.000000 0.000000 0.000000 0.000000 0.000000 0.000000 0.000000 0.000000 0.000000 0.000000 3500.000000 0.000000
1 3 12.000000 -0.222311 -0.913316 -0.000000 0.498689 -0.407148 0.000000 -0.837737 0.000000 0.000000 16.000000 2000.000000 0.999958
1 0 12.000000 0.323162 0.000000 0.000000 0.000000 0.323162 0.000000 0.000000 0.000000 0.228510 0.000000 1000.000000 0.395791
1 0 6.000000 0.210472 0.000000 0.000000 0.000000 0.210472 0.000000 0.000000 0.000000 0.148826 24.000000 800.000000 0.257775
1 3 9.000000 -0.940144 0.317080 -0.000000 -0.314479 -0.947919 -0.000000 -0.127765 0.000000 0.000000 12.000000 1500.000000 0.999545
1 0 12.000000 -0.000000 0.000000 0.147678 -0.000000 -0.000000 0.095456 0.000000 0.000000 0.354585 0.000000 1000.000000 0.395791
1 0 15.000000 0.000000 0.000000 0.000000 0.000000 0.000000 0.000000 0.000000 0.000000 0.000000 6.000000 2500.000000 0.000000
1 0 15.000000 0.000000 0.000000 0.036820 -0.000000 0.000000 -0.372929 -0.000000 0.000000 0.127253 0.000000 2500.000000 0.395759
1 0 12.000000 -0.303957 0.102515 -0.027700 -0.101674 -0.306471 -0.009266 -0.041307 0.000000 0.226636 0.000000 2000.000000 0.395791
1 3 12.000000 -0.000000 0.000000 0.373104 -0.000000 -0.000000 0.241166 0.000000 0.000000 0.895850 16.000000 2000.000000 0.999958
1 0 12.000000 -0.073567 0.305803 0.052471 -0.215298 -0.104492 0.153561 0.229496 0.000000 0.160881 0.000000 2000.000000 0.395791
1 3 15.000000 -0.586535 0.398528 -0.000000 -0.254902 -0.917022 -0.000000 -0.768607 0.000000 0.000000 0.000000 2500.000000 0.999877
1 3 15.000000 0.869294 -0.409378 -0.000000 -0.390109 -0.912231 0.000000 -0.303145 0.000000 -0.000000 0.000000 2500.000000 0.999877
1 0 6.000000 0.322648 0.000000 0.000000 0.000000 0.322648 0.000000 0.000000 0.000000 0.228146 24.000000 800.000000 0.395161
1 3 12.000000 -0.000000 -0.000000 -0.029673 0.000000 -0.000000 0.014504 -0.000000 0.000000 0.999412 16.000000 2000.000000 0.999958
1 0 12.000000 -0.050802 -0.208711 -0.110234 0.113960 -0.093041 0.247278 -0.191440 0.000000 0.176453 0.000000 1000.000000 0.395791
1 3 12.000000 -0.012896 -0.999874 0.000000 0.997867 -0.012922 -0.000000 0.063335 0.000000 0.000000 16.000000 2000.000000 0.999958
1 3 15.000000 0.138866 0.405744 -0.546516 0.137211 -0.410638 -0.540002 -0.543269 0.000000 -0.276082 0.000000 2500.000000 0.999877
1 0 15.000000 0.323136 0.000000 0.000000 0.000000 0.323136 0.000000 0.000000 0.000000 0.228492 0.000000 1500.000000 0.395759
1 0 15.000000 0.012503 -0.393845 -0.000000 -0.126638 -0.038883 0.000000 -0.374742 0.000000 -0.000000 0.000000 2500.000000 0.395759
1 3 15.000000 -0.185850 0.772541 0.132557 -0.543902 -0.263975 0.387937 0.579770 0.000000 0.406430 0.000000 2500.000000 0.999877
1 0 9.000000 -0.000000 0.000000 -0.047958 -0.000000 -0.000000 -0.016042 -0.000000 0.000000 0.392383 12.000000 3000.000000 0.395628
1 0 6.000000 0.322648 0.000000 0.000000 0.000000 0.322648 0.000000 0.000000 0.000000 0.228146 8.000000 800.000000 0.395161
1 3 9.000000 0.000000 0.000000 0.038798 -0.000000 0.000000 -0.048453 -0.000000 0.000000 0.997616 12.000000 3000.000000 0.999545
1 3 15.000000 -0.586535 -0.398528 0.000000 -0.254902 0.917022 0.000000 -0.768607 0.000000 -0.000000 0.000000 2500.000000 0.999877
1 3 9.000000 0.000000 -0.000000 -0.183638 0.000000 0.000000 -0.879870 0.000000 0.000000 0.437260 12.000000 1500.000000 0.999545
1 0 12.000000 0.000000 -0.000000 -0.203126 0.000000 0.000000 -0.124706 0.000000 0.000000 0.315973 0.000000 2000.000000 0.395791
1 0 6.000000 0.000000 0.000000 0.000000 0.000000 0.000000 0.000000 0.000000 0.000000 0.000000 24.000000 800.000000 0.000000
1 0 15.000000 0.095201 0.278162 -0.000000 0.094066 -0.281517 -0.000000 -0.372443 0.000000 -0.000000 0.000000 2500.000000 0.395759
1 3 15.000000 -0.167338 -0.519325 -0.266650 0.344719 -0.252097 0.549304 -0.431762 0.000000 0.541910 0.000000 2500.000000 0.999877
1 0 15.000000 0.095201 -0.278162 0.000000 0.094066 0.281517 0.000000 -0.372443 0.000000 0.000000 0.000000 2500.000000 0.395759
1 0 15.000000 0.012503 0.393844 0.000000 -0.126637 0.038885 -0.000000 -0.374743 0.000000 0.000000 0.000000 2500.000000 0.395759
1 0 6.000000 0.210472 0.000000 0.000000 0.000000 0.210472 0.000000 0.000000 0.000000 0.148826 0.000000 2000.000000 0.257775
1 3 15.000000 0.509299 0.637270 0.022407 -0.636040 0.510284 -0.027984 -0.050699 0.000000 0.576165 0.000000 2500.000000 0.999877
1 0 15.000000 -0.000000 0.000000 0.129262 0.000000 0.000000 -0.266283 -0.000000 0.000000 -0.262698 0.000000 2500.000000 0.395759
1 3 12.000000 -0.767941 0.259002 -0.069984 -0.256877 -0.774292 -0.023410 -0.104362 0.000000 0.572590 16.000000 2000.000000 0.999958
1 0 15.000000 -0.205625 -0.323327 -0.000000 0.291313 -0.228222 0.000000 -0.171700 0.000000 0.000000 0.000000 1500.000000 0.395759
1 0 6.000000 0.210472 0.000000 0.000000 0.000000 0.210472 0.000000 0.000000 0.000000 0.148826 8.000000 800.000000 0.257775
1 0 9.000000 -0.372116 0.125503 -0.000000 -0.124473 -0.375194 -0.000000 -0.050570 0.000000 0.000000 12.000000 1500.000000 0.395628
1 0 9.000000 0.323029 0.000000 0.000000 0.000000 0.323029 0.000000 0.000000 0.000000 0.228416 12.000000 3000.000000 0.395628
1 3 12.000000 -0.000000 -0.000000 -0.341097 0.000000 -0.000000 0.765151 -0.000000 0.000000 0.545997 0.000000 1000.000000 0.999958
1 0 12.000000 0.028883 -0.316346 -0.041982 0.138388 0.066025 -0.201151 0.290600 0.000000 0.099964 0.000000 2000.000000 0.395791
1 0 15.000000 0.060192 -0.136307 -0.000000 -0.022082 -0.371545 0.000000 -0.390531 0.000000 -0.000000 0.000000 2500.000000 0.395759
1 0 12.000000 -0.000000 0.000000 0.147678 -0.000000 -0.000000 0.095456 0.000000 0.000000 0.354585 0.000000 2000.000000 0.395791
1 3 12.000000 0.000000 -0.000000 -0.513194 0.000000 0.000000 -0.315066 0.000000 0.000000 0.798299 0.000000 1000.000000 0.999958
1 0 12.000000 0.246910 0.308950 0.000000 -0.308354 0.247387 -0.000000 -0.024579 0.000000 0.000000 0.000000 3500.000000 0.395791
1 0 9.000000 -0.000000 0.000000 0.090845 -0.000000 -0.000000 0.265866 0.000000 0.000000 0.278539 12.000000 3000.000000 0.395628
1 0 15.000000 -0.114720 0.356028 0.000000 0.236325 0.172828 -0.000000 -0.295999 0.000000 -0.000000 0.000000 2500.000000 0.395759
1 0 6.000000 0.210472 0.000000 0.000000 0.000000 0.210472 0.000000 0.000000 0.000000 0.148826 24.000000 2000.000000 0.257775
1 0 6.000000 0.000000 0.000000 0.000000 0.000000 0.000000 0.000000 0.000000 0.000000 0.000000 0.000000 2000.000000 0.000000
1 3 15.000000 0.000000 -0.000000 -0.093021 -0.000000 -0.000000 0.942198 -0.000000 0.000000 -0.321504 0.000000 2500.000000 0.999877
1 0 12.000000 0.269276 -0.207077 -0.000000 0.165317 0.337298 -0.000000 0.238352 0.000000 0.000000 16.000000 2000.000000 0.395791
1 3 15.000000 0.869294 0.409378 0.000000 -0.390109 0.912231 -0.000000 -0.303145 0.000000 0.000000 0.000000 2500.000000 0.999877
1 0 15.000000 -0.134035 0.091072 -0.227812 -0.058250 -0.209558 -0.099005 -0.175642 0.000000 0.206681 0.000000 2500.000000 0.395759
1 0 15.000000 -0.073561 0.305778 0.052467 -0.215281 -0.104483 0.153549 0.229478 0.000000 0.160868 0.000000 2500.000000 0.395759
1 3 12.000000 -0.000000 0.000000 0.229614 -0.000000 -0.000000 0.671981 0.000000 0.000000 0.704013 0.000000 3500.000000 0.999958
1 0 6.000000 0.000000 0.000000 0.000000 0.000000 0.000000 0.000000 0.000000 0.000000 0.000000 0.000000 800.000000 0.000000
1 3 12.000000 0.680319 -0.523177 -0.000000 0.417669 0.852175 -0.000000 0.602191 0.000000 0.000000 16.000000 2000.000000 0.999958
1 0 12.000000 0.000000 -0.000000 -0.072715 0.000000 0.000000 -0.348403 0.000000 0.000000 0.173143 0.000000 3500.000000 0.395791
1 3 9.000000 -0.000000 0.000000 -0.121166 -0.000000 -0.000000 -0.040530 -0.000000 0.000000 0.991346 12.000000 1500.000000 0.999545
1 0 12.000000 -0.000000 0.000000 0.147678 -0.000000 -0.000000 0.095456 0.000000 0.000000 0.354585 16.000000 2000.000000 0.395791
1 3 12.000000 0.000000 -0.000000 -0.513194 0.000000 0.000000 -0.315066 0.000000 0.000000 0.798299 16.000000 2000.000000 0.999958
1 0 12.000000 -0.000000 -0.000000 0.000324 0.000000 -0.000000 -0.025067 0.000000 0.000000 0.394997 0.000000 1000.000000 0.395791
1 0 12.000000 -0.000000 -0.000000 -0.135009 0.000000 -0.000000 0.302853 -0.000000 0.000000 0.216110 16.000000 2000.000000 0.395791
1 0 12.000000 -0.000000 -0.000000 -0.011745 0.000000 -0.000000 0.005741 -0.000000 0.000000 0.395575 16.000000 2000.000000 0.395791
1 0 15.000000 0.253050 0.260216 0.000000 -0.220831 0.298183 -0.000000 -0.209344 0.000000 0.000000 6.000000 2500.000000 0.395759
1 3 18.000000 0.000000 -0.000000 -0.404253 0.000000 0.000000 -0.840617 0.000000 0.000000 0.360305 0.000000 3000.000000 0.999938
1 3 9.000000 -0.000000 0.000000 0.229519 -0.000000 -0.000000 0.671704 0.000000 0.000000 0.703723 12.000000 1500.000000 0.999545
1 0 15.000000 -0.066234 -0.205553 -0.105542 0.136443 -0.099782 0.217419 -0.170895 0.000000 0.214492 0.000000 2500.000000 0.395759
1 0 6.000000 0.322648 0.000000 0.000000 0.000000 0.322648 0.000000 0.000000 0.000000 0.228146 8.000000 3500.000000 0.395161
1 0 18.000000 0.000000 0.000000 0.000000 0.000000 0.000000 0.000000 0.000000 0.000000 0.000000 0.000000 3000.000000 0.000000
1 0 15.000000 -0.000000 0.000000 -0.279011 -0.000000 -0.000000 -0.121255 -0.000000 0.000000 0.253131 0.000000 2500.000000 0.395759
1 0 18.000000 0.000000 0.000000 0.028080 -0.000000 0.000000 -0.018981 -0.000000 0.000000 0.394330 0.000000 3000.000000 0.395783
1 3 15.000000 0.000000 -0.000000 -0.276572 -0.000000 -0.000000 0.124116 -0.000000 0.000000 -0.952816 0.000000 2500.000000 0.999877
1 0 12.000000 -0.297791 0.214855 0.000000 -0.192486 -0.332398 0.000000 0.175842 0.000000 0.000000 16.000000 2000.000000 0.395791
0 0 6.000000 0.000000 0.000000 0.000000 0.000000 0.000000 0.000000 0.000000 0.000000 0.000000 4.000000 3000.000000 0.000000
1 0 15.000000 0.054964 0.160597 -0.216315 0.054309 -0.162534 -0.213737 -0.215030 0.000000 -0.109275 0.000000 2500.000000 0.395759
1 0 15.000000 -0.000000 0.000000 -0.064777 -0.000000 -0.000000 -0.026921 -0.000000 0.000000 0.389493 6.000000 2500.000000 0.395759
1 3 15.000000 0.501887 -0.236354 -0.225820 -0.225230 -0.526677 0.101340 -0.175021 0.000000 -0.777971 0.000000 2500.000000 0.999877
1 0 6.000000 0.210472 0.000000 0.000000 0.000000 0.210472 0.000000 0.000000 0.000000 0.148826 0.000000 3500.000000 0.257775
1 3 12.000000 0.680319 -0.523177 -0.000000 0.417669 0.852175 -0.000000 0.602191 0.000000 0.000000 0.000000 2000.000000 0.999958
1 0 18.000000 0.000000 -0.000000 -0.160007 0.000000 0.000000 -0.332723 0.000000 0.000000 0.142611 0.000000 3000.000000 0.395783
1 0 15.000000 0.034752 -0.078697 -0.299358 -0.012749 -0.214512 0.109824 -0.225473 0.000000 -0.052349 0.000000 2500.000000 0.395759
1 0 12.000000 -0.303957 0.102515 -0.027700 -0.101674 -0.306471 -0.009266 -0.041307 0.000000 0.226636 16.000000 2000.000000 0.395791
1 3 12.000000 0.509340 0.637321 0.022409 -0.636091 0.510325 -0.027986 -0.050703 0.000000 0.576212 16.000000 2000.000000 0.999958
1 3 15.000000 0.000000 0.000000 0.093025 -0.000000 0.000000 -0.942198 -0.000000 0.000000 0.321502 0.000000 2500.000000 0.999877
1 0 9.000000 0.246808 0.308823 0.000000 -0.308227 0.247285 -0.000000 -0.024569 0.000000 0.000000 12.000000 3000.000000 0.395628
1 0 15.000000 0.000000 0.000000 0.157729 -0.000000 0.000000 -0.137646 -0.000000 0.000000 0.335858 0.000000 1500.000000 0.395759
1 0 15.000000 -0.000000 -0.000000 -0.099014 0.000000 -0.000000 0.140275 -0.000000 0.000000 0.356573 6.000000 2500.000000 0.395759
1 0 15.000000 0.171687 -0.324106 0.000000 0.245008 0.227114 0.000000 -0.259076 0.000000 0.000000 6.000000 2500.000000 0.395759
1 3 12.000000 -0.940532 0.317211 -0.000000 -0.314609 -0.948311 -0.000000 -0.127817 0.000000 0.000000 0.000000 3500.000000 0.999958
1 3 9.000000 0.816125 0.000000 0.000000 0.000000 0.816125 0.000000 0.000000 0.000000 0.577088 12.000000 1500.000000 0.999545
1 3 18.000000 0.000000 -0.000000 0.392307 0.000000 0.000000 0.253429 -0.000000 0.000000 0.884164 0.000000 3000.000000 0.999938
1 0 9.000000 0.035360 -0.387283 -0.000000 0.169420 0.080830 -0.000000 0.355764 0.000000 0.000000 12.000000 3000.000000 0.395628
1 3 12.000000 0.816462 0.000000 0.000000 0.000000 0.816462 0.000000 0.000000 0.000000 0.577326 0.000000 3500.000000 0.999958
1 0 15.000000 -0.000000 -0.000000 -0.099014 0.000000 -0.000000 0.140275 -0.000000 0.000000 0.356573 0.000000 1500.000000 0.395759
1 0 18.000000 -0.000000 0.000000 -0.098132 -0.000000 -0.000000 -0.015796 -0.000000 0.000000 0.383100 0.000000 3000.000000 0.395783
1 3 9.000000 0.000000 -0.000000 -0.183638 0.000000 0.000000 -0.879870 0.000000 0.000000 0.437260 12.000000 3000.000000 0.999545
1 3 12.000000 -0.128351 -0.527303 -0.278505 0.287918 -0.235067 0.624743 -0.483668 0.000000 0.445804 0.000000 1000.000000 0.999958
1 3 15.000000 0.018238 0.574486 0.075954 -0.184721 0.056720 -0.769302 -0.546623 0.000000 0.262505 0.000000 2500.000000 0.999877
1 3 15.000000 0.000000 -0.000000 -0.926301 -0.000000 -0.000000 0.339826 -0.000000 0.000000 -0.161984 0.000000 2500.000000 0.999877
1 0 9.000000 0.000000 -0.000000 -0.072685 0.000000 0.000000 -0.348260 0.000000 0.000000 0.173071 12.000000 1500.000000 0.395628
1 3 12.000000 -0.195919 -0.435376 0.459061 0.224974 -0.379147 -0.527142 0.494275 0.000000 0.421894 0.000000 1000.000000 0.999958
1 3 12.000000 -0.000000 -0.000000 -0.029673 0.000000 -0.000000 0.014504 -0.000000 0.000000 0.999412 0.000000 1000.000000 0.999958
1 3 12.000000 -0.339341 -0.754094 0.000000 0.389667 -0.656702 -0.000000 0.856110 0.000000 0.000000 16.000000 2000.000000 0.999958
1 0 12.000000 -0.000000 0.000000 0.090883 -0.000000 -0.000000 0.265975 0.000000 0.000000 0.278654 0.000000 3500.000000 0.395791
1 0 12.000000 -0.000000 -0.000000 0.000324 0.000000 -0.000000 -0.025067 0.000000 0.000000 0.394997 0.000000 2000.000000 0.395791
1 3 12.000000 -0.185865 0.772604 0.132568 -0.543946 -0.263996 0.387968 0.579817 0.000000 0.406462 0.000000 2000.000000 0.999958
1 0 18.000000 0.000000 -0.000000 -0.072745 0.000000 0.000000 -0.116284 0.000000 0.000000 0.371256 0.000000 3000.000000 0.395783
1 0 15.000000 0.000000 -0.000000 -0.209795 0.000000 0.000000 -0.290913 0.000000 0.000000 0.167276 0.000000 1500.000000 0.395759
1 3 12.000000 0.816462 0.000000 0.000000 0.000000 0.816462 0.000000 0.000000 0.000000 0.577326 0.000000 1000.000000 0.999958
1 3 15.000000 0.072967 -0.799176 -0.106059 0.349607 0.166796 -0.508162 0.734135 0.000000 0.252536 0.000000 2500.000000 0.999877
1 0 6.000000 0.210472 0.000000 0.000000 0.000000 0.210472 0.000000 0.000000 0.000000 0.148826 8.000000 3500.000000 0.257775
1 0 12.000000 0.035374 -0.387443 -0.000000 0.169490 0.080863 -0.000000 0.355911 0.000000 0.000000 0.000000 3500.000000 0.395791
1 3 12.000000 -0.752363 0.542825 0.000000 -0.486311 -0.839795 0.000000 0.444261 0.000000 0.000000 16.000000 2000.000000 0.999958
1 3 12.000000 -0.000000 -0.000000 0.562233 0.000000 -0.000000 -0.645614 0.000000 0.000000 0.516713 0.000000 1000.000000 0.999958
1 0 15.000000 -0.359668 0.151884 -0.000000 -0.149479 -0.365454 -0.000000 -0.070148 0.000000 0.000000 6.000000 2500.000000 0.395759
1 3 12.000000 0.623812 0.780556 0.000000 -0.779049 0.625018 -0.000000 -0.062098 0.000000 0.000000 0.000000 3500.000000 0.999958
1 3 9.000000 0.000000 0.000000 0.038798 -0.000000 0.000000 -0.048453 -0.000000 0.000000 0.997616 12.000000 1500.000000 0.999545
1 0 15.000000 -0.205625 -0.323327 -0.000000 0.291313 -0.228222 0.000000 -0.171700 0.000000 0.000000 6.000000 2500.000000 0.395759
1 0 15.000000 0.000000 -0.000000 -0.209795 0.000000 0.000000 -0.290913 0.000000 0.000000 0.167276 6.000000 2500.000000 0.395759
1 0 12.000000 -0.090100 0.374530 0.000000 -0.263685 -0.127976 0.000000 0.281074 0.000000 0.000000 0.000000 3500.000000 0.395791
0 0 6.000000 0.000000 0.000000 0.000000 0.000000 0.000000 0.000000 0.000000 0.000000 0.000000 8.000000 1500.000000 0.000000
1 3 12.000000 -0.767941 0.259002 -0.069984 -0.256877 -0.774292 -0.023410 -0.104362 0.000000 0.572590 0.000000 2000.000000 0.999958
1 0 6.000000 0.210472 0.000000 0.000000 0.000000 0.210472 0.000000 0.000000 0.000000 0.148826 8.000000 2000.000000 0.257775
0 0 6.000000 0.000000 0.000000 0.000000 0.000000 0.000000 0.000000 0.000000 0.000000 0.000000 4.000000 1500.000000 0.000000
1 3 12.000000 0.000000 -0.000000 -0.183714 0.000000 0.000000 -0.880233 0.000000 0.000000 0.437441 0.000000 3500.000000 0.999958
1 0 15.000000 0.097843 -0.320996 -0.000000 0.135675 0.231489 -0.000000 0.358670 0.000000 0.000000 0.000000 1500.000000 0.395759
1 0 9.000000 0.246808 0.308823 0.000000 -0.308227 0.247285 -0.000000 -0.024569 0.000000 0.000000 12.000000 1500.000000 0.395628
1 3 9.000000 0.623555 0.780234 0.000000 -0.778728 0.624761 -0.000000 -0.062072 0.000000 0.000000 12.000000 3000.000000 0.999545
1 0 12.000000 -0.005104 -0.395758 0.000000 0.394964 -0.005115 -0.000000 0.025069 0.000000 0.000000 16.000000 2000.000000 0.395791
1 3 9.000000 0.089336 -0.978462 -0.000000 0.428037 0.204215 -0.000000 0.898829 0.000000 0.000000 12.000000 3000.000000 0.999545
1 0 15.000000 0.000000 -0.000000 -0.036818 -0.000000 -0.000000 0.372929 -0.000000 0.000000 -0.127254 0.000000 2500.000000 0.395759
1 0 15.000000 -0.066234 0.205553 0.105542 0.136442 0.099782 -0.217419 -0.170895 0.000000 -0.214492 0.000000 2500.000000 0.395759
1 0 12.000000 -0.355392 -0.173808 -0.000000 0.173713 -0.355586 0.000000 -0.013073 0.000000 0.000000 0.000000 2000.000000 0.395791
1 0 12.000000 -0.134314 -0.298476 0.000000 0.154233 -0.259928 -0.000000 0.338855 0.000000 0.000000 16.000000 2000.000000 0.395791
1 3 12.000000 -0.222311 -0.913316 -0.000000 0.498689 -0.407148 0.000000 -0.837737 0.000000 0.000000 0.000000 2000.000000 0.999958
1 3 15.000000 0.000000 0.000000 0.926293 -0.000000 0.000000 -0.339822 -0.000000 0.000000 0.162043 0.000000 2500.000000 0.999877
1 3 12.000000 -0.227637 0.946242 0.000000 -0.666195 -0.323328 0.000000 0.710127 0.000000 0.000000 0.000000 3500.000000 0.999958
1 0 12.000000 -0.372270 0.125555 -0.000000 -0.124525 -0.375349 -0.000000 -0.050591 0.000000 0.000000 0.000000 3500.000000 0.395791
1 3 15.000000 0.240522 -0.702769 0.000000 0.237656 0.711245 0.000000 -0.940969 0.000000 0.000000 0.000000 2500.000000 0.999877
1 3 15.000000 -0.338636 0.230090 -0.575562 -0.147168 -0.529443 -0.250133 -0.443755 0.000000 0.522174 0.000000 2500.000000 0.999877
1 0 12.000000 -0.355392 -0.173808 -0.000000 0.173713 -0.355586 0.000000 -0.013073 0.000000 0.000000 16.000000 2000.000000 0.395791
1 3 12.000000 -0.000000 -0.000000 0.000818 0.000000 -0.000000 -0.063330 0.000000 0.000000 0.997950 0.000000 1000.000000 0.999958
1 3 15.000000 0.501887 0.236354 0.225820 -0.225230 0.526677 -0.101340 -0.175021 0.000000 0.777971 0.000000 2500.000000 0.999877
1 3 18.000000 0.000000 -0.000000 0.056170 0.000000 0.000000 0.654203 -0.000000 0.000000 0.754148 0.000000 3000.000000 0.999938
1 3 9.000000 0.623555 0.780234 0.000000 -0.778728 0.624761 -0.000000 -0.062072 0.000000 0.000000 12.000000 1500.000000 0.999545
1 0 12.000000 -0.000000 -0.000000 0.222536 0.000000 -0.000000 -0.255539 0.000000 0.000000 0.204519 0.000000 1000.000000 0.395791
1 3 9.000000 -0.940144 0.317080 -0.000000 -0.314479 -0.947919 -0.000000 -0.127765 0.000000 0.000000 12.000000 3000.000000 0.999545
1 0 15.000000 0.344074 0.162035 0.000000 -0.154408 0.361068 -0.000000 -0.119987 0.000000 0.000000 0.000000 2500.000000 0.395759
1 3 12.000000 -0.000000 0.000000 -0.121216 -0.000000 -0.000000 -0.040547 -0.000000 0.000000 0.991755 0.000000 3500.000000 0.999958
1 0 12.000000 0.201601 0.252257 0.008870 -0.251770 0.201991 -0.011077 -0.020068 0.000000 0.228069 16.000000 2000.000000 0.395791
1 0 15.000000 0.000000 0.000000 0.157729 -0.000000 0.000000 -0.137646 -0.000000 0.000000 0.335858 6.000000 2500.000000 0.395759
1 0 12.000000 -0.000000 -0.000000 -0.011745 0.000000 -0.000000 0.005741 -0.000000 0.000000 0.395575 0.000000 2000.000000 0.395791
1 3 12.000000 -0.434377 0.313400 0.304638 -0.280772 -0.484856 0.196912 0.256494 0.000000 0.731459 0.000000 1000.000000 0.999958
1 3 15.000000 0.031588 -0.995040 -0.000000 -0.319949 -0.098238 0.000000 -0.946778 0.000000 -0.000000 0.000000 2500.000000 0.999877
1 0 9.000000 0.000000 0.000000 0.000000 0.000000 0.000000 0.000000 0.000000 0.000000 0.000000 12.000000 3000.000000 0.000000
1 3 12.000000 -0.000000 -0.000000 0.000818 0.000000 -0.000000 -0.063330 0.000000 0.000000 0.997950 0.000000 2000.000000 0.999958
1 3 15.000000 -0.167338 0.519325 0.266650 0.344719 0.252097 -0.549304 -0.431762 0.000000 -0.541910 0.000000 2500.000000 0.999877
1 3 15.000000 -0.000000 0.000000 0.326578 0.000000 0.000000 -0.672757 -0.000000 0.000000 -0.663701 0.000000 2500.000000 0.999877
1 0 15.000000 0.034764 0.078696 0.299355 -0.012754 0.214512 -0.109822 -0.225471 0.000000 0.052368 0.000000 2500.000000 0.395759
1 0 15.000000 -0.232155 -0.157741 0.000000 -0.100892 0.362965 0.000000 -0.304221 0.000000 -0.000000 0.000000 2500.000000 0.395759
1 0 15.000000 0.028881 -0.316320 -0.041979 0.138377 0.066019 -0.201135 0.290576 0.000000 0.099956 0.000000 2500.000000 0.395759
1 3 12.000000 -0.000000 -0.000000 0.562233 0.000000 -0.000000 -0.645614 0.000000 0.000000 0.516713 0.000000 2000.000000 0.999958
1 3 15.000000 0.000000 -0.000000 0.669342 0.000000 0.000000 0.661365 -0.000000 0.000000 0.338129 0.000000 2500.000000 0.999877
1 3 15.000000 0.240523 0.702769 -0.000000 0.237656 -0.711245 -0.000000 -0.940969 0.000000 -0.000000 0.000000 2500.000000 0.999877
1 3 12.000000 -0.000000 0.000000 0.373104 -0.000000 -0.000000 0.241166 0.000000 0.000000 0.895850 0.000000 2000.000000 0.999958
1 0 15.000000 0.000000 0.000000 0.000000 0.000000 0.000000 0.000000 0.000000 0.000000 0.000000 0.000000 1500.000000 0.000000
1 0 15.000000 0.007218 -0.227386 -0.030062 -0.073115 -0.022449 0.304496 -0.216358 0.000000 -0.103902 0.000000 2500.000000 0.395759
1 3 12.000000 -0.185865 0.772604 0.132568 -0.543946 -0.263996 0.387968 0.579817 0.000000 0.406462 16.000000 2000.000000 0.999958
1 0 12.000000 -0.134314 -0.298476 0.000000 0.154233 -0.259928 -0.000000 0.338855 0.000000 0.000000 0.000000 2000.000000 0.395791
1 0 12.000000 -0.000000 -0.000000 -0.135009 0.000000 -0.000000 0.302853 -0.000000 0.000000 0.216110 0.000000 2000.000000 0.395791
1 3 15.000000 0.000000 0.000000 -0.669342 0.000000 -0.000000 -0.661365 -0.000000 0.000000 -0.338129 0.000000 2500.000000 0.999877
1 3 15.000000 0.152129 0.344374 0.000000 -0.055810 0.938702 -0.000000 -0.986659 0.000000 0.000000 0.000000 2500.000000 0.999877
0 0 6.000000 0.000000 0.000000 0.000000 0.000000 0.000000 0.000000 0.000000 0.000000 0.000000 8.000000 3000.000000 0.000000
1 0 18.000000 0.000000 0.000000 0.011058 -0.000000 0.000000 -0.053841 -0.000000 0.000000 0.391948 0.000000 3000.000000 0.395783
1 0 6.000000 0.000000 0.000000 0.000000 0.000000 0.000000 0.000000 0.000000 0.000000 0.000000 24.000000 3500.000000 0.000000
1 3 15.000000 0.031589 0.995039 0.000000 -0.319947 0.098242 -0.000000 -0.946779 0.000000 0.000000 0.000000 2500.000000 0.999877
1 3 18.000000 -0.000000 0.000000 -0.247927 -0.000000 -0.000000 -0.039909 -0.000000 0.000000 0.967892 0.000000 3000.000000 0.999938
0 0 6.000000 0.000000 0.000000 0.000000 0.000000 0.000000 0.000000 0.000000 0.000000 0.000000 0.000000 1500.000000 0.000000
1 3 12.000000 -0.007446 -0.577278 0.000668 0.576119 -0.007461 -0.051709 0.036567 0.000000 0.814823 0.000000 1000.000000 0.999958
0 0 6.000000 0.000000 0.000000 0.000000 0.000000 0.000000 0.000000 0.000000 0.000000 0.000000 0.000000 800.000000 0.000000
1 0 12.000000 0.201601 0.252257 0.008870 -0.251770 0.201991 -0.011077 -0.020068 0.000000 0.228069 0.000000 2000.000000 0.395791
1 3 15.000000 -0.289838 -0.899497 -0.000000 0.597071 -0.436645 0.000000 -0.747834 0.000000 0.000000 0.000000 2500.000000 0.999877
1 3 12.000000 0.392782 -0.302056 -0.419021 0.241141 0.492003 -0.257250 0.347675 0.000000 0.651808 0.000000 1000.000000 0.999958
1 0 6.000000 0.000000 0.000000 0.000000 0.000000 0.000000 0.000000 0.000000 0.000000 0.000000 0.000000 3500.000000 0.000000
1 0 15.000000 0.000000 0.000000 -0.264931 0.000000 -0.000000 -0.261774 -0.000000 0.000000 -0.133834 0.000000 2500.000000 0.395759
1 0 6.000000 0.000000 0.000000 0.000000 0.000000 0.000000 0.000000 0.000000 0.000000 0.000000 24.000000 2000.000000 0.000000
1 0 15.000000 -0.359668 0.151884 -0.000000 -0.149479 -0.365454 -0.000000 -0.070148 0.000000 0.000000 0.000000 1500.000000 0.395759
1 0 15.000000 0.000000 -0.000000 0.264931 0.000000 0.000000 0.261774 -0.000000 0.000000 0.133834 0.000000 2500.000000 0.395759
1 0 15.000000 0.253050 0.260216 0.000000 -0.220831 0.298183 -0.000000 -0.209344 0.000000 0.000000 0.000000 1500.000000 0.395759
1 3 12.000000 -0.012896 -0.999874 0.000000 0.997867 -0.012922 -0.000000 0.063335 0.000000 0.000000 0.000000 2000.000000 0.999958
1 0 18.000000 0.000000 -0.000000 0.155278 0.000000 0.000000 0.100309 -0.000000 0.000000 0.349959 0.000000 3000.000000 0.395783
1 0 9.000000 0.000000 0.000000 0.015357 -0.000000 0.000000 -0.019178 -0.000000 0.000000 0.394864 12.000000 3000.000000 0.395628
1 3 15.000000 0.087799 -0.198825 -0.756322 -0.032210 -0.541959 0.277467 -0.569654 0.000000 -0.132259 0.000000 2500.000000 0.999877
1 3 15.000000 0.000000 0.000000 0.276572 -0.000000 0.000000 -0.124116 -0.000000 0.000000 0.952816 0.000000 2500.000000 0.999877
1 3 18.000000 0.000000 0.000000 0.732879 -0.000000 0.000000 -0.294968 -0.000000 0.000000 0.612992 0.000000 3000.000000 0.999938
1 0 15.000000 -0.000000 0.000000 -0.064777 -0.000000 -0.000000 -0.026921 -0.000000 0.000000 0.389493 0.000000 1500.000000 0.395759
1 0 12.000000 -0.297791 0.214855 0.000000 -0.192486 -0.332398 0.000000 0.175842 0.000000 0.000000 0.000000 2000.000000 0.395791
1 0 18.000000 -0.000000 -0.000000 -0.252568 0.000000 -0.000000 0.157366 -0.000000 0.000000 0.260940 0.000000 3000.000000 0.395783
1 0 12.000000 -0.002947 -0.228491 0.000265 0.228032 -0.002953 -0.020467 0.014473 0.000000 0.322513 0.000000 1000.000000 0.395791
1 3 9.000000 0.089336 -0.978462 -0.000000 0.428037 0.204215 -0.000000 0.898829 0.000000 0.000000 12.000000 1500.000000 0.999545
1 0 15.000000 0.000000 -0.000000 -0.366637 -0.000000 -0.000000 0.134506 -0.000000 0.000000 -0.064114 0.000000 2500.000000 0.395759
1 3 15.000000 -0.289838 0.899497 0.000000 0.597071 0.436646 -0.000000 -0.747834 0.000000 -0.000000 0.000000 2500.000000 0.999877
1 3 18.000000 0.000000 0.000000 0.070943 -0.000000 0.000000 -0.047955 -0.000000 0.000000 0.996265 0.000000 3000.000000 0.999938
1 3 12.000000 -0.518397 -0.253527 -0.024228 0.253389 -0.518680 0.011842 -0.019068 0.000000 0.816017 0.000000 1000.000000 0.999958
1 0 12.000000 0.000000 -0.000000 -0.203126 0.000000 0.000000 -0.124706 0.000000 0.000000 0.315973 16.000000 2000.000000 0.395791
1 0 12.000000 -0.000000 -0.000000 0.222536 0.000000 -0.000000 -0.255539 0.000000 0.000000 0.204519 0.000000 2000.000000 0.395791
1 0 6.000000 0.322648 0.000000 0.000000 0.000000 0.322648 0.000000 0.000000 0.000000 0.228146 24.000000 3500.000000 0.395161
1 0 18.000000 0.000000 -0.000000 0.022233 0.000000 0.000000 0.258939 -0.000000 0.000000 0.298498 0.000000 3000.000000 0.395783
1 3 15.000000 0.018237 -0.574486 -0.075951 -0.184723 -0.056718 0.769301 -0.546623 0.000000 -0.262507 0.000000 2500.000000 0.999877
1 0 15.000000 0.097843 -0.320996 -0.000000 0.135675 0.231489 -0.000000 0.358670 0.000000 0.000000 6.000000 2500.000000 0.395759
1 3 9.000000 0.816125 0.000000 0.000000 0.000000 0.816125 0.000000 0.000000 0.000000 0.577088 12.000000 3000.000000 0.999545
1 3 12.000000 -0.752363 0.542825 0.000000 -0.486311 -0.839795 0.000000 0.444261 0.000000 0.000000 0.000000 2000.000000 0.999958
1 3 12.000000 0.089373 -0.978865 -0.000000 0.428214 0.204299 -0.000000 0.899200 0.000000 0.000000 0.000000 3500.000000 0.999958
1 0 15.000000 -0.232155 0.157741 -0.000000 -0.100892 -0.362965 -0.000000 -0.304221 0.000000 0.000000 0.000000 2500.000000 0.395759
1 0 6.000000 0.322648 0.000000 0.000000 0.000000 0.322648 0.000000 0.000000 0.000000 0.228146 24.000000 2000.000000 0.395161
1 0 12.000000 -0.087992 -0.361498 -0.000000 0.197385 -0.161152 0.000000 -0.331583 0.000000 0.000000 0.000000 2000.000000 0.395791
1 3 12.000000 0.509340 0.637321 0.022409 -0.636091 0.510325 -0.027986 -0.050703 0.000000 0.576212 0.000000 2000.000000 0.999958
1 0 15.000000 0.054964 -0.160597 0.216315 0.054309 0.162534 0.213737 -0.215030 0.000000 0.109275 0.000000 2500.000000 0.395759
0 0 6.000000 0.000000 0.000000 0.000000 0.000000 0.000000 0.000000 0.000000 0.000000 0.000000 8.000000 800.000000 0.000000
1 3 9.000000 -0.000000 0.000000 -0.121166 -0.000000 -0.000000 -0.040530 -0.000000 0.000000 0.991346 12.000000 3000.000000 0.999545
1 0 12.000000 -0.171930 0.124046 0.120578 -0.111132 -0.191910 0.077939 0.101522 0.000000 0.289517 0.000000 1000.000000 0.395791
1 0 9.000000 -0.372116 0.125503 -0.000000 -0.124473 -0.375194 -0.000000 -0.050570 0.000000 0.000000 12.000000 3000.000000 0.395628
1 0 6.000000 0.322648 0.000000 0.000000 0.000000 0.322648 0.000000 0.000000 0.000000 0.228146 0.000000 800.000000 0.395161
1 3 18.000000 -0.000000 -0.000000 -0.638109 0.000000 -0.000000 0.397581 -0.000000 0.000000 0.659260 0.000000 3000.000000 0.999938
1 0 15.000000 0.000000 -0.000000 -0.109469 -0.000000 -0.000000 0.049126 -0.000000 0.000000 -0.377132 0.000000 2500.000000 0.395759
1 3 18.000000 0.000000 -0.000000 -0.183788 0.000000 0.000000 -0.293788 0.000000 0.000000 0.937970 0.000000 3000.000000 0.999938
1 0 15.000000 0.000000 -0.000000 0.148676 0.000000 0.000000 0.212169 -0.000000 0.000000 0.299174 6.000000 2500.000000 0.395759
1 3 9.000000 -0.227543 0.945852 0.000000 -0.665921 -0.323195 0.000000 0.709834 0.000000 0.000000 12.000000 1500.000000 0.999545
##END
