##LIST_SIZE=101
##LISTDATA
0 0 6.000000 0.000000 0.000000 0.000000 0.000000 0.000000 0.000000 0.000000 0.000000 0.000000 0.000000 3500.000000 0.000000
1 0 6.000000 0.000000 0.000000 0.000000 0.000000 0.000000 0.000000 0.000000 0.000000 0.000000 0.000000 3500.000000 0.000000
1 0 6.000000 0.448459 0.000000 0.000000 0.000000 0.448459 0.000000 0.000000 0.000000 0.317108 0.000000 3500.000000 0.549248
1 1 6.000000 0.633654 0.000000 0.000000 0.000000 0.633654 0.000000 0.000000 0.000000 0.448061 0.000000 3500.000000 0.776065
1 2 6.000000 0.816365 0.000000 0.000000 0.000000 0.816365 0.000000 0.000000 0.000000 0.577257 0.000000 3500.000000 0.999839
1 0 6.000000 0.549248 0.000000 0.000000 0.000000 0.549248 0.000000 0.000000 0.000000 0.000000 0.000000 3500.000000 0.549248
1 1 6.000000 0.776065 0.000000 0.000000 0.000000 0.776065 0.000000 0.000000 0.000000 0.000000 0.000000 3500.000000 0.776065
1 2 6.000000 0.999839 0.000000 0.000000 0.000000 0.999839 0.000000 0.000000 0.000000 0.000000 0.000000 3500.000000 0.999839
1 0 6.000000 0.000000 0.000000 0.000000 0.000000 0.000000 0.000000 0.000000 0.000000 0.549248 0.000000 3500.000000 0.549248
1 1 6.000000 0.000000 0.000000 0.000000 0.000000 0.000000 0.000000 0.000000 0.000000 0.776065 0.000000 3500.000000 0.776065
1 2 6.000000 0.000000 0.000000 0.000000 0.000000 0.000000 0.000000 0.000000 0.000000 0.999839 0.000000 3500.000000 0.999839
1 0 8.000000 0.000000 0.000000 0.000000 0.000000 0.000000 0.000000 0.000000 0.000000 0.000000 0.000000 3500.000000 0.000000
1 0 8.000000 0.448428 0.000000 0.000000 0.000000 0.448428 0.000000 0.000000 0.000000 0.317087 0.000000 3500.000000 0.549210
1 1 8.000000 0.633610 0.000000 0.000000 0.000000 0.633610 0.000000 0.000000 0.000000 0.448030 0.000000 3500.000000 0.776011
1 2 8.000000 0.816309 0.000000 0.000000 0.000000 0.816309 0.000000 0.000000 0.000000 0.577218 0.000000 3500.000000 0.999770
1 0 8.000000 0.549210 0.000000 0.000000 0.000000 0.549210 0.000000 0.000000 0.000000 0.000000 0.000000 3500.000000 0.549210
1 1 8.000000 0.776011 0.000000 0.000000 0.000000 0.776011 0.000000 0.000000 0.000000 0.000000 0.000000 3500.000000 0.776011
1 2 8.000000 0.999770 0.000000 0.000000 0.000000 0.999770 0.000000 0.000000 0.000000 0.000000 0.000000 3500.000000 0.999770
1 0 8.000000 0.000000 0.000000 0.000000 0.000000 0.000000 0.000000 0.000000 0.000000 0.549210 0.000000 3500.000000 0.549210
1 1 8.000000 0.000000 0.000000 0.000000 0.000000 0.000000 0.000000 0.000000 0.000000 0.776011 0.000000 3500.000000 0.776011
1 2 8.000000 0.000000 0.000000 0.000000 0.000000 0.000000 0.000000 0.000000 0.000000 0.999770 0.000000 3500.000000 0.999770
1 0 10.000000 0.000000 0.000000 0.000000 0.000000 0.000000 0.000000 0.000000 0.000000 0.000000 0.000000 3500.000000 0.000000
1 0 10.000000 0.448475 0.000000 0.000000 0.000000 0.448475 0.000000 0.000000 0.000000 0.317120 0.000000 3500.000000 0.549267
1 1 10.000000 0.633676 0.000000 0.000000 0.000000 0.633676 0.000000 0.000000 0.000000 0.448077 0.000000 3500.000000 0.776092
1 2 10.000000 0.816394 0.000000 0.000000 0.000000 0.816394 0.000000 0.000000 0.000000 0.577278 0.000000 3500.000000 0.999874
1 0 10.000000 0.549267 0.000000 0.000000 0.000000 0.549267 0.000000 0.000000 0.000000 0.000000 0.000000 3500.000000 0.549267
1 1 10.000000 0.776092 0.000000 0.000000 0.000000 0.776092 0.000000 0.000000 0.000000 0.000000 0.000000 3500.000000 0.776092
1 2 10.000000 0.999874 0.000000 0.000000 0.000000 0.999874 0.000000 0.000000 0.000000 0.000000 0.000000 3500.000000 0.999874
1 0 10.000000 0.000000 0.000000 0.000000 0.000000 0.000000 0.000000 0.000000 0.000000 0.549267 0.000000 3500.000000 0.549267
1 1 10.000000 0.000000 0.000000 0.000000 0.000000 0.000000 0.000000 0.000000 0.000000 0.776092 0.000000 3500.000000 0.776092
1 2 10.000000 0.000000 0.000000 0.000000 0.000000 0.000000 0.000000 0.000000 0.000000 0.999874 0.000000 3500.000000 0.999874
1 0 12.000000 0.000000 0.000000 0.000000 0.000000 0.000000 0.000000 0.000000 0.000000 0.000000 0.000000 3500.000000 0.000000
1 0 12.000000 0.448521 0.000000 0.000000 0.000000 0.448521 0.000000 0.000000 0.000000 0.317152 0.000000 3500.000000 0.549323
1 1 12.000000 0.633741 0.000000 0.000000 0.000000 0.633741 0.000000 0.000000 0.000000 0.448123 0.000000 3500.000000 0.776171
1 2 12.000000 0.816478 0.000000 0.000000 0.000000 0.816478 0.000000 0.000000 0.000000 0.577337 0.000000 3500.000000 0.999977
1 0 12.000000 0.549323 0.000000 0.000000 0.000000 0.549323 0.000000 0.000000 0.000000 0.000000 0.000000 3500.000000 0.549323
1 1 12.000000 0.776171 0.000000 0.000000 0.000000 0.776171 0.000000 0.000000 0.000000 0.000000 0.000000 3500.000000 0.776171
1 2 12.000000 0.999977 0.000000 0.000000 0.000000 0.999977 0.000000 0.000000 0.000000 0.000000 0.000000 3500.000000 0.999977
1 0 12.000000 0.000000 0.000000 0.000000 0.000000 0.000000 0.000000 0.000000 0.000000 0.549323 0.000000 3500.000000 0.549323
1 1 12.000000 0.000000 0.000000 0.000000 0.000000 0.000000 0.000000 0.000000 0.000000 0.776171 0.000000 3500.000000 0.776171
1 2 12.000000 0.000000 0.000000 0.000000 0.000000 0.000000 0.000000 0.000000 0.000000 0.999977 0.000000 3500.000000 0.999977
1 0 14.000000 0.000000 0.000000 0.000000 0.000000 0.000000 0.000000 0.000000 0.000000 0.000000 0.000000 3500.000000 0.000000
1 0 14.000000 0.448518 0.000000 0.000000 0.000000 0.448518 0.000000 0.000000 0.000000 0.317150 0.000000 3500.000000 0.549320
1 1 14.000000 0.633737 0.000000 0.000000 0.000000 0.633737 0.000000 0.000000 0.000000 0.448120 0.000000 3500.000000 0.776167
1 2 14.000000 0.816473 0.000000 0.000000 0.000000 0.816473 0.000000 0.000000 0.000000 0.577333 0.000000 3500.000000 0.999971
1 0 14.000000 0.549320 0.000000 0.000000 0.000000 0.549320 0.000000 0.000000 0.000000 0.000000 0.000000 3500.000000 0.549320
1 1 14.000000 0.776167 0.000000 0.000000 0.000000 0.776167 0.000000 0.000000 0.000000 0.000000 0.000000 3500.000000 0.776167
1 2 14.000000 0.999971 0.000000 0.000000 0.000000 0.999971 0.000000 0.000000 0.000000 0.000000 0.000000 3500.000000 0.999971
1 0 14.000000 0.000000 0.000000 0.000000 0.000000 0.000000 0.000000 0.000000 0.000000 0.549320 0.000000 3500.000000 0.549320
1 1 14.000000 0.000000 0.000000 0.000000 0.000000 0.000000 0.000000 0.000000 0.000000 0.776167 0.000000 3500.000000 0.776167
1 2 14.000000 0.000000 0.000000 0.000000 0.000000 0.000000 0.000000 0.000000 0.000000 0.999971 0.000000 3500.000000 0.999971
1 0 16.000000 0.000000 0.000000 0.000000 0.000000 0.000000 0.000000 0.000000 0.000000 0.000000 0.000000 3500.000000 0.000000
1 0 16.000000 0.448506 0.000000 0.000000 0.000000 0.448506 0.000000 0.000000 0.000000 0.317142 0.000000 3500.000000 0.549306
1 1 16.000000 0.633721 0.000000 0.000000 0.000000 0.633721 0.000000 0.000000 0.000000 0.448108 0.000000 3500.000000 0.776146
1 2 16.000000 0.816451 0.000000 0.000000 0.000000 0.816451 0.000000 0.000000 0.000000 0.577318 0.000000 3500.000000 0.999944
1 0 16.000000 0.549306 0.000000 0.000000 0.000000 0.549306 0.000000 0.000000 0.000000 0.000000 0.000000 3500.000000 0.549306
1 1 16.000000 0.776146 0.000000 0.000000 0.000000 0.776146 0.000000 0.000000 0.000000 0.000000 0.000000 3500.000000 0.776146
1 2 16.000000 0.999944 0.000000 0.000000 0.000000 0.999944 0.000000 0.000000 0.000000 0.000000 0.000000 3500.000000 0.999944
1 0 16.000000 0.000000 0.000000 0.000000 0.000000 0.000000 0.000000 0.000000 0.000000 0.549306 0.000000 3500.000000 0.549306
1 1 16.000000 0.000000 0.000000 0.000000 0.000000 0.000000 0.000000 0.000000 0.000000 0.776146 0.000000 3500.000000 0.776146
1 2 16.000000 0.000000 0.000000 0.000000 0.000000 0.000000 0.000000 0.000000 0.000000 0.999944 0.000000 3500.000000 0.999944
1 0 18.000000 0.000000 0.000000 0.000000 0.000000 0.000000 0.000000 0.000000 0.000000 0.000000 0.000000 3500.000000 0.000000
1 0 18.000000 0.448514 0.000000 0.000000 0.000000 0.448514 0.000000 0.000000 0.000000 0.317147 0.000000 3500.000000 0.549315
1 1 18.000000 0.633732 0.000000 0.000000 0.000000 0.633732 0.000000 0.000000 0.000000 0.448116 0.000000 3500.000000 0.776159
1 2 18.000000 0.816465 0.000000 0.000000 0.000000 0.816465 0.000000 0.000000 0.000000 0.577328 0.000000 3500.000000 0.999961
1 0 18.000000 0.549315 0.000000 0.000000 0.000000 0.549315 0.000000 0.000000 0.000000 0.000000 0.000000 3500.000000 0.549315
1 1 18.000000 0.776159 0.000000 0.000000 0.000000 0.776159 0.000000 0.000000 0.000000 0.000000 0.000000 3500.000000 0.776159
1 2 18.000000 0.999961 0.000000 0.000000 0.000000 0.999961 0.000000 0.000000 0.000000 0.000000 0.000000 3500.000000 0.999961
1 0 18.000000 0.000000 0.000000 0.000000 0.000000 0.000000 0.000000 0.000000 0.000000 0.549315 0.000000 3500.000000 0.549315
1 1 18.000000 0.000000 0.000000 0.000000 0.000000 0.000000 0.000000 0.000000 0.000000 0.776159 0.000000 3500.000000 0.776159
1 2 18.000000 0.000000 0.000000 0.000000 0.000000 0.000000 0.000000 0.000000 0.000000 0.999961 0.000000 3500.000000 0.999961
1 0 20.000000 0.000000 0.000000 0.000000 0.000000 0.000000 0.000000 0.000000 0.000000 0.000000 0.000000 3500.000000 0.000000
1 0 20.000000 0.448528 0.000000 0.000000 0.000000 0.448528 0.000000 0.000000 0.000000 0.317157 0.000000 3500.000000 0.549332
1 1 20.000000 0.633752 0.000000 0.000000 0.000000 0.633752 0.000000 0.000000 0.000000 0.448130 0.000000 3500.000000 0.776184
1 2 20.000000 0.816491 0.000000 0.000000 0.000000 0.816491 0.000000 0.000000 0.000000 0.577346 0.000000 3500.000000 0.999993
1 0 20.000000 0.549332 0.000000 0.000000 0.000000 0.549332 0.000000 0.000000 0.000000 0.000000 0.000000 3500.000000 0.549332
1 1 20.000000 0.776184 0.000000 0.000000 0.000000 0.776184 0.000000 0.000000 0.000000 0.000000 0.000000 3500.000000 0.776184
1 2 20.000000 0.999993 0.000000 0.000000 0.000000 0.999993 0.000000 0.000000 0.000000 0.000000 0.000000 3500.000000 0.999993
1 0 20.000000 0.000000 0.000000 0.000000 0.000000 0.000000 0.000000 0.000000 0.000000 0.549332 0.000000 3500.000000 0.549332
1 1 20.000000 0.000000 0.000000 0.000000 0.000000 0.000000 0.000000 0.000000 0.000000 0.776184 0.000000 3500.000000 0.776184
1 2 20.000000 0.000000 0.000000 0.000000 0.000000 0.000000 0.000000 0.000000 0.000000 0.999993 0.000000 3500.000000 0.999993
1 0 22.000000 0.000000 0.000000 0.000000 0.000000 0.000000 0.000000 0.000000 0.000000 0.000000 0.000000 3500.000000 0.000000
1 0 22.000000 0.448524 0.000000 0.000000 0.000000 0.448524 0.000000 0.000000 0.000000 0.317154 0.000000 3500.000000 0.549327
1 1 22.000000 0.633746 0.000000 0.000000 0.000000 0.633746 0.000000 0.000000 0.000000 0.448126 0.000000 3500.000000 0.776177
1 2 22.000000 0.816483 0.000000 0.000000 0.000000 0.816483 0.000000 0.000000 0.000000 0.577341 0.000000 3500.000000 0.999984
1 0 22.000000 0.549327 0.000000 0.000000 0.000000 0.549327 0.000000 0.000000 0.000000 0.000000 0.000000 3500.000000 0.549327
1 1 22.000000 0.776177 0.000000 0.000000 0.000000 0.776177 0.000000 0.000000 0.000000 0.000000 0.000000 3500.000000 0.776177
1 2 22.000000 0.999984 0.000000 0.000000 0.000000 0.999984 0.000000 0.000000 0.000000 0.000000 0.000000 3500.000000 0.999984
1 0 22.000000 0.000000 0.000000 0.000000 0.000000 0.000000 0.000000 0.000000 0.000000 0.549327 0.000000 3500.000000 0.549327
1 1 22.000000 0.000000 0.000000 0.000000 0.000000 0.000000 0.000000 0.000000 0.000000 0.776177 0.000000 3500.000000 0.776177
1 2 22.000000 0.000000 0.000000 0.000000 0.000000 0.000000 0.000000 0.000000 0.000000 0.999984 0.000000 3500.000000 0.999984
1 0 24.000000 0.000000 0.000000 0.000000 0.000000 0.000000 0.000000 0.000000 0.000000 0.000000 0.000000 3500.000000 0.000000
1 0 24.000000 0.448528 0.000000 0.000000 0.000000 0.448528 0.000000 0.000000 0.000000 0.317157 0.000000 3500.000000 0.549333
1 1 24.000000 0.633752 0.000000 0.000000 0.000000 0.633752 0.000000 0.000000 0.000000 0.448130 0.000000 3500.000000 0.776185
1 2 24.000000 0.816492 0.000000 0.000000 0.000000 0.816492 0.000000 0.000000 0.000000 0.577347 0.000000 3500.000000 0.999994
1 0 24.000000 0.549333 0.000000 0.000000 0.000000 0.549333 0.000000 0.000000 0.000000 0.000000 0.000000 3500.000000 0.549333
1 1 24.000000 0.776185 0.000000 0.000000 0.000000 0.776185 0.000000 0.000000 0.000000 0.000000 0.000000 3500.000000 0.776185
1 2 24.000000 0.999994 0.000000 0.000000 0.000000 0.999994 0.000000 0.000000 0.000000 0.000000 0.000000 3500.000000 0.999994
1 0 24.000000 0.000000 0.000000 0.000000 0.000000 0.000000 0.000000 0.000000 0.000000 0.549333 0.000000 3500.000000 0.549333
1 1 24.000000 0.000000 0.000000 0.000000 0.000000 0.000000 0.000000 0.000000 0.000000 0.776185 0.000000 3500.000000 0.776185
1 2 24.000000 0.000000 0.000000 0.000000 0.000000 0.000000 0.000000 0.000000 0.000000 0.999994 0.000000 3500.000000 0.999994
##END
