##LIST_SIZE=101
##LISTDATA
0 0 6.000000 0.000000 0.000000 0.000000 0.000000 0.000000 0.000000 0.000000 0.000000 0.000000 0.000000 3500.000000 0.000000
1 0 6.000000 0.000000 0.000000 0.000000 0.000000 0.000000 0.000000 0.000000 0.000000 0.000000 0.000000 3500.000000 0.000000
1 0 6.000000 0.322648 0.000000 0.000000 0.000000 0.322648 0.000000 0.000000 0.000000 0.228146 0.000000 3500.000000 0.395161
1 1 6.000000 0.455888 0.000000 0.000000 0.000000 0.455888 0.000000 0.000000 0.000000 0.322362 0.000000 3500.000000 0.558347
1 3 6.000000 0.815162 0.000000 0.000000 0.000000 0.815162 0.000000 0.000000 0.000000 0.576407 0.000000 3500.000000 0.998366
1 0 6.000000 0.395161 0.000000 0.000000 0.000000 0.395161 0.000000 0.000000 0.000000 0.000000 0.000000 3500.000000 0.395161
1 1 6.000000 0.558347 0.000000 0.000000 0.000000 0.558347 0.000000 0.000000 0.000000 0.000000 0.000000 3500.000000 0.558347
1 3 6.000000 0.998366 0.000000 0.000000 0.000000 0.998366 0.000000 0.000000 0.000000 0.000000 0.000000 3500.000000 0.998366
1 0 6.000000 0.000000 0.000000 0.000000 0.000000 0.000000 0.000000 0.000000 0.000000 0.395161 0.000000 3500.000000 0.395161
1 1 6.000000 0.000000 0.000000 0.000000 0.000000 0.000000 0.000000 0.000000 0.000000 0.558347 0.000000 3500.000000 0.558347
1 3 6.000000 0.000000 0.000000 0.000000 0.000000 0.000000 0.000000 0.000000 0.000000 0.998366 0.000000 3500.000000 0.998366
1 0 8.000000 0.000000 0.000000 0.000000 0.000000 0.000000 0.000000 0.000000 0.000000 0.000000 0.000000 3500.000000 0.000000
1 0 8.000000 0.322927 0.000000 0.000000 0.000000 0.322927 0.000000 0.000000 0.000000 0.228344 0.000000 3500.000000 0.395503
1 1 8.000000 0.456282 0.000000 0.000000 0.000000 0.456282 0.000000 0.000000 0.000000 0.322640 0.000000 3500.000000 0.558829
1 3 8.000000 0.815867 0.000000 0.000000 0.000000 0.815867 0.000000 0.000000 0.000000 0.576905 0.000000 3500.000000 0.999229
1 0 8.000000 0.395503 0.000000 0.000000 0.000000 0.395503 0.000000 0.000000 0.000000 0.000000 0.000000 3500.000000 0.395503
1 1 8.000000 0.558829 0.000000 0.000000 0.000000 0.558829 0.000000 0.000000 0.000000 0.000000 0.000000 3500.000000 0.558829
1 3 8.000000 0.999229 0.000000 0.000000 0.000000 0.999229 0.000000 0.000000 0.000000 0.000000 0.000000 3500.000000 0.999229
1 0 8.000000 0.000000 0.000000 0.000000 0.000000 0.000000 0.000000 0.000000 0.000000 0.395503 0.000000 3500.000000 0.395503
1 1 8.000000 0.000000 0.000000 0.000000 0.000000 0.000000 0.000000 0.000000 0.000000 0.558829 0.000000 3500.000000 0.558829
1 3 8.000000 0.000000 0.000000 0.000000 0.000000 0.000000 0.000000 0.000000 0.000000 0.999229 0.000000 3500.000000 0.999229
1 0 10.000000 0.000000 0.000000 0.000000 0.000000 0.000000 0.000000 0.000000 0.000000 0.000000 0.000000 3500.000000 0.000000
1 0 10.000000 0.323098 0.000000 0.000000 0.000000 0.323098 0.000000 0.000000 0.000000 0.228465 0.000000 3500.000000 0.395712
1 1 10.000000 0.456524 0.000000 0.000000 0.000000 0.456524 0.000000 0.000000 0.000000 0.322811 0.000000 3500.000000 0.559125
1 3 10.000000 0.816299 0.000000 0.000000 0.000000 0.816299 0.000000 0.000000 0.000000 0.577211 0.000000 3500.000000 0.999759
1 0 10.000000 0.395712 0.000000 0.000000 0.000000 0.395712 0.000000 0.000000 0.000000 0.000000 0.000000 3500.000000 0.395712
1 1 10.000000 0.559125 0.000000 0.000000 0.000000 0.559125 0.000000 0.000000 0.000000 0.000000 0.000000 3500.000000 0.559125
1 3 10.000000 0.999759 0.000000 0.000000 0.000000 0.999759 0.000000 0.000000 0.000000 0.000000 0.000000 3500.000000 0.999759
1 0 10.000000 0.000000 0.000000 0.000000 0.000000 0.000000 0.000000 0.000000 0.000000 0.395712 0.000000 3500.000000 0.395712
1 1 10.000000 0.000000 0.000000 0.000000 0.000000 0.000000 0.000000 0.000000 0.000000 0.559125 0.000000 3500.000000 0.559125
1 3 10.000000 0.000000 0.000000 0.000000 0.000000 0.000000 0.000000 0.000000 0.000000 0.999759 0.000000 3500.000000 0.999759
1 0 12.000000 0.000000 0.000000 0.000000 0.000000 0.000000 0.000000 0.000000 0.000000 0.000000 0.000000 3500.000000 0.000000
1 0 12.000000 0.323162 0.000000 0.000000 0.000000 0.323162 0.000000 0.000000 0.000000 0.228510 0.000000 3500.000000 0.395791
1 1 12.000000 0.456615 0.000000 0.000000 0.000000 0.456615 0.000000 0.000000 0.000000 0.322876 0.000000 3500.000000 0.559237
1 3 12.000000 0.816462 0.000000 0.000000 0.000000 0.816462 0.000000 0.000000 0.000000 0.577326 0.000000 3500.000000 0.999958
1 0 12.000000 0.395791 0.000000 0.000000 0.000000 0.395791 0.000000 0.000000 0.000000 0.000000 0.000000 3500.000000 0.395791
1 1 12.000000 0.559237 0.000000 0.000000 0.000000 0.559237 0.000000 0.000000 0.000000 0.000000 0.000000 3500.000000 0.559237
1 3 12.000000 0.999958 0.000000 0.000000 0.000000 0.999958 0.000000 0.000000 0.000000 0.000000 0.000000 3500.000000 0.999958
1 0 12.000000 0.000000 0.000000 0.000000 0.000000 0.000000 0.000000 0.000000 0.000000 0.395791 0.000000 3500.000000 0.395791
1 1 12.000000 0.000000 0.000000 0.000000 0.000000 0.000000 0.000000 0.000000 0.000000 0.559237 0.000000 3500.000000 0.559237
1 3 12.000000 0.000000 0.000000 0.000000 0.000000 0.000000 0.000000 0.000000 0.000000 0.999958 0.000000 3500.000000 0.999958
1 0 14.000000 0.000000 0.000000 0.000000 0.000000 0.000000 0.000000 0.000000 0.000000 0.000000 0.000000 3500.000000 0.000000
1 0 14.000000 0.323168 0.000000 0.000000 0.000000 0.323168 0.000000 0.000000 0.000000 0.228514 0.000000 3500.000000 0.395798
1 1 14.000000 0.456623 0.000000 0.000000 0.000000 0.456623 0.000000 0.000000 0.000000 0.322881 0.000000 3500.000000 0.559246
1 3 14.000000 0.816476 0.000000 0.000000 0.000000 0.816476 0.000000 0.000000 0.000000 0.577336 0.000000 3500.000000 0.999975
1 0 14.000000 0.395798 0.000000 0.000000 0.000000 0.395798 0.000000 0.000000 0.000000 0.000000 0.000000 3500.000000 0.395798
1 1 14.000000 0.559246 0.000000 0.000000 0.000000 0.559246 0.000000 0.000000 0.000000 0.000000 0.000000 3500.000000 0.559246
1 3 14.000000 0.999975 0.000000 0.000000 0.000000 0.999975 0.000000 0.000000 0.000000 0.000000 0.000000 3500.000000 0.999975
1 0 14.000000 0.000000 0.000000 0.000000 0.000000 0.000000 0.000000 0.000000 0.000000 0.395798 0.000000 3500.000000 0.395798
1 1 14.000000 0.000000 0.000000 0.000000 0.000000 0.000000 0.000000 0.000000 0.000000 0.559246 0.000000 3500.000000 0.559246
1 3 14.000000 0.000000 0.000000 0.000000 0.000000 0.000000 0.000000 0.000000 0.000000 0.999975 0.000000 3500.000000 0.999975
1 0 16.000000 0.000000 0.000000 0.000000 0.000000 0.000000 0.000000 0.000000 0.000000 0.000000 0.000000 3500.000000 0.000000
1 0 16.000000 0.323143 0.000000 0.000000 0.000000 0.323143 0.000000 0.000000 0.000000 0.228497 0.000000 3500.000000 0.395768
1 1 16.000000 0.456588 0.000000 0.000000 0.000000 0.456588 0.000000 0.000000 0.000000 0.322857 0.000000 3500.000000 0.559204
1 3 16.000000 0.816415 0.000000 0.000000 0.000000 0.816415 0.000000 0.000000 0.000000 0.577292 0.000000 3500.000000 0.999900
1 0 16.000000 0.395768 0.000000 0.000000 0.000000 0.395768 0.000000 0.000000 0.000000 0.000000 0.000000 3500.000000 0.395768
1 1 16.000000 0.559204 0.000000 0.000000 0.000000 0.559204 0.000000 0.000000 0.000000 0.000000 0.000000 3500.000000 0.559204
1 3 16.000000 0.999900 0.000000 0.000000 0.000000 0.999900 0.000000 0.000000 0.000000 0.000000 0.000000 3500.000000 0.999900
1 0 16.000000 0.000000 0.000000 0.000000 0.000000 0.000000 0.000000 0.000000 0.000000 0.395768 0.000000 3500.000000 0.395768
1 1 16.000000 0.000000 0.000000 0.000000 0.000000 0.000000 0.000000 0.000000 0.000000 0.559204 0.000000 3500.000000 0.559204
1 3 16.000000 0.000000 0.000000 0.000000 0.000000 0.000000 0.000000 0.000000 0.000000 0.999900 0.000000 3500.000000 0.999900
1 0 18.000000 0.000000 0.000000 0.000000 0.000000 0.000000 0.000000 0.000000 0.000000 0.000000 0.000000 3500.000000 0.000000
1 0 18.000000 0.323156 0.000000 0.000000 0.000000 0.323156 0.000000 0.000000 0.000000 0.228506 0.000000 3500.000000 0.395783
1 1 18.000000 0.456606 0.000000 0.000000 0.000000 0.456606 0.000000 0.000000 0.000000 0.322869 0.000000 3500.000000 0.559226
1 3 18.000000 0.816446 0.000000 0.000000 0.000000 0.816446 0.000000 0.000000 0.000000 0.577315 0.000000 3500.000000 0.999938
1 0 18.000000 0.395783 0.000000 0.000000 0.000000 0.395783 0.000000 0.000000 0.000000 0.000000 0.000000 3500.000000 0.395783
1 1 18.000000 0.559226 0.000000 0.000000 0.000000 0.559226 0.000000 0.000000 0.000000 0.000000 0.000000 3500.000000 0.559226
1 3 18.000000 0.999938 0.000000 0.000000 0.000000 0.999938 0.000000 0.000000 0.000000 0.000000 0.000000 3500.000000 0.999938
1 0 18.000000 0.000000 0.000000 0.000000 0.000000 0.000000 0.000000 0.000000 0.000000 0.395783 0.000000 3500.000000 0.395783
1 1 18.000000 0.000000 0.000000 0.000000 0.000000 0.000000 0.000000 0.000000 0.000000 0.559226 0.000000 3500.000000 0.559226
1 3 18.000000 0.000000 0.000000 0.000000 0.000000 0.000000 0.000000 0.000000 0.000000 0.999938 0.000000 3500.000000 0.999938
1 0 20.000000 0.000000 0.000000 0.000000 0.000000 0.000000 0.000000 0.000000 0.000000 0.000000 0.000000 3500.000000 0.000000
1 0 20.000000 0.323172 0.000000 0.000000 0.000000 0.323172 0.000000 0.000000 0.000000 0.228517 0.000000 3500.000000 0.395803
1 1 20.000000 0.456628 0.000000 0.000000 0.000000 0.456628 0.000000 0.000000 0.000000 0.322885 0.000000 3500.000000 0.559253
1 3 20.000000 0.816486 0.000000 0.000000 0.000000 0.816486 0.000000 0.000000 0.000000 0.577343 0.000000 3500.000000 0.999988
1 0 20.000000 0.395803 0.000000 0.000000 0.000000 0.395803 0.000000 0.000000 0.000000 0.000000 0.000000 3500.000000 0.395803
1 1 20.000000 0.559253 0.000000 0.000000 0.000000 0.559253 0.000000 0.000000 0.000000 0.000000 0.000000 3500.000000 0.559253
1 3 20.000000 0.999988 0.000000 0.000000 0.000000 0.999988 0.000000 0.000000 0.000000 0.000000 0.000000 3500.000000 0.999988
1 0 20.000000 0.000000 0.000000 0.000000 0.000000 0.000000 0.000000 0.000000 0.000000 0.395803 0.000000 3500.000000 0.395803
1 1 20.000000 0.000000 0.000000 0.000000 0.000000 0.000000 0.000000 0.000000 0.000000 0.559253 0.000000 3500.000000 0.559253
1 3 20.000000 0.000000 0.000000 0.000000 0.000000 0.000000 0.000000 0.000000 0.000000 0.999988 0.000000 3500.000000 0.999988
1 0 22.000000 0.000000 0.000000 0.000000 0.000000 0.000000 0.000000 0.000000 0.000000 0.000000 0.000000 3500.000000 0.000000
1 0 22.000000 0.323168 0.000000 0.000000 0.000000 0.323168 0.000000 0.000000 0.000000 0.228514 0.000000 3500.000000 0.395798
1 1 22.000000 0.456623 0.000000 0.000000 0.000000 0.456623 0.000000 0.000000 0.000000 0.322881 0.000000 3500.000000 0.559246
1 3 22.000000 0.816476 0.000000 0.000000 0.000000 0.816476 0.000000 0.000000 0.000000 0.577336 0.000000 3500.000000 0.999975
1 0 22.000000 0.395798 0.000000 0.000000 0.000000 0.395798 0.000000 0.000000 0.000000 0.000000 0.000000 3500.000000 0.395798
1 1 22.000000 0.559246 0.000000 0.000000 0.000000 0.559246 0.000000 0.000000 0.000000 0.000000 0.000000 3500.000000 0.559246
1 3 22.000000 0.999975 0.000000 0.000000 0.000000 0.999975 0.000000 0.000000 0.000000 0.000000 0.000000 3500.000000 0.999975
1 0 22.000000 0.000000 0.000000 0.000000 0.000000 0.000000 0.000000 0.000000 0.000000 0.395798 0.000000 3500.000000 0.395798
1 1 22.000000 0.000000 0.000000 0.000000 0.000000 0.000000 0.000000 0.000000 0.000000 0.559246 0.000000 3500.000000 0.559246
1 3 22.000000 0.000000 0.000000 0.000000 0.000000 0.000000 0.000000 0.000000 0.000000 0.999975 0.000000 3500.000000 0.999975
1 0 24.000000 0.000000 0.000000 0.000000 0.000000 0.000000 0.000000 0.000000 0.000000 0.000000 0.000000 3500.000000 0.000000
1 0 24.000000 0.323173 0.000000 0.000000 0.000000 0.323173 0.000000 0.000000 0.000000 0.228518 0.000000 3500.000000 0.395804
1 1 24.000000 0.456630 0.000000 0.000000 0.000000 0.456630 0.000000 0.000000 0.000000 0.322886 0.000000 3500.000000 0.559255
1 3 24.000000 0.816489 0.000000 0.000000 0.000000 0.816489 0.000000 0.000000 0.000000 0.577345 0.000000 3500.000000 0.999991
1 0 24.000000 0.395804 0.000000 0.000000 0.000000 0.395804 0.000000 0.000000 0.000000 0.000000 0.000000 3500.000000 0.395804
1 1 24.000000 0.559255 0.000000 0.000000 0.000000 0.559255 0.000000 0.000000 0.000000 0.000000 0.000000 3500.000000 0.559255
1 3 24.000000 0.999991 0.000000 0.000000 0.000000 0.999991 0.000000 0.000000 0.000000 0.000000 0.000000 3500.000000 0.999991
1 0 24.000000 0.000000 0.000000 0.000000 0.000000 0.000000 0.000000 0.000000 0.000000 0.395804 0.000000 3500.000000 0.395804
1 1 24.000000 0.000000 0.000000 0.000000 0.000000 0.000000 0.000000 0.000000 0.000000 0.559255 0.000000 3500.000000 0.559255
1 3 24.000000 0.000000 0.000000 0.000000 0.000000 0.000000 0.000000 0.000000 0.000000 0.999991 0.000000 3500.000000 0.999991
##END
