##LIST_SIZE=303
##LISTDATA
0 0 6.000000 0.000000 0.000000 0.000000 0.000000 0.000000 0.000000 0.000000 0.000000 0.000000 0.000000 3000.000000 0.000000
1 0 12.000000 -0.303957 0.102515 -0.027700 -0.101674 -0.306471 -0.009266 -0.041307 0.000000 0.226636 0.000000 2000.000000 0.395791
1 3 9.000000 0.359133 0.780952 0.000000 -0.449563 0.623863 -0.000000 -0.817317 0.000000 0.000000 0.000000 2000.000000 0.999545
1 0 12.000000 0.000000 -0.000000 0.032677 0.000000 0.000000 0.138782 -0.000000 0.000000 0.369219 0.000000 2000.000000 0.395791
1 0 18.000000 -0.000000 0.000000 0.147675 -0.000000 -0.000000 0.095454 0.000000 0.000000 0.354578 0.000000 3500.000000 0.395783
1 3 15.000000 0.064510 -0.996212 0.000000 0.751338 0.085535 0.000000 -0.656570 0.000000 0.000000 0.000000 2500.000000 0.999877
1 3 18.000000 0.680306 -0.523166 -0.000000 0.417661 0.852158 -0.000000 0.602179 0.000000 0.000000 0.000000 3500.000000 0.999938
1 0 6.000000 0.322648 0.000000 0.000000 0.000000 0.322648 0.000000 0.000000 0.000000 0.228146 8.000000 2000.000000 0.395161
1 0 9.000000 0.323029 0.000000 0.000000 0.000000 0.323029 0.000000 0.000000 0.000000 0.228416 12.000000 3000.000000 0.395628
1 0 6.000000 0.210472 0.000000 0.000000 0.000000 0.210472 0.000000 0.000000 0.000000 0.148826 8.000000 800.000000 0.257775
1 0 15.000000 0.000000 -0.000000 0.022231 0.000000 0.000000 0.258923 -0.000000 0.000000 0.298480 0.000000 2500.000000 0.395759
1 3 18.000000 -0.000000 -0.000000 0.562222 0.000000 -0.000000 -0.645602 0.000000 0.000000 0.516703 0.000000 3500.000000 0.999938
1 1 12.000000 0.000000 -0.000000 0.046171 0.000000 0.000000 0.196094 -0.000000 0.000000 0.521691 0.000000 2000.000000 0.559237
1 0 6.000000 0.322648 0.000000 0.000000 0.000000 0.322648 0.000000 0.000000 0.000000 0.228146 24.000000 800.000000 0.395161
1 3 12.000000 0.615485 0.742821 -0.000000 0.682965 -0.669427 -0.000000 -0.393259 0.000000 -0.000000 0.000000 2000.000000 0.999958
1 0 9.000000 0.197753 0.304612 -0.000000 0.238609 -0.252454 -0.000000 -0.245928 0.000000 -0.000000 0.000000 2000.000000 0.395628
1 3 18.000000 -0.000000 -0.000000 0.000818 0.000000 -0.000000 -0.063329 0.000000 0.000000 0.997931 0.000000 3500.000000 0.999938
1 3 12.000000 0.326121 -0.477725 0.000000 0.177351 0.878462 0.000000 -0.928497 0.000000 0.000000 0.000000 2000.000000 0.999958
1 3 9.000000 -0.190272 -0.905912 -0.000000 0.408080 -0.422391 0.000000 -0.892389 0.000000 0.000000 0.000000 2000.000000 0.999545
1 3 12.000000 -0.004032 -0.980900 0.000000 -0.020355 0.194298 0.000000 -0.999743 0.000000 -0.000000 0.000000 2000.000000 0.999958
1 3 9.000000 -0.000000 0.000000 -0.291109 -0.000000 -0.000000 -0.953834 -0.000000 0.000000 0.067430 0.000000 2000.000000 0.999545
1 1 12.000000 0.000000 0.000000 -0.147236 0.000000 -0.000000 -0.163379 -0.000000 0.000000 -0.514174 0.000000 2000.000000 0.559237
1 0 9.000000 -0.000000 -0.000000 -0.149262 0.000000 -0.000000 0.320127 -0.000000 0.000000 0.178216 0.000000 2000.000000 0.395628
1 1 12.000000 0.284854 0.356429 0.012533 -0.355741 0.285405 -0.015651 -0.028356 0.000000 0.322252 0.000000 2000.000000 0.559237
1 0 15.000000 0.293940 -0.214748 0.000000 0.189884 0.332429 0.000000 -0.184849 0.000000 0.000000 0.000000 2500.000000 0.395759
1 0 12.000000 -0.077485 0.361648 0.000000 0.174252 0.160815 -0.000000 -0.346819 0.000000 -0.000000 0.000000 2000.000000 0.395791
1 0 6.000000 0.322648 0.000000 0.000000 0.000000 0.322648 0.000000 0.000000 0.000000 0.228146 24.000000 2000.000000 0.395161
0 0 6.000000 0.000000 0.000000 0.000000 0.000000 0.000000 0.000000 0.000000 0.000000 0.000000 4.000000 3000.000000 0.000000
1 0 15.000000 -0.000000 -0.000000 -0.252553 0.000000 -0.000000 0.157356 -0.000000 0.000000 0.260924 0.000000 2500.000000 0.395759
1 3 9.000000 0.000000 0.000000 0.510125 -0.000000 0.000000 -0.638576 -0.000000 0.000000 0.575399 0.000000 2000.000000 0.999545
1 0 15.000000 0.000000 -0.000000 -0.159997 0.000000 0.000000 -0.332702 0.000000 0.000000 0.142603 0.000000 2500.000000 0.395759
1 0 12.000000 -0.000000 0.000000 0.090883 -0.000000 -0.000000 0.265975 0.000000 0.000000 0.278654 0.000000 3500.000000 0.395791
1 1 12.000000 -0.130000 -0.389457 -0.000000 0.126153 -0.401334 0.000000 -0.529085 0.000000 0.000000 0.000000 2000.000000 0.559237
1 3 15.000000 0.509299 0.637270 0.022407 -0.636040 0.510284 -0.027984 -0.050699 0.000000 0.576165 0.000000 2500.000000 0.999877
1 0 9.000000 0.035360 -0.387283 -0.000000 0.169420 0.080830 -0.000000 0.355764 0.000000 0.000000 12.000000 1500.000000 0.395628
1 1 12.000000 0.194446 0.483916 0.000000 -0.335689 0.280306 -0.000000 -0.402802 0.000000 0.000000 0.000000 2000.000000 0.559237
1 0 9.000000 -0.007791 0.378397 -0.000000 -0.025527 -0.115486 -0.000000 -0.394727 0.000000 0.000000 0.000000 2000.000000 0.395628
1 1 12.000000 -0.109483 0.510994 0.000000 0.246210 0.227225 -0.000000 -0.490041 0.000000 -0.000000 0.000000 2000.000000 0.559237
1 1 12.000000 0.119565 -0.544351 0.000000 0.507805 0.128170 0.000000 -0.201456 0.000000 0.000000 0.000000 2000.000000 0.559237
1 0 15.000000 0.000000 -0.000000 -0.072740 0.000000 0.000000 -0.116277 0.000000 0.000000 0.371233 0.000000 2500.000000 0.395759
1 0 9.000000 -0.000000 0.000000 0.090845 -0.000000 -0.000000 0.265866 0.000000 0.000000 0.278539 12.000000 3000.000000 0.395628
1 0 6.000000 0.000000 0.000000 0.000000 0.000000 0.000000 0.000000 0.000000 0.000000 0.000000 24.000000 800.000000 0.000000
1 3 12.000000 0.347685 -0.865278 -0.000000 -0.600238 -0.501208 0.000000 -0.720240 0.000000 -0.000000 0.000000 2000.000000 0.999958
1 0 12.000000 0.084620 -0.385256 0.000000 0.359391 0.090710 0.000000 -0.142577 0.000000 0.000000 0.000000 2000.000000 0.395791
1 3 9.000000 -0.000000 0.000000 0.229519 -0.000000 -0.000000 0.671704 0.000000 0.000000 0.703723 12.000000 1500.000000 0.999545
1 3 9.000000 0.000000 0.000000 -0.396479 0.000000 -0.000000 -0.478391 -0.000000 0.000000 -0.782967 0.000000 2000.000000 0.999545
1 0 6.000000 0.000000 0.000000 0.000000 0.000000 0.000000 0.000000 0.000000 0.000000 0.000000 0.000000 2000.000000 0.000000
1 3 9.000000 -0.000000 -0.000000 0.557559 -0.000000 0.000000 0.811667 -0.000000 0.000000 -0.171511 0.000000 2000.000000 0.999545
1 3 9.000000 -0.227543 0.945852 0.000000 -0.665921 -0.323195 0.000000 0.709834 0.000000 0.000000 12.000000 3000.000000 0.999545
1 3 9.000000 0.000000 -0.000000 0.612526 0.000000 0.000000 0.362386 -0.000000 0.000000 0.701840 0.000000 2000.000000 0.999545
1 0 18.000000 -0.000000 -0.000000 -0.135006 0.000000 -0.000000 0.302847 -0.000000 0.000000 0.216106 0.000000 3500.000000 0.395783
1 3 12.000000 0.000000 -0.000000 0.082557 0.000000 0.000000 0.350631 -0.000000 0.000000 0.932823 0.000000 2000.000000 0.999958
1 0 12.000000 0.246910 0.308950 0.000000 -0.308354 0.247387 -0.000000 -0.024579 0.000000 0.000000 0.000000 3500.000000 0.395791
1 0 6.000000 0.322648 0.000000 0.000000 0.000000 0.322648 0.000000 0.000000 0.000000 0.228146 0.000000 3500.000000 0.395161
1 1 12.000000 0.040811 -0.446983 -0.059319 0.195537 0.093290 -0.284218 0.410606 0.000000 0.141245 0.000000 2000.000000 0.559237
1 3 18.000000 -0.339334 -0.754079 0.000000 0.389659 -0.656689 -0.000000 0.856093 0.000000 0.000000 0.000000 3500.000000 0.999938
1 0 12.000000 0.000000 0.000000 0.142889 -0.000000 0.000000 -0.246681 -0.000000 0.000000 0.274558 0.000000 2000.000000 0.395791
1 3 12.000000 0.347685 0.865278 0.000000 -0.600238 0.501208 -0.000000 -0.720240 0.000000 0.000000 0.000000 2000.000000 0.999958
1 0 12.000000 -0.000000 0.000000 -0.047978 -0.000000 -0.000000 -0.016049 -0.000000 0.000000 0.392545 0.000000 3500.000000 0.395791
1 3 9.000000 -0.940144 0.317080 -0.000000 -0.314479 -0.947919 -0.000000 -0.127765 0.000000 0.000000 12.000000 1500.000000 0.999545
1 1 12.000000 -0.000000 -0.000000 0.108640 -0.000000 0.000000 0.548460 -0.000000 0.000000 -0.011605 0.000000 2000.000000 0.559237
1 0 12.000000 -0.372270 0.125555 -0.000000 -0.124525 -0.375349 -0.000000 -0.050591 0.000000 0.000000 0.000000 3500.000000 0.395791
1 3 9.000000 0.816125 0.000000 0.000000 0.000000 0.816125 0.000000 0.000000 0.000000 0.577088 0.000000 2000.000000 0.999545
1 0 18.000000 0.269270 -0.207073 -0.000000 0.165313 0.337291 -0.000000 0.238347 0.000000 0.000000 0.000000 3500.000000 0.395783
1 1 12.000000 -0.000000 0.000000 0.526659 0.000000 0.000000 -0.187852 -0.000000 0.000000 -0.009396 0.000000 2000.000000 0.559237
1 0 15.000000 0.201585 0.252237 0.008869 -0.251750 0.201975 -0.011076 -0.020067 0.000000 0.228051 0.000000 2500.000000 0.395759
1 0 9.000000 -0.000000 0.000000 -0.047958 -0.000000 -0.000000 -0.016042 -0.000000 0.000000 0.392383 12.000000 3000.000000 0.395628
1 3 12.000000 -0.940532 0.317211 -0.000000 -0.314609 -0.948311 -0.000000 -0.127817 0.000000 0.000000 0.000000 3500.000000 0.999958
1 3 12.000000 0.623812 0.780556 0.000000 -0.779049 0.625018 -0.000000 -0.062098 0.000000 0.000000 0.000000 3500.000000 0.999958
1 3 9.000000 -0.000000 -0.000000 -0.377108 0.000000 -0.000000 0.808794 -0.000000 0.000000 0.450259 0.000000 2000.000000 0.999545
1 0 12.000000 0.323162 0.000000 0.000000 0.000000 0.323162 0.000000 0.000000 0.000000 0.228510 0.000000 3500.000000 0.395791
1 3 15.000000 0.156143 -0.901096 -0.000000 0.324689 0.433338 -0.000000 0.932712 0.000000 0.000000 0.000000 2500.000000 0.999877
1 0 12.000000 -0.006263 0.132968 0.000000 0.002234 0.372787 -0.000000 -0.395735 0.000000 -0.000000 0.000000 2000.000000 0.395791
1 0 15.000000 0.225067 0.147765 0.000000 -0.090585 0.367139 -0.000000 -0.312674 0.000000 0.000000 0.000000 2500.000000 0.395759
1 0 12.000000 0.137616 0.342484 0.000000 -0.237579 0.198382 -0.000000 -0.285077 0.000000 0.000000 0.000000 2000.000000 0.395791
1 0 18.000000 0.000000 -0.000000 -0.203122 0.000000 0.000000 -0.124703 0.000000 0.000000 0.315967 0.000000 3500.000000 0.395783
1 0 12.000000 0.243614 0.294015 -0.000000 0.270323 -0.264965 -0.000000 -0.155655 0.000000 -0.000000 0.000000 2000.000000 0.395791
1 1 12.000000 -0.372177 -0.236491 0.000000 -0.173680 0.506772 0.000000 -0.379560 0.000000 -0.000000 0.000000 2000.000000 0.559237
1 3 9.000000 0.000000 -0.000000 -0.183638 0.000000 0.000000 -0.879870 0.000000 0.000000 0.437260 12.000000 3000.000000 0.999545
1 0 9.000000 -0.038437 -0.326101 0.000000 -0.055955 0.224009 0.000000 -0.389760 0.000000 -0.000000 0.000000 2000.000000 0.395628
1 0 9.000000 0.000000 -0.000000 -0.072685 0.000000 0.000000 -0.348260 0.000000 0.000000 0.173071 12.000000 3000.000000 0.395628
1 3 9.000000 -0.000000 0.000000 -0.121166 -0.000000 -0.000000 -0.040530 -0.000000 0.000000 0.991346 12.000000 3000.000000 0.999545
1 3 9.000000 -0.000000 0.000000 0.229519 -0.000000 -0.000000 0.671704 0.000000 0.000000 0.703723 12.000000 3000.000000 0.999545
1 3 12.000000 -0.000000 0.000000 0.229614 -0.000000 -0.000000 0.671981 0.000000 0.000000 0.704013 0.000000 3500.000000 0.999958
1 0 12.000000 -0.073567 0.305803 0.052471 -0.215298 -0.104492 0.153561 0.229496 0.000000 0.160881 0.000000 2000.000000 0.395791
1 3 15.000000 -0.000000 -0.000000 -0.638070 0.000000 -0.000000 0.397557 -0.000000 0.000000 0.659220 0.000000 2500.000000 0.999877
1 0 15.000000 0.000000 0.000000 0.000000 0.000000 0.000000 0.000000 0.000000 0.000000 0.000000 0.000000 2500.000000 0.000000
1 3 15.000000 0.742632 -0.542556 0.000000 0.479738 0.839874 0.000000 -0.467016 0.000000 0.000000 0.000000 2500.000000 0.999877
1 3 9.000000 -0.000000 -0.000000 0.380718 -0.000000 0.000000 0.146416 -0.000000 0.000000 -0.912528 0.000000 2000.000000 0.999545
1 3 12.000000 0.072972 -0.799240 -0.106067 0.349635 0.166810 -0.508203 0.734194 0.000000 0.252557 0.000000 2000.000000 0.999958
1 0 9.000000 -0.090063 0.374376 0.000000 -0.263577 -0.127923 0.000000 0.280958 0.000000 0.000000 12.000000 1500.000000 0.395628
1 0 6.000000 0.322648 0.000000 0.000000 0.000000 0.322648 0.000000 0.000000 0.000000 0.228146 8.000000 3500.000000 0.395161
0 0 6.000000 0.000000 0.000000 0.000000 0.000000 0.000000 0.000000 0.000000 0.000000 0.000000 8.000000 800.000000 0.000000
1 0 9.000000 0.142148 -0.309107 -0.000000 -0.177941 -0.246930 0.000000 -0.323501 0.000000 -0.000000 0.000000 2000.000000 0.395628
1 3 12.000000 0.000000 0.000000 -0.966159 0.000000 -0.000000 -0.112489 -0.000000 0.000000 -0.231944 0.000000 2000.000000 0.999958
1 0 15.000000 -0.073561 0.305778 0.052467 -0.215281 -0.104483 0.153549 0.229478 0.000000 0.160868 0.000000 2500.000000 0.395759
1 3 12.000000 -0.000000 0.000000 0.941706 0.000000 0.000000 -0.335893 -0.000000 0.000000 -0.016800 0.000000 2000.000000 0.999958
1 1 12.000000 -0.000000 0.000000 -0.226005 -0.000000 -0.000000 -0.511145 -0.000000 0.000000 0.019958 0.000000 2000.000000 0.559237
1 3 12.000000 -0.227637 0.946242 0.000000 -0.666195 -0.323328 0.000000 0.710127 0.000000 0.000000 0.000000 3500.000000 0.999958
1 3 9.000000 -0.000000 0.000000 0.845859 0.000000 0.000000 -0.436732 -0.000000 0.000000 -0.304760 0.000000 2000.000000 0.999545
1 0 9.000000 0.000000 0.000000 0.000000 0.000000 0.000000 0.000000 0.000000 0.000000 0.000000 12.000000 3000.000000 0.000000
1 3 15.000000 -0.185850 0.772541 0.132557 -0.543902 -0.263975 0.387937 0.579770 0.000000 0.406430 0.000000 2500.000000 0.999877
1 0 18.000000 0.323156 0.000000 0.000000 0.000000 0.323156 0.000000 0.000000 0.000000 0.228506 0.000000 3500.000000 0.395783
1 0 15.000000 0.000000 0.000000 0.290062 -0.000000 0.000000 -0.116743 -0.000000 0.000000 0.242612 0.000000 2500.000000 0.395759
1 0 9.000000 -0.000000 -0.000000 0.220686 -0.000000 0.000000 0.321264 -0.000000 0.000000 -0.067885 0.000000 2000.000000 0.395628
1 1 12.000000 -0.008071 0.511471 -0.000000 -0.018253 -0.226150 -0.000000 -0.558881 0.000000 0.000000 0.000000 2000.000000 0.559237
1 3 9.000000 0.089336 -0.978462 -0.000000 0.428037 0.204215 -0.000000 0.898829 0.000000 0.000000 12.000000 3000.000000 0.999545
1 0 9.000000 0.323029 0.000000 0.000000 0.000000 0.323029 0.000000 0.000000 0.000000 0.228416 0.000000 2000.000000 0.395628
1 1 12.000000 -0.000000 0.000000 0.199110 0.000000 0.000000 -0.447767 -0.000000 0.000000 -0.269455 0.000000 2000.000000 0.559237
1 3 12.000000 0.230388 0.115642 -0.000000 0.026824 -0.993249 -0.000000 -0.972686 0.000000 -0.000000 0.000000 2000.000000 0.999958
1 3 9.000000 -0.270796 0.458567 0.000000 0.139817 0.888148 -0.000000 -0.951952 0.000000 -0.000000 0.000000 2000.000000 0.999545
1 1 12.000000 -0.008850 0.187878 0.000000 0.003157 0.526733 -0.000000 -0.559158 0.000000 -0.000000 0.000000 2000.000000 0.559237
1 0 15.000000 0.000000 -0.000000 0.155269 0.000000 0.000000 0.100303 -0.000000 0.000000 0.349938 0.000000 2500.000000 0.395759
1 1 12.000000 0.000000 0.000000 0.201896 -0.000000 0.000000 -0.348550 -0.000000 0.000000 0.387939 0.000000 2000.000000 0.559237
1 0 12.000000 -0.092005 -0.275632 -0.000000 0.089283 -0.284038 0.000000 -0.374452 0.000000 0.000000 0.000000 2000.000000 0.395791
1 1 12.000000 -0.000000 -0.000000 0.343951 -0.000000 0.000000 0.160509 -0.000000 0.000000 -0.410707 0.000000 2000.000000 0.559237
1 3 9.000000 -0.059159 0.079719 -0.000000 -0.004733 -0.996361 -0.000000 -0.997782 0.000000 0.000000 0.000000 2000.000000 0.999545
1 3 9.000000 0.816125 0.000000 0.000000 0.000000 0.816125 0.000000 0.000000 0.000000 0.577088 12.000000 3000.000000 0.999545
1 0 12.000000 -0.263402 -0.167373 0.000000 -0.122920 0.358660 0.000000 -0.268627 0.000000 -0.000000 0.000000 2000.000000 0.395791
1 0 6.000000 0.322648 0.000000 0.000000 0.000000 0.322648 0.000000 0.000000 0.000000 0.228146 0.000000 800.000000 0.395161
1 3 15.000000 0.825333 0.559953 0.000000 -0.557896 0.828376 -0.000000 -0.085626 0.000000 0.000000 0.000000 2500.000000 0.999877
1 3 12.000000 0.509340 0.637321 0.022409 -0.636091 0.510325 -0.027986 -0.050703 0.000000 0.576212 0.000000 2000.000000 0.999958
1 1 12.000000 -0.002255 -0.548578 0.000000 -0.011384 0.108663 0.000000 -0.559116 0.000000 -0.000000 0.000000 2000.000000 0.559237
1 3 12.000000 -0.665480 -0.422864 0.000000 -0.310554 0.906147 0.000000 -0.678681 0.000000 -0.000000 0.000000 2000.000000 0.999958
1 0 12.000000 0.000000 -0.000000 -0.072715 0.000000 0.000000 -0.348403 0.000000 0.000000 0.173143 0.000000 3500.000000 0.395791
1 1 12.000000 0.344216 0.415430 -0.000000 0.381955 -0.374384 -0.000000 -0.219934 0.000000 -0.000000 0.000000 2000.000000 0.559237
1 0 6.000000 0.000000 0.000000 0.000000 0.000000 0.000000 0.000000 0.000000 0.000000 0.000000 24.000000 2000.000000 0.000000
1 0 15.000000 0.028881 -0.316320 -0.041979 0.138377 0.066019 -0.201135 0.290576 0.000000 0.099956 0.000000 2500.000000 0.395759
1 3 12.000000 0.089373 -0.978865 -0.000000 0.428214 0.204299 -0.000000 0.899200 0.000000 0.000000 0.000000 3500.000000 0.999958
1 3 12.000000 -0.185865 0.772604 0.132568 -0.543946 -0.263996 0.387968 0.579817 0.000000 0.406462 0.000000 2000.000000 0.999958
1 0 12.000000 -0.090100 0.374530 0.000000 -0.263685 -0.127976 0.000000 0.281074 0.000000 0.000000 0.000000 3500.000000 0.395791
1 3 12.000000 -0.000000 0.000000 -0.615011 -0.000000 -0.000000 -0.287002 -0.000000 0.000000 0.734376 0.000000 2000.000000 0.999958
1 3 9.000000 0.816125 0.000000 0.000000 0.000000 0.816125 0.000000 0.000000 0.000000 0.577088 12.000000 1500.000000 0.999545
1 3 12.000000 0.000000 0.000000 0.038814 -0.000000 0.000000 -0.048473 -0.000000 0.000000 0.998028 0.000000 3500.000000 0.999958
1 0 9.000000 0.000000 0.000000 0.201912 -0.000000 0.000000 -0.252753 -0.000000 0.000000 0.227747 0.000000 2000.000000 0.395628
1 0 9.000000 0.246808 0.308823 0.000000 -0.308227 0.247285 -0.000000 -0.024569 0.000000 0.000000 12.000000 1500.000000 0.395628
1 0 12.000000 -0.000000 0.000000 -0.159952 -0.000000 -0.000000 -0.361755 -0.000000 0.000000 0.014125 0.000000 2000.000000 0.395791
1 3 9.000000 -0.000000 0.000000 -0.994604 -0.000000 -0.000000 -0.079578 -0.000000 0.000000 0.059348 0.000000 2000.000000 0.999545
1 0 12.000000 0.000000 0.000000 -0.382414 0.000000 -0.000000 -0.044524 -0.000000 0.000000 -0.091805 0.000000 2000.000000 0.395791
1 3 15.000000 0.568627 0.373326 0.000000 -0.228860 0.927568 -0.000000 -0.789963 0.000000 0.000000 0.000000 2500.000000 0.999877
1 0 9.000000 0.142148 0.309107 0.000000 -0.177941 0.246930 -0.000000 -0.323501 0.000000 0.000000 0.000000 2000.000000 0.395628
1 0 12.000000 0.000000 0.000000 0.000000 0.000000 0.000000 0.000000 0.000000 0.000000 0.000000 0.000000 3500.000000 0.000000
1 0 18.000000 -0.000000 -0.000000 0.000324 0.000000 -0.000000 -0.025066 0.000000 0.000000 0.394989 0.000000 3500.000000 0.395783
1 0 9.000000 -0.107183 0.181504 0.000000 0.055341 0.351536 -0.000000 -0.376790 0.000000 -0.000000 0.000000 2000.000000 0.395628
1 0 18.000000 -0.087991 -0.361491 -0.000000 0.197381 -0.161149 0.000000 -0.331576 0.000000 0.000000 0.000000 3500.000000 0.395783
1 0 6.000000 0.000000 0.000000 0.000000 0.000000 0.000000 0.000000 0.000000 0.000000 0.000000 8.000000 2000.000000 0.000000
1 1 12.000000 -0.000000 0.000000 -0.343951 -0.000000 -0.000000 -0.160509 -0.000000 0.000000 0.410707 0.000000 2000.000000 0.559237
1 0 15.000000 -0.221456 -0.209284 -0.000000 0.137981 -0.335896 0.000000 -0.297563 0.000000 0.000000 0.000000 2500.000000 0.395759
1 0 15.000000 0.078845 0.387668 0.000000 -0.383912 0.079617 -0.000000 -0.054962 0.000000 0.000000 0.000000 2500.000000 0.395759
1 0 12.000000 -0.005712 0.361985 -0.000000 -0.012918 -0.160054 -0.000000 -0.395539 0.000000 0.000000 0.000000 2000.000000 0.395791
1 3 9.000000 -0.940144 0.317080 -0.000000 -0.314479 -0.947919 -0.000000 -0.127765 0.000000 0.000000 12.000000 3000.000000 0.999545
1 3 18.000000 -0.000000 0.000000 0.373097 -0.000000 -0.000000 0.241162 0.000000 0.000000 0.895833 0.000000 3500.000000 0.999938
1 3 12.000000 -0.665480 0.422864 -0.000000 -0.310554 -0.906147 -0.000000 -0.678681 0.000000 0.000000 0.000000 2000.000000 0.999958
1 0 15.000000 0.000000 0.000000 0.011057 -0.000000 0.000000 -0.053838 -0.000000 0.000000 0.391924 0.000000 2500.000000 0.395759
1 0 9.000000 0.035360 -0.387283 -0.000000 0.169420 0.080830 -0.000000 0.355764 0.000000 0.000000 12.000000 3000.000000 0.395628
1 3 18.000000 -0.752348 0.542815 0.000000 -0.486301 -0.839779 0.000000 0.444252 0.000000 0.000000 0.000000 3500.000000 0.999938
1 3 18.000000 -0.000000 -0.000000 -0.029672 0.000000 -0.000000 0.014503 -0.000000 0.000000 0.999393 0.000000 3500.000000 0.999938
1 0 9.000000 0.000000 0.000000 0.015357 -0.000000 0.000000 -0.019178 -0.000000 0.000000 0.394864 12.000000 1500.000000 0.395628
1 3 15.000000 0.072967 -0.799176 -0.106059 0.349607 0.166796 -0.508162 0.734135 0.000000 0.252536 0.000000 2500.000000 0.999877
1 3 12.000000 -0.000000 0.000000 -0.404115 -0.000000 -0.000000 -0.913966 -0.000000 0.000000 0.035686 0.000000 2000.000000 0.999958
1 0 12.000000 -0.000000 -0.000000 -0.268724 0.000000 -0.000000 0.260771 -0.000000 0.000000 0.128204 0.000000 2000.000000 0.395791
1 0 12.000000 -0.001596 -0.388248 0.000000 -0.008057 0.076905 0.000000 -0.395706 0.000000 -0.000000 0.000000 2000.000000 0.395791
1 0 15.000000 0.061803 -0.356661 -0.000000 0.128514 0.171518 -0.000000 0.369175 0.000000 0.000000 0.000000 2500.000000 0.395759
1 0 9.000000 0.000000 -0.000000 0.242443 0.000000 0.000000 0.143435 -0.000000 0.000000 0.277794 0.000000 2000.000000 0.395628
1 3 9.000000 0.499620 0.769595 -0.000000 0.602841 -0.637821 -0.000000 -0.621332 0.000000 -0.000000 0.000000 2000.000000 0.999545
1 0 12.000000 -0.000000 0.000000 0.140917 0.000000 0.000000 -0.316900 -0.000000 0.000000 -0.190703 0.000000 2000.000000 0.395791
1 3 9.000000 -0.000000 0.000000 -0.380718 -0.000000 -0.000000 -0.146416 -0.000000 0.000000 0.912528 0.000000 2000.000000 0.999545
1 3 15.000000 0.497424 -0.847674 -0.000000 0.795141 0.530287 -0.000000 0.346518 0.000000 0.000000 0.000000 2500.000000 0.999877
0 0 6.000000 0.000000 0.000000 0.000000 0.000000 0.000000 0.000000 0.000000 0.000000 0.000000 8.000000 1500.000000 0.000000
1 1 12.000000 0.000000 0.000000 -0.540335 0.000000 -0.000000 -0.062910 -0.000000 0.000000 -0.129717 0.000000 2000.000000 0.559237
1 0 9.000000 -0.000000 0.000000 0.090845 -0.000000 -0.000000 0.265866 0.000000 0.000000 0.278539 12.000000 1500.000000 0.395628
1 0 9.000000 -0.337115 -0.142011 0.000000 -0.129648 0.369262 0.000000 -0.161451 0.000000 -0.000000 0.000000 2000.000000 0.395628
1 1 12.000000 0.194446 -0.483916 -0.000000 -0.335689 -0.280306 0.000000 -0.402802 0.000000 -0.000000 0.000000 2000.000000 0.559237
1 1 12.000000 0.000000 -0.000000 0.456180 0.000000 0.000000 0.248079 -0.000000 0.000000 0.207612 0.000000 2000.000000 0.559237
1 0 9.000000 -0.075311 -0.358567 -0.000000 0.161521 -0.167186 0.000000 -0.353215 0.000000 0.000000 0.000000 2000.000000 0.395628
1 3 9.000000 -0.019683 0.956012 -0.000000 -0.064493 -0.291774 -0.000000 -0.997268 0.000000 0.000000 0.000000 2000.000000 0.999545
1 1 12.000000 0.182387 -0.267172 0.000000 0.099185 0.491289 0.000000 -0.519272 0.000000 0.000000 0.000000 2000.000000 0.559237
1 0 18.000000 -0.134311 -0.298471 0.000000 0.154230 -0.259923 -0.000000 0.338848 0.000000 0.000000 0.000000 3500.000000 0.395783
1 3 15.000000 -0.559504 -0.528750 -0.000000 0.348605 -0.848633 0.000000 -0.751787 0.000000 0.000000 0.000000 2500.000000 0.999877
1 0 12.000000 0.137616 -0.342484 -0.000000 -0.237579 -0.198382 0.000000 -0.285077 0.000000 -0.000000 0.000000 2000.000000 0.395791
1 3 9.000000 0.604043 -0.508955 0.000000 0.357367 0.860265 0.000000 -0.711696 0.000000 0.000000 0.000000 2000.000000 0.999545
1 0 9.000000 -0.000000 0.000000 -0.047958 -0.000000 -0.000000 -0.016042 -0.000000 0.000000 0.392383 12.000000 1500.000000 0.395628
1 0 12.000000 -0.000000 0.000000 0.372735 0.000000 0.000000 -0.132949 -0.000000 0.000000 -0.006650 0.000000 2000.000000 0.395791
1 3 12.000000 0.000000 -0.000000 -0.183714 0.000000 0.000000 -0.880233 0.000000 0.000000 0.437441 0.000000 3500.000000 0.999958
1 0 9.000000 -0.000000 -0.000000 0.150691 -0.000000 0.000000 0.057953 -0.000000 0.000000 -0.361186 0.000000 2000.000000 0.395628
1 0 15.000000 -0.303933 0.102507 -0.027698 -0.101666 -0.306446 -0.009265 -0.041304 0.000000 0.226617 0.000000 2500.000000 0.395759
1 0 18.000000 -0.355385 -0.173804 -0.000000 0.173710 -0.355579 0.000000 -0.013072 0.000000 0.000000 0.000000 3500.000000 0.395783
1 3 9.000000 -0.097111 -0.823886 0.000000 -0.141369 0.565953 0.000000 -0.984721 0.000000 -0.000000 0.000000 2000.000000 0.999545
1 3 18.000000 -0.897873 -0.439113 -0.000000 0.438874 -0.898363 0.000000 -0.033027 0.000000 0.000000 0.000000 3500.000000 0.999938
1 1 12.000000 0.128847 0.064674 -0.000000 0.015001 -0.555485 -0.000000 -0.543985 0.000000 -0.000000 0.000000 2000.000000 0.559237
1 3 12.000000 0.000000 -0.000000 0.815684 0.000000 0.000000 0.443585 -0.000000 0.000000 0.371225 0.000000 2000.000000 0.999958
1 3 15.000000 0.199200 0.979435 0.000000 -0.969944 0.201150 -0.000000 -0.138860 0.000000 0.000000 0.000000 2500.000000 0.999877
1 3 12.000000 0.000000 0.000000 0.361005 -0.000000 0.000000 -0.623234 -0.000000 0.000000 0.693664 0.000000 2000.000000 0.999958
0 0 6.000000 0.000000 0.000000 0.000000 0.000000 0.000000 0.000000 0.000000 0.000000 0.000000 4.000000 1500.000000 0.000000
1 0 12.000000 -0.000000 -0.000000 0.243426 -0.000000 0.000000 0.113598 -0.000000 0.000000 -0.290672 0.000000 2000.000000 0.395791
1 0 9.000000 0.246808 0.308823 0.000000 -0.308227 0.247285 -0.000000 -0.024569 0.000000 0.000000 12.000000 3000.000000 0.395628
1 3 12.000000 0.000000 -0.000000 -0.361005 -0.000000 -0.000000 0.623234 -0.000000 0.000000 -0.693664 0.000000 2000.000000 0.999958
1 0 12.000000 0.000000 -0.000000 -0.142889 -0.000000 -0.000000 0.246681 -0.000000 0.000000 -0.274558 0.000000 2000.000000 0.395791
1 3 15.000000 0.000000 -0.000000 -0.404229 0.000000 0.000000 -0.840565 0.000000 0.000000 0.360283 0.000000 2500.000000 0.999877
1 0 9.000000 0.000000 -0.000000 -0.201912 -0.000000 -0.000000 0.252753 -0.000000 0.000000 -0.227747 0.000000 2000.000000 0.395628
1 3 9.000000 -0.227543 0.945852 0.000000 -0.665921 -0.323195 0.000000 0.709834 0.000000 0.000000 12.000000 1500.000000 0.999545
1 0 6.000000 0.322648 0.000000 0.000000 0.000000 0.322648 0.000000 0.000000 0.000000 0.228146 0.000000 2000.000000 0.395161
1 0 6.000000 0.210472 0.000000 0.000000 0.000000 0.210472 0.000000 0.000000 0.000000 0.148826 0.000000 3500.000000 0.257775
1 0 6.000000 0.210472 0.000000 0.000000 0.000000 0.210472 0.000000 0.000000 0.000000 0.148826 24.000000 800.000000 0.257775
1 0 15.000000 0.326673 0.221634 0.000000 -0.220820 0.327878 -0.000000 -0.033891 0.000000 0.000000 0.000000 2500.000000 0.395759
1 0 9.000000 -0.090063 0.374376 0.000000 -0.263577 -0.127923 0.000000 0.280958 0.000000 0.000000 12.000000 3000.000000 0.395628
1 3 15.000000 0.000000 0.000000 0.732834 -0.000000 0.000000 -0.294950 -0.000000 0.000000 0.612955 0.000000 2500.000000 0.999877
1 0 18.000000 -0.000000 -0.000000 0.222532 0.000000 -0.000000 -0.255534 0.000000 0.000000 0.204515 0.000000 3500.000000 0.395783
1 3 12.000000 -0.000000 -0.000000 0.194256 -0.000000 0.000000 0.980688 -0.000000 0.000000 -0.020750 0.000000 2000.000000 0.999958
1 3 9.000000 0.000000 -0.000000 -0.510125 -0.000000 -0.000000 0.638576 -0.000000 0.000000 -0.575399 0.000000 2000.000000 0.999545
1 0 9.000000 0.000000 0.000000 0.000000 0.000000 0.000000 0.000000 0.000000 0.000000 0.000000 12.000000 1500.000000 0.000000
1 3 18.000000 0.816446 0.000000 0.000000 0.000000 0.816446 0.000000 0.000000 0.000000 0.577315 0.000000 3500.000000 0.999938
1 0 9.000000 0.000000 0.000000 0.015357 -0.000000 0.000000 -0.019178 -0.000000 0.000000 0.394864 12.000000 3000.000000 0.395628
1 0 6.000000 0.322648 0.000000 0.000000 0.000000 0.322648 0.000000 0.000000 0.000000 0.228146 8.000000 800.000000 0.395161
1 3 9.000000 0.623555 0.780234 0.000000 -0.778728 0.624761 -0.000000 -0.062072 0.000000 0.000000 12.000000 1500.000000 0.999545
1 3 15.000000 -0.767879 0.258981 -0.069978 -0.256856 -0.774230 -0.023408 -0.104354 0.000000 0.572544 0.000000 2500.000000 0.999877
1 0 18.000000 -0.000000 -0.000000 -0.011744 0.000000 -0.000000 0.005741 -0.000000 0.000000 0.395568 0.000000 3500.000000 0.395783
1 0 15.000000 0.000000 0.000000 0.028078 -0.000000 0.000000 -0.018980 -0.000000 0.000000 0.394306 0.000000 2500.000000 0.395759
1 3 15.000000 0.000000 -0.000000 -0.183776 0.000000 0.000000 -0.293770 0.000000 0.000000 0.937913 0.000000 2500.000000 0.999877
1 3 15.000000 -0.955533 0.158904 -0.000000 -0.153811 -0.987170 -0.000000 -0.251104 0.000000 0.000000 0.000000 2500.000000 0.999877
1 1 12.000000 0.000000 -0.000000 -0.201896 -0.000000 -0.000000 0.348550 -0.000000 0.000000 -0.387939 0.000000 2000.000000 0.559237
1 0 6.000000 0.210472 0.000000 0.000000 0.000000 0.210472 0.000000 0.000000 0.000000 0.148826 24.000000 3500.000000 0.257775
1 0 18.000000 -0.297785 0.214850 0.000000 -0.192482 -0.332391 0.000000 0.175839 0.000000 0.000000 0.000000 3500.000000 0.395783
1 0 12.000000 -0.000000 -0.000000 0.076888 -0.000000 0.000000 0.388164 -0.000000 0.000000 -0.008213 0.000000 2000.000000 0.395791
1 0 9.000000 -0.000000 0.000000 -0.393672 -0.000000 -0.000000 -0.031498 -0.000000 0.000000 0.023490 0.000000 2000.000000 0.395628
1 3 9.000000 -0.000000 0.000000 -0.121166 -0.000000 -0.000000 -0.040530 -0.000000 0.000000 0.991346 12.000000 1500.000000 0.999545
1 0 9.000000 -0.023416 0.031553 -0.000000 -0.001873 -0.394368 -0.000000 -0.394930 0.000000 0.000000 0.000000 2000.000000 0.395628
1 3 9.000000 0.623555 0.780234 0.000000 -0.778728 0.624761 -0.000000 -0.062072 0.000000 0.000000 12.000000 3000.000000 0.999545
1 3 9.000000 0.359133 -0.780952 -0.000000 -0.449563 -0.623863 0.000000 -0.817317 0.000000 -0.000000 0.000000 2000.000000 0.999545
1 0 6.000000 0.210472 0.000000 0.000000 0.000000 0.210472 0.000000 0.000000 0.000000 0.148826 24.000000 2000.000000 0.257775
1 0 9.000000 -0.372116 0.125503 -0.000000 -0.124473 -0.375194 -0.000000 -0.050570 0.000000 0.000000 12.000000 1500.000000 0.395628
1 1 12.000000 -0.429479 0.144849 -0.039139 -0.143661 -0.433031 -0.013092 -0.058366 0.000000 0.320227 0.000000 2000.000000 0.559237
1 0 12.000000 -0.000000 0.000000 -0.243426 -0.000000 -0.000000 -0.113598 -0.000000 0.000000 0.290672 0.000000 2000.000000 0.395791
1 3 15.000000 0.000000 0.000000 0.027935 -0.000000 0.000000 -0.136021 -0.000000 0.000000 0.990188 0.000000 2500.000000 0.999877
1 0 9.000000 -0.337115 0.142011 -0.000000 -0.129648 -0.369262 -0.000000 -0.161451 0.000000 0.000000 0.000000 2000.000000 0.395628
1 0 12.000000 0.000000 0.000000 -0.104204 0.000000 -0.000000 -0.115629 -0.000000 0.000000 -0.363899 0.000000 2000.000000 0.395791
1 3 12.000000 -0.232450 -0.696378 -0.000000 0.225570 -0.717616 0.000000 -0.946045 0.000000 0.000000 0.000000 2000.000000 0.999958
1 0 6.000000 0.210472 0.000000 0.000000 0.000000 0.210472 0.000000 0.000000 0.000000 0.148826 0.000000 800.000000 0.257775
1 0 9.000000 -0.000000 0.000000 0.334798 0.000000 0.000000 -0.172862 -0.000000 0.000000 -0.120627 0.000000 2000.000000 0.395628
1 3 12.000000 -0.000000 -0.000000 -0.678926 0.000000 -0.000000 0.658833 -0.000000 0.000000 0.323906 0.000000 2000.000000 0.999958
1 0 9.000000 -0.372116 0.125503 -0.000000 -0.124473 -0.375194 -0.000000 -0.050570 0.000000 0.000000 12.000000 3000.000000 0.395628
1 3 15.000000 -0.000000 0.000000 -0.247912 -0.000000 -0.000000 -0.039906 -0.000000 0.000000 0.967833 0.000000 2500.000000 0.999877
1 1 12.000000 -0.103947 0.432087 0.074140 -0.304208 -0.147643 0.216975 0.324268 0.000000 0.227318 0.000000 2000.000000 0.559237
1 0 6.000000 0.000000 0.000000 0.000000 0.000000 0.000000 0.000000 0.000000 0.000000 0.000000 8.000000 3500.000000 0.000000
1 0 15.000000 0.025534 -0.394309 0.000000 0.297385 0.033855 0.000000 -0.259876 0.000000 0.000000 0.000000 2500.000000 0.395759
1 3 18.000000 -0.012896 -0.999855 0.000000 0.997847 -0.012922 -0.000000 0.063334 0.000000 0.000000 0.000000 3500.000000 0.999938
1 3 12.000000 -0.000000 -0.000000 0.615011 -0.000000 0.000000 0.287002 -0.000000 0.000000 -0.734376 0.000000 2000.000000 0.999958
1 3 9.000000 0.000000 -0.000000 -0.183638 0.000000 0.000000 -0.879870 0.000000 0.000000 0.437260 12.000000 1500.000000 0.999545
0 0 6.000000 0.000000 0.000000 0.000000 0.000000 0.000000 0.000000 0.000000 0.000000 0.000000 0.000000 800.000000 0.000000
1 3 12.000000 -0.767941 0.259002 -0.069984 -0.256877 -0.774292 -0.023410 -0.104362 0.000000 0.572590 0.000000 2000.000000 0.999958
1 1 12.000000 -0.000000 -0.000000 -0.379696 0.000000 -0.000000 0.368459 -0.000000 0.000000 0.181148 0.000000 2000.000000 0.559237
1 3 12.000000 -0.015824 0.335941 0.000000 0.005644 0.941838 -0.000000 -0.999817 0.000000 -0.000000 0.000000 2000.000000 0.999958
1 0 6.000000 0.322648 0.000000 0.000000 0.000000 0.322648 0.000000 0.000000 0.000000 0.228146 24.000000 3500.000000 0.395161
1 0 9.000000 -0.000000 0.000000 -0.150691 -0.000000 -0.000000 -0.057953 -0.000000 0.000000 0.361186 0.000000 2000.000000 0.395628
1 0 9.000000 0.239085 -0.201448 0.000000 0.141449 0.340500 0.000000 -0.281695 0.000000 0.000000 0.000000 2000.000000 0.395628
1 0 9.000000 0.000000 -0.000000 -0.072685 0.000000 0.000000 -0.348260 0.000000 0.000000 0.173071 12.000000 1500.000000 0.395628
1 3 12.000000 0.816462 0.000000 0.000000 0.000000 0.816462 0.000000 0.000000 0.000000 0.577326 0.000000 3500.000000 0.999958
1 0 6.000000 0.210472 0.000000 0.000000 0.000000 0.210472 0.000000 0.000000 0.000000 0.148826 8.000000 2000.000000 0.257775
1 0 12.000000 0.091189 0.045772 -0.000000 0.010617 -0.393136 -0.000000 -0.384997 0.000000 -0.000000 0.000000 2000.000000 0.395791
1 0 18.000000 -0.005104 -0.395750 0.000000 0.394956 -0.005115 -0.000000 0.025068 0.000000 0.000000 0.000000 3500.000000 0.395783
1 0 12.000000 0.201601 0.252257 0.008870 -0.251770 0.201991 -0.011077 -0.020068 0.000000 0.228069 0.000000 2000.000000 0.395791
1 3 12.000000 0.213791 -0.973341 0.000000 0.907993 0.229177 0.000000 -0.360219 0.000000 0.000000 0.000000 2000.000000 0.999958
1 0 12.000000 0.000000 -0.000000 0.322854 0.000000 0.000000 0.175574 -0.000000 0.000000 0.146934 0.000000 2000.000000 0.395791
1 3 15.000000 0.000000 -0.000000 0.056167 0.000000 0.000000 0.654163 -0.000000 0.000000 0.754102 0.000000 2500.000000 0.999877
1 3 18.000000 0.000000 -0.000000 -0.513184 0.000000 0.000000 -0.315060 0.000000 0.000000 0.798283 0.000000 3500.000000 0.999938
1 3 9.000000 0.000000 0.000000 0.038798 -0.000000 0.000000 -0.048453 -0.000000 0.000000 0.997616 12.000000 1500.000000 0.999545
1 0 18.000000 0.000000 0.000000 0.000000 0.000000 0.000000 0.000000 0.000000 0.000000 0.000000 0.000000 3500.000000 0.000000
1 3 12.000000 -0.014431 0.914548 -0.000000 -0.032638 -0.404373 -0.000000 -0.999321 0.000000 0.000000 0.000000 2000.000000 0.999958
1 0 12.000000 -0.263402 0.167373 -0.000000 -0.122920 -0.358660 -0.000000 -0.268627 0.000000 0.000000 0.000000 2000.000000 0.395791
1 3 15.000000 0.000000 0.000000 0.070939 -0.000000 0.000000 -0.047952 -0.000000 0.000000 0.996204 0.000000 2500.000000 0.999877
1 3 18.000000 -0.222306 -0.913298 -0.000000 0.498679 -0.407140 0.000000 -0.837721 0.000000 0.000000 0.000000 3500.000000 0.999938
1 3 12.000000 -0.000000 0.000000 -0.121216 -0.000000 -0.000000 -0.040547 -0.000000 0.000000 0.991755 0.000000 3500.000000 0.999958
0 0 6.000000 0.000000 0.000000 0.000000 0.000000 0.000000 0.000000 0.000000 0.000000 0.000000 0.000000 1500.000000 0.000000
1 0 12.000000 0.028883 -0.316346 -0.041982 0.138388 0.066025 -0.201151 0.290600 0.000000 0.099964 0.000000 2000.000000 0.395791
1 0 15.000000 -0.000000 0.000000 -0.098126 -0.000000 -0.000000 -0.015795 -0.000000 0.000000 0.383076 0.000000 2500.000000 0.395759
1 0 9.000000 0.000000 0.000000 -0.156929 0.000000 -0.000000 -0.189351 -0.000000 0.000000 -0.309905 0.000000 2000.000000 0.395628
0 0 6.000000 0.000000 0.000000 0.000000 0.000000 0.000000 0.000000 0.000000 0.000000 0.000000 4.000000 800.000000 0.000000
1 0 6.000000 0.000000 0.000000 0.000000 0.000000 0.000000 0.000000 0.000000 0.000000 0.000000 24.000000 3500.000000 0.000000
1 3 9.000000 -0.851714 -0.358786 0.000000 -0.327552 0.932933 0.000000 -0.407901 0.000000 -0.000000 0.000000 2000.000000 0.999545
1 0 12.000000 0.035374 -0.387443 -0.000000 0.169490 0.080863 -0.000000 0.355911 0.000000 0.000000 0.000000 3500.000000 0.395791
1 0 15.000000 -0.378208 0.062895 -0.000000 -0.060880 -0.390730 -0.000000 -0.099389 0.000000 0.000000 0.000000 2500.000000 0.395759
1 0 9.000000 0.000000 0.000000 0.000000 0.000000 0.000000 0.000000 0.000000 0.000000 0.000000 0.000000 2000.000000 0.000000
1 3 12.000000 0.000000 0.000000 -0.263269 0.000000 -0.000000 -0.292133 -0.000000 0.000000 -0.919382 0.000000 2000.000000 0.999958
1 0 6.000000 0.210472 0.000000 0.000000 0.000000 0.210472 0.000000 0.000000 0.000000 0.148826 8.000000 3500.000000 0.257775
1 3 9.000000 -0.851714 0.358786 -0.000000 -0.327552 -0.932933 -0.000000 -0.407901 0.000000 0.000000 0.000000 2000.000000 0.999545
1 3 12.000000 -0.000000 0.000000 0.356023 0.000000 0.000000 -0.800641 -0.000000 0.000000 -0.481806 0.000000 2000.000000 0.999958
1 3 12.000000 -0.195764 0.913696 0.000000 0.440243 0.406296 -0.000000 -0.876230 0.000000 -0.000000 0.000000 2000.000000 0.999958
1 1 12.000000 -0.372177 0.236491 -0.000000 -0.173680 -0.506772 -0.000000 -0.379560 0.000000 0.000000 0.000000 2000.000000 0.559237
1 0 9.000000 0.323029 0.000000 0.000000 0.000000 0.323029 0.000000 0.000000 0.000000 0.228416 12.000000 1500.000000 0.395628
1 0 12.000000 0.129081 -0.189087 0.000000 0.070197 0.347702 0.000000 -0.367507 0.000000 0.000000 0.000000 2000.000000 0.395791
1 0 6.000000 0.000000 0.000000 0.000000 0.000000 0.000000 0.000000 0.000000 0.000000 0.000000 8.000000 800.000000 0.000000
0 0 6.000000 0.000000 0.000000 0.000000 0.000000 0.000000 0.000000 0.000000 0.000000 0.000000 8.000000 3000.000000 0.000000
1 3 9.000000 0.000000 0.000000 0.038798 -0.000000 0.000000 -0.048453 -0.000000 0.000000 0.997616 12.000000 3000.000000 0.999545
1 0 6.000000 0.210472 0.000000 0.000000 0.000000 0.210472 0.000000 0.000000 0.000000 0.148826 0.000000 2000.000000 0.257775
1 3 9.000000 0.089336 -0.978462 -0.000000 0.428037 0.204215 -0.000000 0.898829 0.000000 0.000000 12.000000 1500.000000 0.999545
1 0 12.000000 0.000000 0.000000 0.000000 0.000000 0.000000 0.000000 0.000000 0.000000 0.000000 0.000000 2000.000000 0.000000
1 0 15.000000 0.196884 -0.335516 -0.000000 0.314723 0.209892 -0.000000 0.137155 0.000000 0.000000 0.000000 2500.000000 0.395759
1 0 6.000000 0.000000 0.000000 0.000000 0.000000 0.000000 0.000000 0.000000 0.000000 0.000000 0.000000 800.000000 0.000000
1 0 6.000000 0.000000 0.000000 0.000000 0.000000 0.000000 0.000000 0.000000 0.000000 0.000000 0.000000 3500.000000 0.000000
1 3 18.000000 -0.000000 -0.000000 -0.341090 0.000000 -0.000000 0.765136 -0.000000 0.000000 0.545986 0.000000 3500.000000 0.999938
1 0 12.000000 0.000000 0.000000 0.015363 -0.000000 0.000000 -0.019186 -0.000000 0.000000 0.395027 0.000000 3500.000000 0.395791
1 3 15.000000 0.000000 -0.000000 0.392283 0.000000 0.000000 0.253413 -0.000000 0.000000 0.884110 0.000000 2500.000000 0.999877
1 0 9.000000 -0.000000 0.000000 -0.115223 -0.000000 -0.000000 -0.377535 -0.000000 0.000000 0.026689 0.000000 2000.000000 0.395628
##END
