##LIST_SIZE=166
##LISTDATA
0 0 6.000000 0.000000 0.000000 0.000000 0.000000 0.000000 0.000000 0.000000 0.000000 0.000000 0.000000 3000.000000 0.000000
1 0 21.000000 0.036337 -0.082286 -0.000000 -0.013331 -0.224295 0.000000 -0.235757 0.000000 -0.000000 0.000000 2500.000000 0.238913
1 5 25.000000 -0.000000 -0.000000 -0.336347 0.000000 -0.000000 0.754494 -0.000000 0.000000 0.538392 0.000000 3000.000000 0.986031
1 0 21.000000 -0.044407 0.184593 0.031673 -0.129961 -0.063075 0.092694 0.138531 0.000000 0.097113 0.000000 2500.000000 0.238913
0 0 6.000000 0.000000 0.000000 0.000000 0.000000 0.000000 0.000000 0.000000 0.000000 0.000000 0.000000 800.000000 0.000000
1 0 9.000000 0.175627 0.000000 0.000000 0.000000 0.175627 0.000000 0.000000 0.000000 0.124187 15.000000 3000.000000 0.215099
1 5 21.000000 0.030778 -0.969543 -0.000000 -0.311751 -0.095720 0.000000 -0.922518 0.000000 -0.000000 0.000000 2500.000000 0.974256
1 0 9.000000 0.000000 0.000000 0.000000 0.000000 0.000000 0.000000 0.000000 0.000000 0.000000 0.000000 3000.000000 0.000000
1 0 9.000000 0.175627 0.000000 0.000000 0.000000 0.175627 0.000000 0.000000 0.000000 0.124187 32.000000 800.000000 0.215099
1 5 21.000000 0.000000 0.000000 0.090641 -0.000000 0.000000 -0.918055 -0.000000 0.000000 0.313264 0.000000 2500.000000 0.974256
1 0 21.000000 0.000000 -0.000000 -0.066085 -0.000000 -0.000000 0.029656 -0.000000 0.000000 -0.227668 0.000000 2500.000000 0.238913
1 0 17.000000 0.191655 0.000000 0.000000 0.000000 0.191655 0.000000 0.000000 0.000000 0.135520 0.000000 2000.000000 0.234728
1 5 17.000000 -0.720186 0.519610 0.000000 -0.465512 -0.803879 0.000000 0.425261 0.000000 0.000000 0.000000 2000.000000 0.957191
1 0 9.000000 0.175627 0.000000 0.000000 0.000000 0.175627 0.000000 0.000000 0.000000 0.124187 32.000000 2000.000000 0.215099
1 2 17.000000 0.000000 -0.000000 -0.219294 0.000000 0.000000 -0.134631 0.000000 0.000000 0.341123 0.000000 2000.000000 0.427294
1 5 21.000000 0.847020 -0.398888 -0.000000 -0.380113 -0.888856 0.000000 -0.295377 0.000000 -0.000000 0.000000 2500.000000 0.974256
1 5 21.000000 0.030779 0.969542 0.000000 -0.311748 0.095725 -0.000000 -0.922519 0.000000 0.000000 0.000000 2500.000000 0.974256
1 0 17.000000 -0.079656 -0.177014 0.000000 0.091469 -0.154153 -0.000000 0.200961 0.000000 0.000000 0.000000 2000.000000 0.234728
1 0 9.000000 0.000000 0.000000 0.000000 0.000000 0.000000 0.000000 0.000000 0.000000 0.000000 32.000000 2000.000000 0.000000
1 0 17.000000 -0.000000 0.000000 0.087582 -0.000000 -0.000000 0.056611 0.000000 0.000000 0.210290 0.000000 2000.000000 0.234728
1 5 21.000000 -0.282411 0.876448 0.000000 0.581771 0.425457 -0.000000 -0.728671 0.000000 -0.000000 0.000000 2500.000000 0.974256
1 5 17.000000 -0.000000 -0.000000 0.000783 0.000000 -0.000000 -0.060622 0.000000 0.000000 0.955270 0.000000 2000.000000 0.957191
1 5 13.000000 0.883063 -0.280373 0.000000 0.279435 0.886028 0.000000 -0.075957 0.000000 0.000000 0.000000 1500.000000 0.929330
1 2 17.000000 -0.000000 0.000000 0.159432 -0.000000 -0.000000 0.103053 0.000000 0.000000 0.382807 0.000000 2000.000000 0.427294
1 0 13.000000 -0.028113 -0.223273 0.000000 0.137453 -0.045666 -0.000000 0.179590 0.000000 0.000000 0.000000 1500.000000 0.227896
1 0 25.000000 -0.000000 -0.000000 -0.082481 0.000000 -0.000000 0.185021 -0.000000 0.000000 0.132028 0.000000 3000.000000 0.241800
1 5 21.000000 0.847020 0.398888 0.000000 -0.380113 0.888856 -0.000000 -0.295377 0.000000 0.000000 0.000000 2500.000000 0.974256
1 5 21.000000 0.234359 0.684761 -0.000000 0.231566 -0.693021 -0.000000 -0.916858 0.000000 -0.000000 0.000000 2500.000000 0.974256
1 0 9.000000 0.000000 0.000000 0.000000 0.000000 0.000000 0.000000 0.000000 0.000000 0.000000 32.000000 3000.000000 0.000000
1 0 21.000000 0.207711 -0.097817 -0.000000 -0.093213 -0.217970 0.000000 -0.072434 0.000000 -0.000000 0.000000 2500.000000 0.238913
1 5 13.000000 0.758795 0.000000 0.000000 0.000000 0.758795 0.000000 0.000000 0.000000 0.536549 0.000000 1500.000000 0.929330
1 0 21.000000 0.007548 0.237757 0.000000 -0.076449 0.023474 -0.000000 -0.226225 0.000000 0.000000 0.000000 2500.000000 0.238913
1 0 21.000000 -0.140148 -0.095225 0.000000 -0.060907 0.219115 0.000000 -0.183652 0.000000 -0.000000 0.000000 2500.000000 0.238913
1 2 17.000000 -0.005511 -0.427258 0.000000 0.426400 -0.005522 -0.000000 0.027064 0.000000 0.000000 0.000000 2000.000000 0.427294
1 5 21.000000 -0.000000 0.000000 -0.686853 -0.000000 -0.000000 -0.298499 -0.000000 0.000000 0.623142 0.000000 2500.000000 0.974256
1 0 25.000000 0.197429 0.000000 0.000000 0.000000 0.197429 0.000000 0.000000 0.000000 0.139603 0.000000 3000.000000 0.241800
1 5 21.000000 -0.000000 -0.000000 -0.318210 0.000000 -0.000000 0.655518 -0.000000 0.000000 0.646695 0.000000 2500.000000 0.974256
1 5 21.000000 -0.571505 -0.388316 0.000000 -0.248370 0.893524 0.000000 -0.748912 0.000000 -0.000000 0.000000 2500.000000 0.974256
1 0 21.000000 0.000000 0.000000 -0.159934 0.000000 -0.000000 -0.158028 -0.000000 0.000000 -0.080793 0.000000 2500.000000 0.238913
1 0 21.000000 0.000000 0.000000 0.066085 -0.000000 0.000000 -0.029656 -0.000000 0.000000 0.227668 0.000000 2500.000000 0.238913
1 2 17.000000 -0.000000 -0.000000 0.240249 0.000000 -0.000000 -0.275879 0.000000 0.000000 0.220797 0.000000 2000.000000 0.427294
1 0 21.000000 0.036350 0.082285 0.000000 -0.013335 0.224295 -0.000000 -0.235754 0.000000 0.000000 0.000000 2500.000000 0.238913
1 2 17.000000 -0.094996 -0.390271 -0.000000 0.213095 -0.173979 0.000000 -0.357975 0.000000 0.000000 0.000000 2000.000000 0.427294
1 2 17.000000 -0.321493 0.231956 0.000000 -0.207806 -0.358854 0.000000 0.189838 0.000000 0.000000 0.000000 2000.000000 0.427294
1 5 21.000000 0.000000 0.000000 0.269485 -0.000000 0.000000 -0.120935 -0.000000 0.000000 0.928401 0.000000 2500.000000 0.974256
1 5 21.000000 -0.571505 0.388316 -0.000000 -0.248370 -0.893524 -0.000000 -0.748912 0.000000 0.000000 0.000000 2500.000000 0.974256
1 2 17.000000 -0.383679 -0.187642 -0.000000 0.187539 -0.383889 0.000000 -0.014113 0.000000 0.000000 0.000000 2000.000000 0.427294
1 5 13.000000 -0.000000 -0.000000 0.146748 0.000000 -0.000000 -0.717492 0.000000 0.000000 0.572122 0.000000 1500.000000 0.929330
1 5 17.000000 -0.324828 -0.721843 0.000000 0.373001 -0.628616 -0.000000 0.819495 0.000000 0.000000 0.000000 2000.000000 0.957191
1 0 21.000000 0.000000 -0.000000 -0.022227 -0.000000 -0.000000 0.225131 -0.000000 0.000000 -0.076821 0.000000 2500.000000 0.238913
1 5 21.000000 0.000000 0.000000 -0.652191 0.000000 -0.000000 -0.644418 -0.000000 0.000000 -0.329465 0.000000 2500.000000 0.974256
1 5 17.000000 -0.000000 -0.000000 0.538187 0.000000 -0.000000 -0.618003 0.000000 0.000000 0.494614 0.000000 2000.000000 0.957191
1 5 21.000000 0.496249 0.620941 0.021833 -0.619742 0.497209 -0.027266 -0.049399 0.000000 0.561402 0.000000 2500.000000 0.974256
0 0 6.000000 0.000000 0.000000 0.000000 0.000000 0.000000 0.000000 0.000000 0.000000 0.000000 4.000000 1500.000000 0.000000
1 0 25.000000 -0.000000 -0.000000 -0.007175 0.000000 -0.000000 0.003507 -0.000000 0.000000 0.241668 0.000000 3000.000000 0.241800
1 0 17.000000 -0.000000 -0.000000 -0.080068 0.000000 -0.000000 0.179610 -0.000000 0.000000 0.128166 0.000000 2000.000000 0.234728
1 2 17.000000 -0.145004 -0.322233 0.000000 0.166509 -0.280617 -0.000000 0.365826 0.000000 0.000000 0.000000 2000.000000 0.427294
1 5 25.000000 -0.741884 0.535265 0.000000 -0.479538 -0.828099 0.000000 0.438074 0.000000 0.000000 0.000000 3000.000000 0.986031
1 0 25.000000 -0.003118 -0.241780 0.000000 0.241294 -0.003125 -0.000000 0.015315 0.000000 0.000000 0.000000 3000.000000 0.241800
1 0 21.000000 -0.000000 -0.000000 -0.078033 0.000000 -0.000000 0.160750 -0.000000 0.000000 0.158586 0.000000 2500.000000 0.238913
1 0 21.000000 0.057471 -0.167921 0.000000 0.056786 0.169946 0.000000 -0.224837 0.000000 0.000000 0.000000 2500.000000 0.238913
1 0 21.000000 -0.140148 0.095225 -0.000000 -0.060907 -0.219115 -0.000000 -0.183652 0.000000 0.000000 0.000000 2500.000000 0.238913
1 5 21.000000 0.148230 0.335550 0.000000 -0.054380 0.914649 -0.000000 -0.961377 0.000000 0.000000 0.000000 2500.000000 0.974256
1 5 25.000000 -0.000000 -0.000000 -0.029259 0.000000 -0.000000 0.014302 -0.000000 0.000000 0.985493 0.000000 3000.000000 0.986031
1 0 13.000000 -0.065286 -0.212468 -0.000000 0.168294 -0.082423 0.000000 -0.139108 0.000000 0.000000 0.000000 1500.000000 0.227896
1 5 25.000000 -0.885385 -0.433006 -0.000000 0.432770 -0.885868 0.000000 -0.032568 0.000000 0.000000 0.000000 3000.000000 0.986031
1 0 9.000000 0.000000 0.000000 0.000000 0.000000 0.000000 0.000000 0.000000 0.000000 0.000000 15.000000 2000.000000 0.000000
1 5 25.000000 0.670844 -0.515890 -0.000000 0.411852 0.840306 -0.000000 0.593804 0.000000 0.000000 0.000000 3000.000000 0.986031
1 5 25.000000 -0.334615 -0.743591 0.000000 0.384239 -0.647556 -0.000000 0.844186 0.000000 0.000000 0.000000 3000.000000 0.986031
1 2 17.000000 0.348884 0.000000 0.000000 0.000000 0.348884 0.000000 0.000000 0.000000 0.246698 0.000000 2000.000000 0.427294
1 0 17.000000 -0.176608 0.127422 0.000000 -0.114155 -0.197132 0.000000 0.104285 0.000000 0.000000 0.000000 2000.000000 0.234728
1 5 17.000000 0.781544 0.000000 0.000000 0.000000 0.781544 0.000000 0.000000 0.000000 0.552635 0.000000 2000.000000 0.957191
1 0 25.000000 0.000000 0.000000 0.000000 0.000000 0.000000 0.000000 0.000000 0.000000 0.000000 0.000000 3000.000000 0.000000
1 5 17.000000 -0.212803 -0.874255 -0.000000 0.477361 -0.389735 0.000000 -0.801909 0.000000 0.000000 0.000000 2000.000000 0.957191
1 0 21.000000 0.121693 0.152271 0.005354 -0.151977 0.121928 -0.006686 -0.012114 0.000000 0.137670 0.000000 2500.000000 0.238913
1 0 9.000000 0.000000 0.000000 0.000000 0.000000 0.000000 0.000000 0.000000 0.000000 0.000000 0.000000 2000.000000 0.000000
1 0 21.000000 0.000000 0.000000 0.022228 -0.000000 0.000000 -0.225131 -0.000000 0.000000 0.076820 0.000000 2500.000000 0.238913
1 5 21.000000 0.000000 0.000000 0.902557 -0.000000 0.000000 -0.331114 -0.000000 0.000000 0.157891 0.000000 2500.000000 0.974256
1 5 21.000000 -0.000000 -0.000000 0.686853 -0.000000 0.000000 0.298499 -0.000000 0.000000 -0.623142 0.000000 2500.000000 0.974256
1 5 17.000000 0.000000 -0.000000 -0.491245 0.000000 0.000000 -0.301591 0.000000 0.000000 0.764157 0.000000 2000.000000 0.957191
1 0 25.000000 -0.082056 -0.182348 0.000000 0.094225 -0.158797 -0.000000 0.207016 0.000000 0.000000 0.000000 3000.000000 0.241800
1 5 21.000000 0.148176 -0.335551 -0.000000 -0.054360 -0.914648 0.000000 -0.961387 0.000000 -0.000000 0.000000 2500.000000 0.974256
1 0 25.000000 -0.000000 0.000000 0.090220 -0.000000 -0.000000 0.058317 0.000000 0.000000 0.216626 0.000000 3000.000000 0.241800
1 5 25.000000 -0.000000 0.000000 0.367908 -0.000000 -0.000000 0.237808 0.000000 0.000000 0.883373 0.000000 3000.000000 0.986031
1 0 21.000000 0.017435 -0.190957 -0.025342 0.083536 0.039855 -0.121421 0.175416 0.000000 0.060341 0.000000 2500.000000 0.238913
1 0 17.000000 -0.000000 -0.000000 -0.006965 0.000000 -0.000000 0.003405 -0.000000 0.000000 0.234600 0.000000 2000.000000 0.234728
1 0 17.000000 -0.000000 -0.000000 0.000192 0.000000 -0.000000 -0.014866 0.000000 0.000000 0.234257 0.000000 2000.000000 0.234728
1 5 21.000000 0.071097 -0.778698 -0.103341 0.340649 0.162522 -0.495141 0.715323 0.000000 0.246065 0.000000 2500.000000 0.974256
1 5 25.000000 -0.012716 -0.985949 0.000000 0.983969 -0.012742 -0.000000 0.062453 0.000000 0.000000 0.000000 3000.000000 0.986031
1 5 25.000000 -0.000000 -0.000000 0.554402 0.000000 -0.000000 -0.636623 0.000000 0.000000 0.509516 0.000000 3000.000000 0.986031
1 0 17.000000 -0.003027 -0.234708 0.000000 0.234237 -0.003033 -0.000000 0.014867 0.000000 0.000000 0.000000 2000.000000 0.234728
1 0 9.000000 0.175627 0.000000 0.000000 0.000000 0.175627 0.000000 0.000000 0.000000 0.124187 0.000000 2000.000000 0.215099
1 0 21.000000 -0.183479 0.061881 -0.016721 -0.061374 -0.184996 -0.005593 -0.024935 0.000000 0.136805 0.000000 2500.000000 0.238913
0 0 6.000000 0.000000 0.000000 0.000000 0.000000 0.000000 0.000000 0.000000 0.000000 0.000000 2.000000 800.000000 0.000000
1 0 25.000000 -0.053757 -0.220849 -0.000000 0.120588 -0.098453 0.000000 -0.202573 0.000000 0.000000 0.000000 3000.000000 0.241800
1 0 17.000000 0.000000 -0.000000 -0.120466 0.000000 0.000000 -0.073958 0.000000 0.000000 0.187391 0.000000 2000.000000 0.234728
1 0 21.000000 -0.069254 0.214928 0.000000 0.142665 0.104333 -0.000000 -0.178689 0.000000 -0.000000 0.000000 2500.000000 0.238913
1 0 9.000000 0.175627 0.000000 0.000000 0.000000 0.175627 0.000000 0.000000 0.000000 0.124187 0.000000 800.000000 0.215099
1 0 17.000000 -0.210769 -0.103078 -0.000000 0.103022 -0.210884 0.000000 -0.007753 0.000000 0.000000 0.000000 2000.000000 0.234728
1 5 21.000000 0.000000 -0.000000 0.652191 0.000000 0.000000 0.644419 -0.000000 0.000000 0.329465 0.000000 2500.000000 0.974256
1 0 9.000000 0.000000 0.000000 0.000000 0.000000 0.000000 0.000000 0.000000 0.000000 0.000000 0.000000 800.000000 0.000000
1 5 21.000000 0.000000 -0.000000 -0.902566 -0.000000 -0.000000 0.331119 -0.000000 0.000000 -0.157833 0.000000 2500.000000 0.974256
1 0 25.000000 0.000000 -0.000000 -0.124096 0.000000 0.000000 -0.076186 0.000000 0.000000 0.193037 0.000000 3000.000000 0.241800
1 5 13.000000 0.000000 -0.000000 0.072418 0.000000 0.000000 0.022916 -0.000000 0.000000 0.926221 0.000000 1500.000000 0.929330
1 0 25.000000 -0.217119 -0.106184 -0.000000 0.106126 -0.217238 0.000000 -0.007986 0.000000 0.000000 0.000000 3000.000000 0.241800
1 2 17.000000 0.290708 -0.223560 -0.000000 0.178475 0.364144 -0.000000 0.257323 0.000000 0.000000 0.000000 2000.000000 0.427294
1 2 17.000000 -0.000000 -0.000000 -0.145755 0.000000 -0.000000 0.326958 -0.000000 0.000000 0.233311 0.000000 2000.000000 0.427294
1 0 9.000000 0.000000 0.000000 0.000000 0.000000 0.000000 0.000000 0.000000 0.000000 0.000000 15.000000 3000.000000 0.000000
1 0 21.000000 0.007548 -0.237757 -0.000000 -0.076449 -0.023473 0.000000 -0.226225 0.000000 -0.000000 0.000000 2500.000000 0.238913
1 0 21.000000 -0.000000 0.000000 -0.168434 -0.000000 -0.000000 -0.073200 -0.000000 0.000000 0.152810 0.000000 2500.000000 0.238913
1 0 21.000000 -0.000000 0.000000 0.078033 0.000000 0.000000 -0.160750 -0.000000 0.000000 -0.158586 0.000000 2500.000000 0.238913
1 0 21.000000 0.057471 0.167921 -0.000000 0.056786 -0.169946 -0.000000 -0.224837 0.000000 -0.000000 0.000000 2500.000000 0.238913
1 5 13.000000 -0.114642 -0.910481 0.000000 0.560518 -0.186220 -0.000000 0.732346 0.000000 0.000000 0.000000 1500.000000 0.929330
1 5 17.000000 -0.859489 -0.420341 -0.000000 0.420112 -0.859959 0.000000 -0.031615 0.000000 0.000000 0.000000 2000.000000 0.957191
1 0 25.000000 -0.000000 -0.000000 0.000198 0.000000 -0.000000 -0.015314 0.000000 0.000000 0.241315 0.000000 3000.000000 0.241800
1 5 13.000000 -0.266230 -0.866420 -0.000000 0.686284 -0.336110 0.000000 -0.567266 0.000000 0.000000 0.000000 1500.000000 0.929330
1 2 17.000000 -0.000000 -0.000000 0.000350 0.000000 -0.000000 -0.027062 0.000000 0.000000 0.426436 0.000000 2000.000000 0.427294
1 0 21.000000 -0.069254 -0.214928 -0.000000 0.142665 -0.104333 0.000000 -0.178689 0.000000 0.000000 0.000000 2500.000000 0.238913
0 0 6.000000 0.000000 0.000000 0.000000 0.000000 0.000000 0.000000 0.000000 0.000000 0.000000 0.000000 1500.000000 0.000000
1 5 21.000000 -0.181088 0.752746 0.129160 -0.529965 -0.257211 0.377997 0.564914 0.000000 0.396015 0.000000 2500.000000 0.974256
1 0 13.000000 0.186076 0.000000 0.000000 0.000000 0.186076 0.000000 0.000000 0.000000 0.131576 0.000000 1500.000000 0.227896
1 0 21.000000 -0.000000 -0.000000 0.168434 -0.000000 0.000000 0.073200 -0.000000 0.000000 -0.152810 0.000000 2500.000000 0.238913
1 0 17.000000 0.159697 -0.122809 -0.000000 0.098043 0.200038 -0.000000 0.141357 0.000000 0.000000 0.000000 2000.000000 0.234728
1 0 25.000000 -0.181929 0.131261 0.000000 -0.117595 -0.203071 0.000000 0.107427 0.000000 0.000000 0.000000 3000.000000 0.241800
0 0 6.000000 0.000000 0.000000 0.000000 0.000000 0.000000 0.000000 0.000000 0.000000 0.000000 4.000000 3000.000000 0.000000
1 2 17.000000 -0.000000 -0.000000 -0.012679 0.000000 -0.000000 0.006198 -0.000000 0.000000 0.427061 0.000000 2000.000000 0.427294
1 0 21.000000 0.207711 0.097817 0.000000 -0.093213 0.217970 -0.000000 -0.072434 0.000000 0.000000 0.000000 2500.000000 0.238913
1 0 21.000000 0.000000 -0.000000 0.159934 0.000000 0.000000 0.158028 -0.000000 0.000000 0.080793 0.000000 2500.000000 0.238913
1 0 21.000000 0.000000 -0.000000 -0.221332 -0.000000 -0.000000 0.081199 -0.000000 0.000000 -0.038705 0.000000 2500.000000 0.238913
0 0 6.000000 0.000000 0.000000 0.000000 0.000000 0.000000 0.000000 0.000000 0.000000 0.000000 2.000000 3000.000000 0.000000
1 0 13.000000 0.216550 -0.068755 0.000000 0.068525 0.217277 0.000000 -0.018627 0.000000 0.000000 0.000000 1500.000000 0.227896
1 5 21.000000 -0.282411 -0.876449 -0.000000 0.581771 -0.425457 0.000000 -0.728671 0.000000 0.000000 0.000000 2500.000000 0.974256
0 0 6.000000 0.000000 0.000000 0.000000 0.000000 0.000000 0.000000 0.000000 0.000000 0.000000 2.000000 1500.000000 0.000000
1 0 9.000000 0.175627 0.000000 0.000000 0.000000 0.175627 0.000000 0.000000 0.000000 0.124187 15.000000 2000.000000 0.215099
1 0 13.000000 -0.000000 -0.000000 -0.050311 0.000000 -0.000000 0.129691 -0.000000 0.000000 0.180514 0.000000 1500.000000 0.227896
1 0 13.000000 -0.000000 -0.000000 0.035986 0.000000 -0.000000 -0.175948 0.000000 0.000000 0.140299 0.000000 1500.000000 0.227896
1 0 9.000000 0.000000 0.000000 0.000000 0.000000 0.000000 0.000000 0.000000 0.000000 0.000000 32.000000 800.000000 0.000000
1 5 25.000000 0.000000 -0.000000 -0.506046 0.000000 0.000000 -0.310678 0.000000 0.000000 0.787181 0.000000 3000.000000 0.986031
1 0 13.000000 0.000000 -0.000000 0.017759 0.000000 0.000000 0.005620 -0.000000 0.000000 0.227133 0.000000 1500.000000 0.227896
1 5 17.000000 -0.000000 -0.000000 -0.028404 0.000000 -0.000000 0.013883 -0.000000 0.000000 0.956669 0.000000 2000.000000 0.957191
1 5 25.000000 0.805091 0.000000 0.000000 0.000000 0.805091 0.000000 0.000000 0.000000 0.569285 0.000000 3000.000000 0.986031
1 5 21.000000 -0.748203 0.252345 -0.068185 -0.250275 -0.754391 -0.022808 -0.101680 0.000000 0.557873 0.000000 2500.000000 0.974256
1 0 17.000000 -0.052185 -0.214390 -0.000000 0.117061 -0.095573 0.000000 -0.196649 0.000000 0.000000 0.000000 2000.000000 0.234728
1 5 21.000000 0.234359 -0.684761 0.000000 0.231566 0.693020 0.000000 -0.916858 0.000000 0.000000 0.000000 2500.000000 0.974256
1 0 9.000000 0.000000 0.000000 0.000000 0.000000 0.000000 0.000000 0.000000 0.000000 0.000000 15.000000 800.000000 0.000000
0 0 6.000000 0.000000 0.000000 0.000000 0.000000 0.000000 0.000000 0.000000 0.000000 0.000000 4.000000 800.000000 0.000000
1 5 17.000000 -0.012345 -0.957112 0.000000 0.955190 -0.012369 -0.000000 0.060627 0.000000 0.000000 0.000000 2000.000000 0.957191
1 5 17.000000 -0.000000 0.000000 0.357147 -0.000000 -0.000000 0.230852 0.000000 0.000000 0.857536 0.000000 2000.000000 0.957191
1 5 17.000000 0.651223 -0.500801 -0.000000 0.399806 0.815729 -0.000000 0.576437 0.000000 0.000000 0.000000 2000.000000 0.957191
1 0 21.000000 0.000000 0.000000 0.000000 0.000000 0.000000 0.000000 0.000000 0.000000 0.000000 0.000000 2500.000000 0.000000
1 0 9.000000 0.175627 0.000000 0.000000 0.000000 0.175627 0.000000 0.000000 0.000000 0.124187 32.000000 3000.000000 0.215099
1 0 9.000000 0.175627 0.000000 0.000000 0.000000 0.175627 0.000000 0.000000 0.000000 0.124187 15.000000 800.000000 0.215099
1 5 25.000000 -0.219214 -0.900596 -0.000000 0.491743 -0.401477 0.000000 -0.826069 0.000000 0.000000 0.000000 3000.000000 0.986031
1 0 17.000000 0.000000 0.000000 0.000000 0.000000 0.000000 0.000000 0.000000 0.000000 0.000000 0.000000 2000.000000 0.000000
1 0 25.000000 0.164508 -0.126509 -0.000000 0.100997 0.206065 -0.000000 0.145616 0.000000 0.000000 0.000000 3000.000000 0.241800
1 0 9.000000 0.175627 0.000000 0.000000 0.000000 0.175627 0.000000 0.000000 0.000000 0.124187 0.000000 3000.000000 0.215099
1 5 21.000000 0.000000 -0.000000 -0.090637 -0.000000 -0.000000 0.918055 -0.000000 0.000000 -0.313266 0.000000 2500.000000 0.974256
1 5 21.000000 0.000000 -0.000000 -0.269485 -0.000000 -0.000000 0.120935 -0.000000 0.000000 -0.928401 0.000000 2500.000000 0.974256
1 0 17.000000 -0.000000 -0.000000 0.131977 0.000000 -0.000000 -0.151550 0.000000 0.000000 0.121292 0.000000 2000.000000 0.234728
1 0 25.000000 -0.000000 -0.000000 0.135954 0.000000 -0.000000 -0.156116 0.000000 0.000000 0.124946 0.000000 3000.000000 0.241800
1 0 13.000000 0.000000 0.000000 0.000000 0.000000 0.000000 0.000000 0.000000 0.000000 0.000000 0.000000 1500.000000 0.000000
1 5 25.000000 -0.000000 -0.000000 0.000807 0.000000 -0.000000 -0.062448 0.000000 0.000000 0.984051 0.000000 3000.000000 0.986031
1 5 17.000000 -0.000000 -0.000000 -0.326509 0.000000 -0.000000 0.732427 -0.000000 0.000000 0.522645 0.000000 2000.000000 0.957191
1 5 13.000000 -0.000000 -0.000000 -0.205162 0.000000 -0.000000 0.528865 -0.000000 0.000000 0.736114 0.000000 1500.000000 0.929330
1 0 21.000000 0.000000 0.000000 0.221330 -0.000000 0.000000 -0.081198 -0.000000 0.000000 0.038719 0.000000 2500.000000 0.238913
1 5 21.000000 -0.000000 0.000000 0.318210 0.000000 0.000000 -0.655518 -0.000000 0.000000 -0.646695 0.000000 2500.000000 0.974256
##END
