##LIST_SIZE=306
##LISTDATA
0 0 6.000000 0.000000 0.000000 0.000000 0.000000 0.000000 0.000000 0.000000 0.000000 0.000000 0.000000 3000.000000 0.000000
1 0 12.000000 0.028883 -0.316346 -0.041982 0.138388 0.066025 -0.201151 0.290600 0.000000 0.099964 16.000000 2000.000000 0.395791
1 3 12.000000 -0.000000 0.000000 0.373104 -0.000000 -0.000000 0.241166 0.000000 0.000000 0.895850 0.000000 1000.000000 0.999958
1 0 12.000000 0.000000 0.000000 0.000000 0.000000 0.000000 0.000000 0.000000 0.000000 0.000000 0.000000 3500.000000 0.000000
1 3 18.000000 -0.339334 -0.754079 0.000000 0.389659 -0.656689 -0.000000 0.856093 0.000000 0.000000 0.000000 3000.000000 0.999938
1 0 15.000000 -0.114720 0.356028 0.000000 0.236325 0.172828 -0.000000 -0.295999 0.000000 -0.000000 0.000000 2500.000000 0.395759
1 0 18.000000 0.323156 0.000000 0.000000 0.000000 0.323156 0.000000 0.000000 0.000000 0.228506 0.000000 3000.000000 0.395783
1 0 6.000000 0.322648 0.000000 0.000000 0.000000 0.322648 0.000000 0.000000 0.000000 0.228146 8.000000 2000.000000 0.395161
1 0 9.000000 0.323029 0.000000 0.000000 0.000000 0.323029 0.000000 0.000000 0.000000 0.228416 12.000000 3000.000000 0.395628
1 0 6.000000 0.210472 0.000000 0.000000 0.000000 0.210472 0.000000 0.000000 0.000000 0.148826 8.000000 800.000000 0.257775
1 3 15.000000 0.000000 0.000000 0.276572 -0.000000 0.000000 -0.124116 -0.000000 0.000000 0.952816 0.000000 2500.000000 0.999877
1 0 18.000000 -0.000000 -0.000000 0.000324 0.000000 -0.000000 -0.025066 0.000000 0.000000 0.394989 0.000000 3000.000000 0.395783
1 0 12.000000 0.323162 0.000000 0.000000 0.000000 0.323162 0.000000 0.000000 0.000000 0.228510 0.000000 3500.000000 0.395791
1 0 6.000000 0.322648 0.000000 0.000000 0.000000 0.322648 0.000000 0.000000 0.000000 0.228146 24.000000 800.000000 0.395161
1 3 12.000000 0.000000 -0.000000 -0.513194 0.000000 0.000000 -0.315066 0.000000 0.000000 0.798299 0.000000 2000.000000 0.999958
1 0 12.000000 -0.005104 -0.395758 0.000000 0.394964 -0.005115 -0.000000 0.025069 0.000000 0.000000 0.000000 1000.000000 0.395791
1 0 18.000000 -0.000000 -0.000000 -0.011744 0.000000 -0.000000 0.005741 -0.000000 0.000000 0.395568 0.000000 3000.000000 0.395783
1 0 12.000000 -0.000000 -0.000000 0.222536 0.000000 -0.000000 -0.255539 0.000000 0.000000 0.204519 0.000000 2000.000000 0.395791
1 3 18.000000 -0.000000 -0.000000 0.000818 0.000000 -0.000000 -0.063329 0.000000 0.000000 0.997931 0.000000 3000.000000 0.999938
1 3 12.000000 -0.897891 -0.439122 -0.000000 0.438882 -0.898381 0.000000 -0.033028 0.000000 0.000000 0.000000 1000.000000 0.999958
1 0 12.000000 -0.134314 -0.298476 0.000000 0.154233 -0.259928 -0.000000 0.338855 0.000000 0.000000 0.000000 2000.000000 0.395791
1 0 12.000000 -0.073567 0.305803 0.052471 -0.215298 -0.104492 0.153561 0.229496 0.000000 0.160881 16.000000 2000.000000 0.395791
1 3 12.000000 -0.000000 0.000000 0.229614 -0.000000 -0.000000 0.671981 0.000000 0.000000 0.704013 0.000000 3500.000000 0.999958
1 3 12.000000 -0.767941 0.259002 -0.069984 -0.256877 -0.774292 -0.023410 -0.104362 0.000000 0.572590 0.000000 2000.000000 0.999958
1 0 12.000000 0.269276 -0.207077 -0.000000 0.165317 0.337298 -0.000000 0.238352 0.000000 0.000000 16.000000 2000.000000 0.395791
1 3 15.000000 0.152073 -0.344375 -0.000000 -0.055790 -0.938701 0.000000 -0.986669 0.000000 -0.000000 0.000000 2500.000000 0.999877
1 3 12.000000 -0.000000 -0.000000 -0.029673 0.000000 -0.000000 0.014504 -0.000000 0.000000 0.999412 16.000000 2000.000000 0.999958
1 3 18.000000 -0.000000 -0.000000 0.562222 0.000000 -0.000000 -0.645602 0.000000 0.000000 0.516703 0.000000 3000.000000 0.999938
1 0 6.000000 0.322648 0.000000 0.000000 0.000000 0.322648 0.000000 0.000000 0.000000 0.228146 24.000000 2000.000000 0.395161
0 0 6.000000 0.000000 0.000000 0.000000 0.000000 0.000000 0.000000 0.000000 0.000000 0.000000 4.000000 3000.000000 0.000000
1 3 15.000000 0.000000 -0.000000 -0.926301 -0.000000 -0.000000 0.339826 -0.000000 0.000000 -0.161984 0.000000 2500.000000 0.999877
1 3 12.000000 -0.185865 0.772604 0.132568 -0.543946 -0.263996 0.387968 0.579817 0.000000 0.406462 16.000000 2000.000000 0.999958
1 3 15.000000 0.000000 0.000000 -0.669342 0.000000 -0.000000 -0.661365 -0.000000 0.000000 -0.338129 0.000000 2500.000000 0.999877
1 0 15.000000 -0.073561 0.305778 0.052467 -0.215281 -0.104483 0.153549 0.229478 0.000000 0.160868 0.000000 2500.000000 0.395759
1 3 12.000000 -0.000000 -0.000000 -0.341097 0.000000 -0.000000 0.765151 -0.000000 0.000000 0.545997 0.000000 2000.000000 0.999958
1 0 15.000000 0.344074 0.162035 0.000000 -0.154408 0.361068 -0.000000 -0.119987 0.000000 0.000000 0.000000 2500.000000 0.395759
1 0 9.000000 0.035360 -0.387283 -0.000000 0.169420 0.080830 -0.000000 0.355764 0.000000 0.000000 12.000000 1500.000000 0.395628
1 3 12.000000 -0.339341 -0.754094 0.000000 0.389667 -0.656702 -0.000000 0.856110 0.000000 0.000000 0.000000 2000.000000 0.999958
1 0 12.000000 0.000000 -0.000000 -0.203126 0.000000 0.000000 -0.124706 0.000000 0.000000 0.315973 0.000000 1000.000000 0.395791
1 0 12.000000 -0.000000 -0.000000 0.000324 0.000000 -0.000000 -0.025067 0.000000 0.000000 0.394997 0.000000 2000.000000 0.395791
1 3 12.000000 -0.222311 -0.913316 -0.000000 0.498689 -0.407148 0.000000 -0.837737 0.000000 0.000000 0.000000 2000.000000 0.999958
1 3 15.000000 -0.000000 0.000000 0.326578 0.000000 0.000000 -0.672757 -0.000000 0.000000 -0.663701 0.000000 2500.000000 0.999877
1 0 9.000000 -0.000000 0.000000 0.090845 -0.000000 -0.000000 0.265866 0.000000 0.000000 0.278539 12.000000 3000.000000 0.395628
1 0 6.000000 0.000000 0.000000 0.000000 0.000000 0.000000 0.000000 0.000000 0.000000 0.000000 24.000000 800.000000 0.000000
1 3 12.000000 -0.897891 -0.439122 -0.000000 0.438882 -0.898381 0.000000 -0.033028 0.000000 0.000000 0.000000 2000.000000 0.999958
1 0 12.000000 -0.087992 -0.361498 -0.000000 0.197385 -0.161152 0.000000 -0.331583 0.000000 0.000000 16.000000 2000.000000 0.395791
1 3 9.000000 -0.000000 0.000000 0.229519 -0.000000 -0.000000 0.671704 0.000000 0.000000 0.703723 12.000000 1500.000000 0.999545
1 0 12.000000 0.201601 0.252257 0.008870 -0.251770 0.201991 -0.011077 -0.020068 0.000000 0.228069 16.000000 2000.000000 0.395791
1 0 6.000000 0.000000 0.000000 0.000000 0.000000 0.000000 0.000000 0.000000 0.000000 0.000000 0.000000 2000.000000 0.000000
1 3 12.000000 -0.000000 -0.000000 -0.341097 0.000000 -0.000000 0.765151 -0.000000 0.000000 0.545997 0.000000 1000.000000 0.999958
1 3 9.000000 -0.227543 0.945852 0.000000 -0.665921 -0.323195 0.000000 0.709834 0.000000 0.000000 12.000000 3000.000000 0.999545
1 3 12.000000 -0.000000 -0.000000 0.000818 0.000000 -0.000000 -0.063330 0.000000 0.000000 0.997950 0.000000 1000.000000 0.999958
1 3 18.000000 0.000000 -0.000000 -0.513184 0.000000 0.000000 -0.315060 0.000000 0.000000 0.798283 0.000000 3000.000000 0.999938
1 3 12.000000 0.816462 0.000000 0.000000 0.000000 0.816462 0.000000 0.000000 0.000000 0.577326 0.000000 3500.000000 0.999958
1 0 15.000000 0.000000 -0.000000 -0.209795 0.000000 0.000000 -0.290913 0.000000 0.000000 0.167276 6.000000 2500.000000 0.395759
1 0 6.000000 0.322648 0.000000 0.000000 0.000000 0.322648 0.000000 0.000000 0.000000 0.228146 0.000000 3500.000000 0.395161
1 3 12.000000 -0.752363 0.542825 0.000000 -0.486311 -0.839795 0.000000 0.444261 0.000000 0.000000 16.000000 2000.000000 0.999958
1 0 18.000000 -0.005104 -0.395750 0.000000 0.394956 -0.005115 -0.000000 0.025068 0.000000 0.000000 0.000000 3000.000000 0.395783
1 3 12.000000 -0.000000 0.000000 -0.121216 -0.000000 -0.000000 -0.040547 -0.000000 0.000000 0.991755 0.000000 3500.000000 0.999958
1 3 12.000000 -0.339341 -0.754094 0.000000 0.389667 -0.656702 -0.000000 0.856110 0.000000 0.000000 16.000000 2000.000000 0.999958
1 0 15.000000 -0.303933 0.102507 -0.027698 -0.101666 -0.306446 -0.009265 -0.041304 0.000000 0.226617 0.000000 2500.000000 0.395759
1 3 9.000000 -0.940144 0.317080 -0.000000 -0.314479 -0.947919 -0.000000 -0.127765 0.000000 0.000000 12.000000 1500.000000 0.999545
1 3 12.000000 0.089373 -0.978865 -0.000000 0.428214 0.204299 -0.000000 0.899200 0.000000 0.000000 0.000000 3500.000000 0.999958
1 0 15.000000 -0.359668 0.151884 -0.000000 -0.149479 -0.365454 -0.000000 -0.070148 0.000000 0.000000 6.000000 2500.000000 0.395759
1 3 12.000000 -0.767941 0.259002 -0.069984 -0.256877 -0.774292 -0.023410 -0.104362 0.000000 0.572590 0.000000 1000.000000 0.999958
1 0 18.000000 0.000000 0.000000 0.000000 0.000000 0.000000 0.000000 0.000000 0.000000 0.000000 0.000000 3000.000000 0.000000
1 0 15.000000 -0.073561 0.305778 0.052467 -0.215281 -0.104483 0.153549 0.229478 0.000000 0.160868 6.000000 2500.000000 0.395759
1 3 15.000000 0.240522 -0.702769 0.000000 0.237656 0.711245 0.000000 -0.940969 0.000000 0.000000 0.000000 2500.000000 0.999877
1 0 9.000000 -0.000000 0.000000 -0.047958 -0.000000 -0.000000 -0.016042 -0.000000 0.000000 0.392383 12.000000 3000.000000 0.395628
1 0 15.000000 0.171687 -0.324106 0.000000 0.245008 0.227114 0.000000 -0.259076 0.000000 0.000000 6.000000 2500.000000 0.395759
1 0 15.000000 -0.000000 -0.000000 -0.099014 0.000000 -0.000000 0.140275 -0.000000 0.000000 0.356573 6.000000 2500.000000 0.395759
1 3 12.000000 -0.767941 0.259002 -0.069984 -0.256877 -0.774292 -0.023410 -0.104362 0.000000 0.572590 16.000000 2000.000000 0.999958
1 0 15.000000 -0.205625 -0.323327 -0.000000 0.291313 -0.228222 0.000000 -0.171700 0.000000 0.000000 6.000000 2500.000000 0.395759
1 0 15.000000 -0.232155 0.157741 -0.000000 -0.100892 -0.362965 -0.000000 -0.304221 0.000000 0.000000 0.000000 2500.000000 0.395759
1 0 12.000000 -0.000000 -0.000000 0.222536 0.000000 -0.000000 -0.255539 0.000000 0.000000 0.204519 16.000000 2000.000000 0.395791
1 3 15.000000 0.031589 0.995039 0.000000 -0.319947 0.098242 -0.000000 -0.946779 0.000000 0.000000 0.000000 2500.000000 0.999877
1 0 12.000000 -0.134314 -0.298476 0.000000 0.154233 -0.259928 -0.000000 0.338855 0.000000 0.000000 16.000000 2000.000000 0.395791
1 3 18.000000 -0.012896 -0.999855 0.000000 0.997847 -0.012922 -0.000000 0.063334 0.000000 0.000000 0.000000 3000.000000 0.999938
1 0 12.000000 0.000000 -0.000000 -0.203126 0.000000 0.000000 -0.124706 0.000000 0.000000 0.315973 0.000000 2000.000000 0.395791
1 0 12.000000 -0.000000 -0.000000 -0.011745 0.000000 -0.000000 0.005741 -0.000000 0.000000 0.395575 16.000000 2000.000000 0.395791
1 3 9.000000 0.000000 -0.000000 -0.183638 0.000000 0.000000 -0.879870 0.000000 0.000000 0.437260 12.000000 3000.000000 0.999545
1 0 12.000000 0.201601 0.252257 0.008870 -0.251770 0.201991 -0.011077 -0.020068 0.000000 0.228069 0.000000 1000.000000 0.395791
1 0 9.000000 0.000000 -0.000000 -0.072685 0.000000 0.000000 -0.348260 0.000000 0.000000 0.173071 12.000000 3000.000000 0.395628
1 3 9.000000 -0.000000 0.000000 -0.121166 -0.000000 -0.000000 -0.040530 -0.000000 0.000000 0.991346 12.000000 3000.000000 0.999545
1 3 9.000000 -0.000000 0.000000 0.229519 -0.000000 -0.000000 0.671704 0.000000 0.000000 0.703723 12.000000 3000.000000 0.999545
1 3 15.000000 -0.185850 0.772541 0.132557 -0.543902 -0.263975 0.387937 0.579770 0.000000 0.406430 0.000000 2500.000000 0.999877
1 3 12.000000 0.680319 -0.523177 -0.000000 0.417669 0.852175 -0.000000 0.602191 0.000000 0.000000 16.000000 2000.000000 0.999958
1 0 15.000000 -0.000000 -0.000000 -0.129262 0.000000 -0.000000 0.266283 -0.000000 0.000000 0.262698 0.000000 2500.000000 0.395759
1 0 15.000000 0.012503 -0.393845 -0.000000 -0.126638 -0.038883 0.000000 -0.374742 0.000000 -0.000000 0.000000 2500.000000 0.395759
1 0 15.000000 -0.114720 -0.356028 -0.000000 0.236325 -0.172828 0.000000 -0.295999 0.000000 0.000000 0.000000 2500.000000 0.395759
1 3 12.000000 -0.000000 -0.000000 0.562233 0.000000 -0.000000 -0.645614 0.000000 0.000000 0.516713 0.000000 1000.000000 0.999958
1 0 12.000000 -0.087992 -0.361498 -0.000000 0.197385 -0.161152 0.000000 -0.331583 0.000000 0.000000 0.000000 2000.000000 0.395791
1 0 9.000000 -0.090063 0.374376 0.000000 -0.263577 -0.127923 0.000000 0.280958 0.000000 0.000000 12.000000 1500.000000 0.395628
1 0 6.000000 0.322648 0.000000 0.000000 0.000000 0.322648 0.000000 0.000000 0.000000 0.228146 8.000000 3500.000000 0.395161
0 0 6.000000 0.000000 0.000000 0.000000 0.000000 0.000000 0.000000 0.000000 0.000000 0.000000 8.000000 800.000000 0.000000
1 0 12.000000 -0.297791 0.214855 0.000000 -0.192486 -0.332398 0.000000 0.175842 0.000000 0.000000 0.000000 1000.000000 0.395791
1 3 12.000000 -0.227637 0.946242 0.000000 -0.666195 -0.323328 0.000000 0.710127 0.000000 0.000000 0.000000 3500.000000 0.999958
1 3 15.000000 0.869294 0.409378 0.000000 -0.390109 0.912231 -0.000000 -0.303145 0.000000 0.000000 0.000000 2500.000000 0.999877
1 0 15.000000 0.028881 -0.316320 -0.041979 0.138377 0.066019 -0.201135 0.290576 0.000000 0.099956 6.000000 2500.000000 0.395759
1 0 15.000000 -0.073561 0.305778 0.052467 -0.215281 -0.104483 0.153549 0.229478 0.000000 0.160868 0.000000 1500.000000 0.395759
1 0 15.000000 -0.000000 0.000000 -0.064777 -0.000000 -0.000000 -0.026921 -0.000000 0.000000 0.389493 6.000000 2500.000000 0.395759
1 3 12.000000 -0.000000 -0.000000 -0.029673 0.000000 -0.000000 0.014504 -0.000000 0.000000 0.999412 0.000000 1000.000000 0.999958
1 0 9.000000 0.000000 0.000000 0.000000 0.000000 0.000000 0.000000 0.000000 0.000000 0.000000 12.000000 3000.000000 0.000000
1 0 15.000000 0.344074 -0.162035 -0.000000 -0.154408 -0.361068 0.000000 -0.119987 0.000000 -0.000000 0.000000 2500.000000 0.395759
1 0 15.000000 -0.000000 0.000000 -0.279011 -0.000000 -0.000000 -0.121255 -0.000000 0.000000 0.253131 0.000000 2500.000000 0.395759
1 3 15.000000 -0.000000 -0.000000 -0.326578 0.000000 -0.000000 0.672757 -0.000000 0.000000 0.663701 0.000000 2500.000000 0.999877
1 0 12.000000 -0.000000 -0.000000 -0.135009 0.000000 -0.000000 0.302853 -0.000000 0.000000 0.216110 0.000000 1000.000000 0.395791
1 3 12.000000 -0.000000 0.000000 0.373104 -0.000000 -0.000000 0.241166 0.000000 0.000000 0.895850 16.000000 2000.000000 0.999958
1 3 9.000000 0.089336 -0.978462 -0.000000 0.428037 0.204215 -0.000000 0.898829 0.000000 0.000000 12.000000 3000.000000 0.999545
1 0 12.000000 -0.303957 0.102515 -0.027700 -0.101674 -0.306471 -0.009266 -0.041307 0.000000 0.226636 0.000000 1000.000000 0.395791
1 0 15.000000 0.000000 0.000000 0.157729 -0.000000 0.000000 -0.137646 -0.000000 0.000000 0.335858 0.000000 1500.000000 0.395759
1 0 12.000000 -0.005104 -0.395758 0.000000 0.394964 -0.005115 -0.000000 0.025069 0.000000 0.000000 16.000000 2000.000000 0.395791
1 3 12.000000 -0.185865 0.772604 0.132568 -0.543946 -0.263996 0.387968 0.579817 0.000000 0.406462 0.000000 1000.000000 0.999958
1 3 12.000000 -0.000000 -0.000000 0.562233 0.000000 -0.000000 -0.645614 0.000000 0.000000 0.516713 0.000000 2000.000000 0.999958
1 3 15.000000 0.000000 -0.000000 0.669342 0.000000 0.000000 0.661365 -0.000000 0.000000 0.338129 0.000000 2500.000000 0.999877
1 0 12.000000 0.000000 0.000000 0.015363 -0.000000 0.000000 -0.019186 -0.000000 0.000000 0.395027 0.000000 3500.000000 0.395791
1 0 12.000000 -0.000000 -0.000000 -0.135009 0.000000 -0.000000 0.302853 -0.000000 0.000000 0.216110 16.000000 2000.000000 0.395791
1 0 15.000000 0.171687 -0.324106 0.000000 0.245008 0.227114 0.000000 -0.259076 0.000000 0.000000 0.000000 1500.000000 0.395759
1 3 12.000000 -0.222311 -0.913316 -0.000000 0.498689 -0.407148 0.000000 -0.837737 0.000000 0.000000 0.000000 1000.000000 0.999958
1 3 9.000000 0.816125 0.000000 0.000000 0.000000 0.816125 0.000000 0.000000 0.000000 0.577088 12.000000 3000.000000 0.999545
1 0 12.000000 -0.000000 -0.000000 -0.011745 0.000000 -0.000000 0.005741 -0.000000 0.000000 0.395575 0.000000 2000.000000 0.395791
1 0 6.000000 0.322648 0.000000 0.000000 0.000000 0.322648 0.000000 0.000000 0.000000 0.228146 0.000000 800.000000 0.395161
1 0 15.000000 0.000000 -0.000000 0.264931 0.000000 0.000000 0.261774 -0.000000 0.000000 0.133834 0.000000 2500.000000 0.395759
1 3 12.000000 0.680319 -0.523177 -0.000000 0.417669 0.852175 -0.000000 0.602191 0.000000 0.000000 0.000000 2000.000000 0.999958
1 3 12.000000 -0.012896 -0.999874 0.000000 0.997867 -0.012922 -0.000000 0.063335 0.000000 0.000000 16.000000 2000.000000 0.999958
1 3 12.000000 -0.000000 -0.000000 -0.029673 0.000000 -0.000000 0.014504 -0.000000 0.000000 0.999412 0.000000 2000.000000 0.999958
1 0 15.000000 0.028881 -0.316320 -0.041979 0.138377 0.066019 -0.201135 0.290576 0.000000 0.099956 0.000000 2500.000000 0.395759
1 0 12.000000 0.000000 -0.000000 -0.203126 0.000000 0.000000 -0.124706 0.000000 0.000000 0.315973 16.000000 2000.000000 0.395791
1 0 6.000000 0.000000 0.000000 0.000000 0.000000 0.000000 0.000000 0.000000 0.000000 0.000000 24.000000 2000.000000 0.000000
1 3 15.000000 0.869294 -0.409378 -0.000000 -0.390109 -0.912231 0.000000 -0.303145 0.000000 -0.000000 0.000000 2500.000000 0.999877
1 0 15.000000 0.000000 0.000000 0.000000 0.000000 0.000000 0.000000 0.000000 0.000000 0.000000 0.000000 2500.000000 0.000000
1 0 12.000000 -0.297791 0.214855 0.000000 -0.192486 -0.332398 0.000000 0.175842 0.000000 0.000000 16.000000 2000.000000 0.395791
1 0 15.000000 0.000000 0.000000 0.157729 -0.000000 0.000000 -0.137646 -0.000000 0.000000 0.335858 6.000000 2500.000000 0.395759
1 0 15.000000 -0.303933 0.102507 -0.027698 -0.101666 -0.306446 -0.009265 -0.041304 0.000000 0.226617 0.000000 1500.000000 0.395759
1 3 9.000000 0.816125 0.000000 0.000000 0.000000 0.816125 0.000000 0.000000 0.000000 0.577088 12.000000 1500.000000 0.999545
1 3 15.000000 0.509299 0.637270 0.022407 -0.636040 0.510284 -0.027984 -0.050699 0.000000 0.576165 0.000000 2500.000000 0.999877
1 3 12.000000 -0.185865 0.772604 0.132568 -0.543946 -0.263996 0.387968 0.579817 0.000000 0.406462 0.000000 2000.000000 0.999958
1 0 9.000000 0.246808 0.308823 0.000000 -0.308227 0.247285 -0.000000 -0.024569 0.000000 0.000000 12.000000 1500.000000 0.395628
1 0 15.000000 0.201585 0.252237 0.008869 -0.251750 0.201975 -0.011076 -0.020067 0.000000 0.228051 0.000000 1500.000000 0.395759
1 0 12.000000 -0.303957 0.102515 -0.027700 -0.101674 -0.306471 -0.009266 -0.041307 0.000000 0.226636 16.000000 2000.000000 0.395791
1 3 12.000000 0.623812 0.780556 0.000000 -0.779049 0.625018 -0.000000 -0.062098 0.000000 0.000000 0.000000 3500.000000 0.999958
1 0 15.000000 -0.232155 -0.157741 0.000000 -0.100892 0.362965 0.000000 -0.304221 0.000000 -0.000000 0.000000 2500.000000 0.395759
1 0 12.000000 -0.000000 0.000000 0.147678 -0.000000 -0.000000 0.095456 0.000000 0.000000 0.354585 0.000000 1000.000000 0.395791
1 0 15.000000 0.097843 -0.320996 -0.000000 0.135675 0.231489 -0.000000 0.358670 0.000000 0.000000 6.000000 2500.000000 0.395759
1 3 18.000000 -0.000000 -0.000000 -0.341090 0.000000 -0.000000 0.765136 -0.000000 0.000000 0.545986 0.000000 3000.000000 0.999938
1 0 12.000000 -0.073567 0.305803 0.052471 -0.215298 -0.104492 0.153561 0.229496 0.000000 0.160881 0.000000 1000.000000 0.395791
1 3 18.000000 0.680306 -0.523166 -0.000000 0.417661 0.852158 -0.000000 0.602179 0.000000 0.000000 0.000000 3000.000000 0.999938
1 0 6.000000 0.000000 0.000000 0.000000 0.000000 0.000000 0.000000 0.000000 0.000000 0.000000 8.000000 2000.000000 0.000000
1 0 15.000000 0.000000 0.000000 0.000000 0.000000 0.000000 0.000000 0.000000 0.000000 0.000000 0.000000 1500.000000 0.000000
1 3 15.000000 0.240523 0.702769 -0.000000 0.237656 -0.711245 -0.000000 -0.940969 0.000000 -0.000000 0.000000 2500.000000 0.999877
1 3 15.000000 -0.586535 0.398528 -0.000000 -0.254902 -0.917022 -0.000000 -0.768607 0.000000 0.000000 0.000000 2500.000000 0.999877
1 3 12.000000 -0.000000 0.000000 0.373104 -0.000000 -0.000000 0.241166 0.000000 0.000000 0.895850 0.000000 2000.000000 0.999958
1 3 9.000000 -0.940144 0.317080 -0.000000 -0.314479 -0.947919 -0.000000 -0.127765 0.000000 0.000000 12.000000 3000.000000 0.999545
1 0 18.000000 0.000000 -0.000000 -0.203122 0.000000 0.000000 -0.124703 0.000000 0.000000 0.315967 0.000000 3000.000000 0.395783
1 0 12.000000 -0.000000 0.000000 0.147678 -0.000000 -0.000000 0.095456 0.000000 0.000000 0.354585 16.000000 2000.000000 0.395791
1 3 15.000000 0.000000 0.000000 0.093025 -0.000000 0.000000 -0.942198 -0.000000 0.000000 0.321502 0.000000 2500.000000 0.999877
1 0 9.000000 0.035360 -0.387283 -0.000000 0.169420 0.080830 -0.000000 0.355764 0.000000 0.000000 12.000000 3000.000000 0.395628
1 0 18.000000 0.269270 -0.207073 -0.000000 0.165313 0.337291 -0.000000 0.238347 0.000000 0.000000 0.000000 3000.000000 0.395783
1 0 18.000000 -0.000000 -0.000000 -0.135006 0.000000 -0.000000 0.302847 -0.000000 0.000000 0.216106 0.000000 3000.000000 0.395783
1 0 9.000000 0.000000 0.000000 0.015357 -0.000000 0.000000 -0.019178 -0.000000 0.000000 0.394864 12.000000 1500.000000 0.395628
1 0 15.000000 0.060192 -0.136307 -0.000000 -0.022082 -0.371545 0.000000 -0.390531 0.000000 -0.000000 0.000000 2500.000000 0.395759
1 0 15.000000 0.028881 -0.316320 -0.041979 0.138377 0.066019 -0.201135 0.290576 0.000000 0.099956 0.000000 1500.000000 0.395759
1 0 15.000000 0.097843 -0.320996 -0.000000 0.135675 0.231489 -0.000000 0.358670 0.000000 0.000000 0.000000 1500.000000 0.395759
1 3 12.000000 -0.012896 -0.999874 0.000000 0.997867 -0.012922 -0.000000 0.063335 0.000000 0.000000 0.000000 2000.000000 0.999958
1 3 15.000000 0.152129 0.344374 0.000000 -0.055810 0.938702 -0.000000 -0.986659 0.000000 0.000000 0.000000 2500.000000 0.999877
1 0 18.000000 -0.000000 -0.000000 0.222532 0.000000 -0.000000 -0.255534 0.000000 0.000000 0.204515 0.000000 3000.000000 0.395783
1 0 12.000000 -0.000000 -0.000000 0.000324 0.000000 -0.000000 -0.025067 0.000000 0.000000 0.394997 0.000000 1000.000000 0.395791
1 3 12.000000 -0.012896 -0.999874 0.000000 0.997867 -0.012922 -0.000000 0.063335 0.000000 0.000000 0.000000 1000.000000 0.999958
1 0 15.000000 -0.000000 -0.000000 -0.099014 0.000000 -0.000000 0.140275 -0.000000 0.000000 0.356573 0.000000 1500.000000 0.395759
1 3 12.000000 0.509340 0.637321 0.022409 -0.636091 0.510325 -0.027986 -0.050703 0.000000 0.576212 16.000000 2000.000000 0.999958
1 0 15.000000 0.060214 0.136306 0.000000 -0.022090 0.371546 -0.000000 -0.390528 0.000000 0.000000 0.000000 2500.000000 0.395759
0 0 6.000000 0.000000 0.000000 0.000000 0.000000 0.000000 0.000000 0.000000 0.000000 0.000000 8.000000 1500.000000 0.000000
1 0 12.000000 -0.090100 0.374530 0.000000 -0.263685 -0.127976 0.000000 0.281074 0.000000 0.000000 0.000000 3500.000000 0.395791
1 0 9.000000 -0.000000 0.000000 0.090845 -0.000000 -0.000000 0.265866 0.000000 0.000000 0.278539 12.000000 1500.000000 0.395628
1 0 12.000000 0.269276 -0.207077 -0.000000 0.165317 0.337298 -0.000000 0.238352 0.000000 0.000000 0.000000 1000.000000 0.395791
1 0 12.000000 -0.355392 -0.173808 -0.000000 0.173713 -0.355586 0.000000 -0.013073 0.000000 0.000000 16.000000 2000.000000 0.395791
1 0 15.000000 0.000000 0.000000 0.000000 0.000000 0.000000 0.000000 0.000000 0.000000 0.000000 6.000000 2500.000000 0.000000
1 0 12.000000 -0.355392 -0.173808 -0.000000 0.173713 -0.355586 0.000000 -0.013073 0.000000 0.000000 0.000000 1000.000000 0.395791
1 3 12.000000 0.000000 -0.000000 -0.513194 0.000000 0.000000 -0.315066 0.000000 0.000000 0.798299 0.000000 1000.000000 0.999958
1 3 12.000000 -0.000000 -0.000000 0.000818 0.000000 -0.000000 -0.063330 0.000000 0.000000 0.997950 16.000000 2000.000000 0.999958
1 3 18.000000 -0.897873 -0.439113 -0.000000 0.438874 -0.898363 0.000000 -0.033027 0.000000 0.000000 0.000000 3000.000000 0.999938
1 0 15.000000 0.012503 0.393844 0.000000 -0.126637 0.038885 -0.000000 -0.374743 0.000000 0.000000 0.000000 2500.000000 0.395759
1 0 12.000000 -0.355392 -0.173808 -0.000000 0.173713 -0.355586 0.000000 -0.013073 0.000000 0.000000 0.000000 2000.000000 0.395791
1 3 12.000000 0.072972 -0.799240 -0.106067 0.349635 0.166810 -0.508203 0.734194 0.000000 0.252557 0.000000 1000.000000 0.999958
1 0 9.000000 -0.000000 0.000000 -0.047958 -0.000000 -0.000000 -0.016042 -0.000000 0.000000 0.392383 12.000000 1500.000000 0.395628
1 0 15.000000 0.201585 0.252237 0.008869 -0.251750 0.201975 -0.011076 -0.020067 0.000000 0.228051 6.000000 2500.000000 0.395759
1 3 15.000000 0.072967 -0.799176 -0.106059 0.349607 0.166796 -0.508162 0.734135 0.000000 0.252536 0.000000 2500.000000 0.999877
1 0 12.000000 -0.000000 -0.000000 0.222536 0.000000 -0.000000 -0.255539 0.000000 0.000000 0.204519 0.000000 1000.000000 0.395791
1 3 15.000000 0.031588 -0.995040 -0.000000 -0.319949 -0.098238 0.000000 -0.946778 0.000000 -0.000000 0.000000 2500.000000 0.999877
1 3 18.000000 -0.752348 0.542815 0.000000 -0.486301 -0.839779 0.000000 0.444252 0.000000 0.000000 0.000000 3000.000000 0.999938
1 3 12.000000 0.509340 0.637321 0.022409 -0.636091 0.510325 -0.027986 -0.050703 0.000000 0.576212 0.000000 1000.000000 0.999958
1 0 18.000000 -0.087991 -0.361491 -0.000000 0.197381 -0.161149 0.000000 -0.331576 0.000000 0.000000 0.000000 3000.000000 0.395783
1 0 12.000000 -0.005104 -0.395758 0.000000 0.394964 -0.005115 -0.000000 0.025069 0.000000 0.000000 0.000000 2000.000000 0.395791
1 0 15.000000 -0.303933 0.102507 -0.027698 -0.101666 -0.306446 -0.009265 -0.041304 0.000000 0.226617 6.000000 2500.000000 0.395759
1 0 15.000000 0.000000 -0.000000 -0.036818 -0.000000 -0.000000 0.372929 -0.000000 0.000000 -0.127254 0.000000 2500.000000 0.395759
1 3 12.000000 0.000000 0.000000 0.038814 -0.000000 0.000000 -0.048473 -0.000000 0.000000 0.998028 0.000000 3500.000000 0.999958
0 0 6.000000 0.000000 0.000000 0.000000 0.000000 0.000000 0.000000 0.000000 0.000000 0.000000 4.000000 1500.000000 0.000000
1 0 15.000000 -0.359668 0.151884 -0.000000 -0.149479 -0.365454 -0.000000 -0.070148 0.000000 0.000000 0.000000 1500.000000 0.395759
1 0 9.000000 0.246808 0.308823 0.000000 -0.308227 0.247285 -0.000000 -0.024569 0.000000 0.000000 12.000000 3000.000000 0.395628
1 0 12.000000 0.246910 0.308950 0.000000 -0.308354 0.247387 -0.000000 -0.024579 0.000000 0.000000 0.000000 3500.000000 0.395791
1 0 12.000000 -0.372270 0.125555 -0.000000 -0.124525 -0.375349 -0.000000 -0.050591 0.000000 0.000000 0.000000 3500.000000 0.395791
1 0 15.000000 0.000000 0.000000 0.036820 -0.000000 0.000000 -0.372929 -0.000000 0.000000 0.127253 0.000000 2500.000000 0.395759
1 0 12.000000 0.000000 0.000000 0.000000 0.000000 0.000000 0.000000 0.000000 0.000000 0.000000 0.000000 2000.000000 0.000000
1 3 9.000000 -0.227543 0.945852 0.000000 -0.665921 -0.323195 0.000000 0.709834 0.000000 0.000000 12.000000 1500.000000 0.999545
1 0 6.000000 0.322648 0.000000 0.000000 0.000000 0.322648 0.000000 0.000000 0.000000 0.228146 0.000000 2000.000000 0.395161
1 0 6.000000 0.210472 0.000000 0.000000 0.000000 0.210472 0.000000 0.000000 0.000000 0.148826 0.000000 3500.000000 0.257775
1 0 6.000000 0.210472 0.000000 0.000000 0.000000 0.210472 0.000000 0.000000 0.000000 0.148826 24.000000 800.000000 0.257775
1 3 15.000000 0.000000 -0.000000 -0.093021 -0.000000 -0.000000 0.942198 -0.000000 0.000000 -0.321504 0.000000 2500.000000 0.999877
1 0 9.000000 -0.090063 0.374376 0.000000 -0.263577 -0.127923 0.000000 0.280958 0.000000 0.000000 12.000000 3000.000000 0.395628
1 0 15.000000 -0.000000 0.000000 0.129262 0.000000 0.000000 -0.266283 -0.000000 0.000000 -0.262698 0.000000 2500.000000 0.395759
1 3 18.000000 -0.000000 -0.000000 -0.029672 0.000000 -0.000000 0.014503 -0.000000 0.000000 0.999393 0.000000 3000.000000 0.999938
1 0 12.000000 -0.000000 0.000000 -0.047978 -0.000000 -0.000000 -0.016049 -0.000000 0.000000 0.392545 0.000000 3500.000000 0.395791
1 0 12.000000 0.000000 0.000000 0.000000 0.000000 0.000000 0.000000 0.000000 0.000000 0.000000 16.000000 2000.000000 0.000000
1 0 9.000000 0.000000 0.000000 0.000000 0.000000 0.000000 0.000000 0.000000 0.000000 0.000000 12.000000 1500.000000 0.000000
1 3 15.000000 -0.000000 0.000000 -0.704916 -0.000000 -0.000000 -0.306349 -0.000000 0.000000 0.639530 0.000000 2500.000000 0.999877
1 0 9.000000 0.000000 0.000000 0.015357 -0.000000 0.000000 -0.019178 -0.000000 0.000000 0.394864 12.000000 3000.000000 0.395628
1 0 6.000000 0.322648 0.000000 0.000000 0.000000 0.322648 0.000000 0.000000 0.000000 0.228146 8.000000 800.000000 0.395161
1 3 9.000000 0.623555 0.780234 0.000000 -0.778728 0.624761 -0.000000 -0.062072 0.000000 0.000000 12.000000 1500.000000 0.999545
1 0 15.000000 0.095201 -0.278162 0.000000 0.094066 0.281517 0.000000 -0.372443 0.000000 0.000000 0.000000 2500.000000 0.395759
1 3 18.000000 -0.000000 0.000000 0.373097 -0.000000 -0.000000 0.241162 0.000000 0.000000 0.895833 0.000000 3000.000000 0.999938
1 3 15.000000 -0.000000 -0.000000 0.704916 -0.000000 0.000000 0.306349 -0.000000 0.000000 -0.639530 0.000000 2500.000000 0.999877
1 0 15.000000 0.000000 0.000000 -0.264931 0.000000 -0.000000 -0.261774 -0.000000 0.000000 -0.133834 0.000000 2500.000000 0.395759
1 0 15.000000 0.095201 0.278162 -0.000000 0.094066 -0.281517 -0.000000 -0.372443 0.000000 -0.000000 0.000000 2500.000000 0.395759
1 3 12.000000 -0.940532 0.317211 -0.000000 -0.314609 -0.948311 -0.000000 -0.127817 0.000000 0.000000 0.000000 3500.000000 0.999958
1 0 6.000000 0.210472 0.000000 0.000000 0.000000 0.210472 0.000000 0.000000 0.000000 0.148826 24.000000 3500.000000 0.257775
1 3 18.000000 0.816446 0.000000 0.000000 0.000000 0.816446 0.000000 0.000000 0.000000 0.577315 0.000000 3000.000000 0.999938
1 0 12.000000 0.035374 -0.387443 -0.000000 0.169490 0.080863 -0.000000 0.355911 0.000000 0.000000 0.000000 3500.000000 0.395791
1 0 12.000000 -0.303957 0.102515 -0.027700 -0.101674 -0.306471 -0.009266 -0.041307 0.000000 0.226636 0.000000 2000.000000 0.395791
1 3 9.000000 -0.000000 0.000000 -0.121166 -0.000000 -0.000000 -0.040530 -0.000000 0.000000 0.991346 12.000000 1500.000000 0.999545
1 0 12.000000 -0.087992 -0.361498 -0.000000 0.197385 -0.161152 0.000000 -0.331583 0.000000 0.000000 0.000000 1000.000000 0.395791
1 3 9.000000 0.623555 0.780234 0.000000 -0.778728 0.624761 -0.000000 -0.062072 0.000000 0.000000 12.000000 3000.000000 0.999545
1 3 12.000000 -0.752363 0.542825 0.000000 -0.486311 -0.839795 0.000000 0.444261 0.000000 0.000000 0.000000 1000.000000 0.999958
1 0 6.000000 0.210472 0.000000 0.000000 0.000000 0.210472 0.000000 0.000000 0.000000 0.148826 24.000000 2000.000000 0.257775
1 0 9.000000 -0.372116 0.125503 -0.000000 -0.124473 -0.375194 -0.000000 -0.050570 0.000000 0.000000 12.000000 1500.000000 0.395628
1 3 12.000000 0.072972 -0.799240 -0.106067 0.349635 0.166810 -0.508203 0.734194 0.000000 0.252557 0.000000 2000.000000 0.999958
1 3 12.000000 0.000000 -0.000000 -0.183714 0.000000 0.000000 -0.880233 0.000000 0.000000 0.437441 0.000000 3500.000000 0.999958
1 0 15.000000 -0.000000 -0.000000 0.279011 -0.000000 0.000000 0.121255 -0.000000 0.000000 -0.253131 0.000000 2500.000000 0.395759
1 0 12.000000 -0.134314 -0.298476 0.000000 0.154233 -0.259928 -0.000000 0.338855 0.000000 0.000000 0.000000 1000.000000 0.395791
1 0 12.000000 -0.000000 0.000000 0.090883 -0.000000 -0.000000 0.265975 0.000000 0.000000 0.278654 0.000000 3500.000000 0.395791
1 3 12.000000 -0.000000 -0.000000 -0.341097 0.000000 -0.000000 0.765151 -0.000000 0.000000 0.545997 16.000000 2000.000000 0.999958
1 0 6.000000 0.210472 0.000000 0.000000 0.000000 0.210472 0.000000 0.000000 0.000000 0.148826 0.000000 800.000000 0.257775
1 0 12.000000 -0.000000 -0.000000 -0.011745 0.000000 -0.000000 0.005741 -0.000000 0.000000 0.395575 0.000000 1000.000000 0.395791
1 0 15.000000 0.253050 0.260216 0.000000 -0.220831 0.298183 -0.000000 -0.209344 0.000000 0.000000 0.000000 1500.000000 0.395759
1 0 9.000000 -0.372116 0.125503 -0.000000 -0.124473 -0.375194 -0.000000 -0.050570 0.000000 0.000000 12.000000 3000.000000 0.395628
1 0 15.000000 0.000000 -0.000000 -0.366637 -0.000000 -0.000000 0.134506 -0.000000 0.000000 -0.064114 0.000000 2500.000000 0.395759
1 0 12.000000 -0.297791 0.214855 0.000000 -0.192486 -0.332398 0.000000 0.175842 0.000000 0.000000 0.000000 2000.000000 0.395791
1 0 6.000000 0.000000 0.000000 0.000000 0.000000 0.000000 0.000000 0.000000 0.000000 0.000000 8.000000 3500.000000 0.000000
1 3 15.000000 -0.289838 -0.899497 -0.000000 0.597071 -0.436645 0.000000 -0.747834 0.000000 0.000000 0.000000 2500.000000 0.999877
1 0 18.000000 -0.355385 -0.173804 -0.000000 0.173710 -0.355579 0.000000 -0.013072 0.000000 0.000000 0.000000 3000.000000 0.395783
1 0 15.000000 0.000000 -0.000000 -0.209795 0.000000 0.000000 -0.290913 0.000000 0.000000 0.167276 0.000000 1500.000000 0.395759
1 3 9.000000 0.000000 -0.000000 -0.183638 0.000000 0.000000 -0.879870 0.000000 0.000000 0.437260 12.000000 1500.000000 0.999545
0 0 6.000000 0.000000 0.000000 0.000000 0.000000 0.000000 0.000000 0.000000 0.000000 0.000000 0.000000 800.000000 0.000000
1 3 12.000000 0.072972 -0.799240 -0.106067 0.349635 0.166810 -0.508203 0.734194 0.000000 0.252557 16.000000 2000.000000 0.999958
1 0 15.000000 -0.205625 -0.323327 -0.000000 0.291313 -0.228222 0.000000 -0.171700 0.000000 0.000000 0.000000 1500.000000 0.395759
1 3 12.000000 -0.000000 -0.000000 0.562233 0.000000 -0.000000 -0.645614 0.000000 0.000000 0.516713 16.000000 2000.000000 0.999958
1 0 6.000000 0.322648 0.000000 0.000000 0.000000 0.322648 0.000000 0.000000 0.000000 0.228146 24.000000 3500.000000 0.395161
1 3 12.000000 0.509340 0.637321 0.022409 -0.636091 0.510325 -0.027986 -0.050703 0.000000 0.576212 0.000000 2000.000000 0.999958
1 0 12.000000 0.028883 -0.316346 -0.041982 0.138388 0.066025 -0.201151 0.290600 0.000000 0.099964 0.000000 1000.000000 0.395791
1 0 9.000000 0.000000 -0.000000 -0.072685 0.000000 0.000000 -0.348260 0.000000 0.000000 0.173071 12.000000 1500.000000 0.395628
1 0 15.000000 0.253050 0.260216 0.000000 -0.220831 0.298183 -0.000000 -0.209344 0.000000 0.000000 6.000000 2500.000000 0.395759
1 0 6.000000 0.210472 0.000000 0.000000 0.000000 0.210472 0.000000 0.000000 0.000000 0.148826 8.000000 2000.000000 0.257775
1 3 12.000000 -0.897891 -0.439122 -0.000000 0.438882 -0.898381 0.000000 -0.033028 0.000000 0.000000 16.000000 2000.000000 0.999958
1 3 18.000000 -0.222306 -0.913298 -0.000000 0.498679 -0.407140 0.000000 -0.837721 0.000000 0.000000 0.000000 3000.000000 0.999938
1 0 12.000000 0.269276 -0.207077 -0.000000 0.165317 0.337298 -0.000000 0.238352 0.000000 0.000000 0.000000 2000.000000 0.395791
1 3 12.000000 -0.222311 -0.913316 -0.000000 0.498689 -0.407148 0.000000 -0.837737 0.000000 0.000000 16.000000 2000.000000 0.999958
1 0 15.000000 0.000000 -0.000000 0.148676 0.000000 0.000000 0.212169 -0.000000 0.000000 0.299174 0.000000 1500.000000 0.395759
1 0 15.000000 0.000000 -0.000000 -0.109469 -0.000000 -0.000000 0.049126 -0.000000 0.000000 -0.377132 0.000000 2500.000000 0.395759
1 0 18.000000 -0.134311 -0.298471 0.000000 0.154230 -0.259923 -0.000000 0.338848 0.000000 0.000000 0.000000 3000.000000 0.395783
1 3 9.000000 0.000000 0.000000 0.038798 -0.000000 0.000000 -0.048453 -0.000000 0.000000 0.997616 12.000000 1500.000000 0.999545
1 3 15.000000 0.000000 0.000000 0.926293 -0.000000 0.000000 -0.339822 -0.000000 0.000000 0.162043 0.000000 2500.000000 0.999877
1 0 12.000000 -0.000000 -0.000000 -0.135009 0.000000 -0.000000 0.302853 -0.000000 0.000000 0.216110 0.000000 2000.000000 0.395791
1 3 12.000000 0.000000 -0.000000 -0.513194 0.000000 0.000000 -0.315066 0.000000 0.000000 0.798299 16.000000 2000.000000 0.999958
1 0 15.000000 0.000000 0.000000 0.366634 -0.000000 0.000000 -0.134504 -0.000000 0.000000 0.064138 0.000000 2500.000000 0.395759
1 0 18.000000 -0.297785 0.214850 0.000000 -0.192482 -0.332391 0.000000 0.175839 0.000000 0.000000 0.000000 3000.000000 0.395783
1 3 15.000000 -0.767879 0.258981 -0.069978 -0.256856 -0.774230 -0.023408 -0.104354 0.000000 0.572544 0.000000 2500.000000 0.999877
0 0 6.000000 0.000000 0.000000 0.000000 0.000000 0.000000 0.000000 0.000000 0.000000 0.000000 0.000000 1500.000000 0.000000
1 3 12.000000 -0.752363 0.542825 0.000000 -0.486311 -0.839795 0.000000 0.444261 0.000000 0.000000 0.000000 2000.000000 0.999958
1 3 15.000000 0.000000 -0.000000 -0.276572 -0.000000 -0.000000 0.124116 -0.000000 0.000000 -0.952816 0.000000 2500.000000 0.999877
1 0 12.000000 0.201601 0.252257 0.008870 -0.251770 0.201991 -0.011077 -0.020068 0.000000 0.228069 0.000000 2000.000000 0.395791
0 0 6.000000 0.000000 0.000000 0.000000 0.000000 0.000000 0.000000 0.000000 0.000000 0.000000 4.000000 800.000000 0.000000
1 0 6.000000 0.000000 0.000000 0.000000 0.000000 0.000000 0.000000 0.000000 0.000000 0.000000 24.000000 3500.000000 0.000000
1 3 12.000000 0.680319 -0.523177 -0.000000 0.417669 0.852175 -0.000000 0.602191 0.000000 0.000000 0.000000 1000.000000 0.999958
1 0 15.000000 0.000000 -0.000000 0.148676 0.000000 0.000000 0.212169 -0.000000 0.000000 0.299174 6.000000 2500.000000 0.395759
1 3 15.000000 -0.289838 0.899497 0.000000 0.597071 0.436646 -0.000000 -0.747834 0.000000 -0.000000 0.000000 2500.000000 0.999877
1 0 12.000000 0.000000 0.000000 0.000000 0.000000 0.000000 0.000000 0.000000 0.000000 0.000000 0.000000 1000.000000 0.000000
1 0 12.000000 0.000000 -0.000000 -0.072715 0.000000 0.000000 -0.348403 0.000000 0.000000 0.173143 0.000000 3500.000000 0.395791
1 0 6.000000 0.210472 0.000000 0.000000 0.000000 0.210472 0.000000 0.000000 0.000000 0.148826 8.000000 3500.000000 0.257775
1 3 12.000000 -0.339341 -0.754094 0.000000 0.389667 -0.656702 -0.000000 0.856110 0.000000 0.000000 0.000000 1000.000000 0.999958
1 0 15.000000 -0.000000 0.000000 -0.064777 -0.000000 -0.000000 -0.026921 -0.000000 0.000000 0.389493 0.000000 1500.000000 0.395759
1 0 12.000000 -0.000000 -0.000000 0.000324 0.000000 -0.000000 -0.025067 0.000000 0.000000 0.394997 16.000000 2000.000000 0.395791
1 0 12.000000 -0.000000 0.000000 0.147678 -0.000000 -0.000000 0.095456 0.000000 0.000000 0.354585 0.000000 2000.000000 0.395791
1 0 9.000000 0.323029 0.000000 0.000000 0.000000 0.323029 0.000000 0.000000 0.000000 0.228416 12.000000 1500.000000 0.395628
1 3 12.000000 -0.000000 -0.000000 0.000818 0.000000 -0.000000 -0.063330 0.000000 0.000000 0.997950 0.000000 2000.000000 0.999958
1 0 6.000000 0.000000 0.000000 0.000000 0.000000 0.000000 0.000000 0.000000 0.000000 0.000000 8.000000 800.000000 0.000000
0 0 6.000000 0.000000 0.000000 0.000000 0.000000 0.000000 0.000000 0.000000 0.000000 0.000000 8.000000 3000.000000 0.000000
1 3 9.000000 0.000000 0.000000 0.038798 -0.000000 0.000000 -0.048453 -0.000000 0.000000 0.997616 12.000000 3000.000000 0.999545
1 0 6.000000 0.210472 0.000000 0.000000 0.000000 0.210472 0.000000 0.000000 0.000000 0.148826 0.000000 2000.000000 0.257775
1 3 9.000000 0.089336 -0.978462 -0.000000 0.428037 0.204215 -0.000000 0.898829 0.000000 0.000000 12.000000 1500.000000 0.999545
1 0 12.000000 0.028883 -0.316346 -0.041982 0.138388 0.066025 -0.201151 0.290600 0.000000 0.099964 0.000000 2000.000000 0.395791
1 3 15.000000 -0.586535 -0.398528 0.000000 -0.254902 0.917022 0.000000 -0.768607 0.000000 -0.000000 0.000000 2500.000000 0.999877
1 0 6.000000 0.000000 0.000000 0.000000 0.000000 0.000000 0.000000 0.000000 0.000000 0.000000 0.000000 800.000000 0.000000
1 0 6.000000 0.000000 0.000000 0.000000 0.000000 0.000000 0.000000 0.000000 0.000000 0.000000 0.000000 3500.000000 0.000000
1 0 18.000000 -0.000000 0.000000 0.147675 -0.000000 -0.000000 0.095454 0.000000 0.000000 0.354578 0.000000 3000.000000 0.395783
1 0 15.000000 0.201585 0.252237 0.008869 -0.251750 0.201975 -0.011076 -0.020067 0.000000 0.228051 0.000000 2500.000000 0.395759
1 0 15.000000 0.000000 0.000000 0.109469 -0.000000 0.000000 -0.049126 -0.000000 0.000000 0.377132 0.000000 2500.000000 0.395759
1 0 12.000000 -0.073567 0.305803 0.052471 -0.215298 -0.104492 0.153561 0.229496 0.000000 0.160881 0.000000 2000.000000 0.395791
##END
