##LIST_SIZE=352
##LISTDATA
0 0 6.000000 0.000000 0.000000 0.000000 0.000000 0.000000 0.000000 0.000000 0.000000 0.000000 0.000000 3000.000000 0.000000
1 3 12.000000 -0.767941 0.259002 -0.069984 -0.256877 -0.774292 -0.023410 -0.104362 0.000000 0.572590 16.000000 1700.000000 0.999958
1 0 10.000000 -0.000000 0.000000 0.334869 0.000000 0.000000 -0.172899 -0.000000 0.000000 -0.120652 16.000000 800.000000 0.395712
1 3 12.000000 -0.000000 0.000000 -0.291229 -0.000000 -0.000000 -0.954228 -0.000000 0.000000 0.067458 0.000000 1700.000000 0.999958
1 0 19.000000 -0.000000 0.000000 -0.080967 -0.000000 -0.000000 -0.271987 -0.000000 0.000000 0.275889 0.000000 3500.000000 0.395787
1 2 17.000000 0.013142 0.413954 0.054730 -0.133103 0.040870 -0.554331 -0.393877 0.000000 0.189152 8.000000 2000.000000 0.720475
1 0 15.000000 -0.078710 0.379309 -0.000000 -0.264403 -0.112916 -0.000000 -0.283763 0.000000 0.000000 0.000000 1200.000000 0.395759
1 2 17.000000 0.100062 -0.292364 0.393799 0.098869 0.295891 0.389106 -0.391460 0.000000 0.198934 20.000000 2000.000000 0.720475
1 0 6.000000 0.322648 0.000000 0.000000 0.000000 0.322648 0.000000 0.000000 0.000000 0.228146 8.000000 2000.000000 0.395161
1 0 9.000000 0.323029 0.000000 0.000000 0.000000 0.323029 0.000000 0.000000 0.000000 0.228416 12.000000 3000.000000 0.395628
1 0 6.000000 0.210472 0.000000 0.000000 0.000000 0.210472 0.000000 0.000000 0.000000 0.148826 8.000000 800.000000 0.257775
1 3 15.000000 -0.000000 0.000000 -0.204548 -0.000000 -0.000000 -0.687121 -0.000000 0.000000 0.696979 0.000000 1200.000000 0.999877
1 2 17.000000 0.000000 -0.000000 -0.067027 -0.000000 -0.000000 0.678913 -0.000000 0.000000 -0.231664 20.000000 2000.000000 0.720475
1 3 12.000000 -0.000000 0.000000 -0.291229 -0.000000 -0.000000 -0.954228 -0.000000 0.000000 0.067458 16.000000 1700.000000 0.999958
1 0 6.000000 0.322648 0.000000 0.000000 0.000000 0.322648 0.000000 0.000000 0.000000 0.228146 36.000000 800.000000 0.395161
1 0 12.000000 0.000000 -0.000000 -0.201995 -0.000000 -0.000000 0.252858 -0.000000 0.000000 -0.227841 0.000000 1700.000000 0.395791
1 0 19.000000 0.000000 0.000000 0.153454 -0.000000 0.000000 -0.064655 -0.000000 0.000000 0.359053 0.000000 3500.000000 0.395787
1 3 10.000000 -0.233849 -0.761041 -0.127427 0.602814 -0.295230 0.328481 -0.498272 0.000000 0.457204 12.000000 2600.000000 0.999759
1 2 17.000000 -0.244009 0.165795 -0.414729 -0.106044 -0.381497 -0.180237 -0.319754 0.000000 0.376259 20.000000 2000.000000 0.720475
1 3 12.000000 -0.000000 0.000000 -0.380875 -0.000000 -0.000000 -0.146476 -0.000000 0.000000 0.912905 0.000000 1700.000000 0.999958
1 2 17.000000 -0.000000 0.000000 -0.507937 -0.000000 -0.000000 -0.220744 -0.000000 0.000000 0.460822 20.000000 2000.000000 0.720475
1 2 17.000000 0.000000 -0.000000 0.482304 0.000000 0.000000 0.476556 -0.000000 0.000000 0.243644 8.000000 2000.000000 0.720475
1 3 10.000000 -0.100699 -0.799743 0.091146 0.492345 -0.163571 -0.445638 0.643274 0.000000 0.355348 26.000000 2600.000000 0.999759
1 3 12.000000 0.000000 -0.000000 0.612779 0.000000 0.000000 0.362536 -0.000000 0.000000 0.702130 0.000000 1700.000000 0.999958
1 0 12.000000 0.000000 0.000000 0.000000 0.000000 0.000000 0.000000 0.000000 0.000000 0.000000 16.000000 1700.000000 0.000000
1 3 13.000000 0.392710 -0.302001 -0.418944 0.241097 0.491913 -0.257203 0.347611 0.000000 0.651688 15.000000 3000.000000 0.999774
1 2 17.000000 0.000000 0.000000 0.067030 -0.000000 0.000000 -0.678914 -0.000000 0.000000 0.231663 20.000000 2000.000000 0.720475
1 0 10.000000 -0.000000 0.000000 -0.150723 -0.000000 -0.000000 -0.057965 -0.000000 0.000000 0.361263 0.000000 800.000000 0.395712
1 3 12.000000 0.509340 0.637321 0.022409 -0.636091 0.510325 -0.027986 -0.050703 0.000000 0.576212 16.000000 1700.000000 0.999958
1 3 15.000000 0.932962 0.100999 -0.000000 -0.094724 0.994763 0.000000 0.346935 0.000000 0.000000 0.000000 1200.000000 0.999877
1 0 12.000000 0.000000 0.000000 -0.156994 0.000000 -0.000000 -0.189429 -0.000000 0.000000 -0.310033 16.000000 1700.000000 0.395791
1 2 17.000000 0.000000 0.000000 0.199287 -0.000000 0.000000 -0.089433 -0.000000 0.000000 0.686564 8.000000 2000.000000 0.720475
1 0 6.000000 0.322648 0.000000 0.000000 0.000000 0.322648 0.000000 0.000000 0.000000 0.228146 36.000000 2000.000000 0.395161
0 0 6.000000 0.000000 0.000000 0.000000 0.000000 0.000000 0.000000 0.000000 0.000000 0.000000 4.000000 3000.000000 0.000000
1 3 15.000000 0.000000 0.000000 -0.556547 -0.000000 0.000000 0.585983 0.000000 0.000000 0.588757 0.000000 1200.000000 0.999877
1 3 19.000000 0.000000 0.000000 0.934188 -0.000000 0.000000 -0.173798 -0.000000 0.000000 0.311421 0.000000 3500.000000 0.999948
1 0 12.000000 -0.303957 0.102515 -0.027700 -0.101674 -0.306471 -0.009266 -0.041307 0.000000 0.226636 16.000000 1700.000000 0.395791
1 3 15.000000 0.000000 0.000000 0.387670 -0.000000 0.000000 -0.163338 -0.000000 0.000000 0.907076 0.000000 1200.000000 0.999877
1 3 14.000000 0.000000 0.000000 0.398537 -0.000000 0.000000 -0.347793 -0.000000 0.000000 0.848621 25.000000 2500.000000 0.999975
1 0 12.000000 -0.000000 -0.000000 -0.149324 0.000000 -0.000000 0.320259 -0.000000 0.000000 0.178289 0.000000 1700.000000 0.395791
1 0 15.000000 0.323136 0.000000 0.000000 0.000000 0.323136 0.000000 0.000000 0.000000 0.228492 0.000000 1200.000000 0.395759
1 0 9.000000 0.000000 -0.000000 -0.072685 0.000000 0.000000 -0.348260 0.000000 0.000000 0.173071 12.000000 1500.000000 0.395628
1 0 12.000000 -0.000000 -0.000000 0.150753 -0.000000 0.000000 0.057977 -0.000000 0.000000 -0.361335 0.000000 1700.000000 0.395791
1 0 10.000000 -0.000000 -0.000000 0.220733 -0.000000 0.000000 0.321333 -0.000000 0.000000 -0.067900 0.000000 800.000000 0.395712
1 3 12.000000 0.000000 0.000000 -0.396642 0.000000 -0.000000 -0.478589 -0.000000 0.000000 -0.783290 0.000000 1700.000000 0.999958
1 2 17.000000 -0.000000 -0.000000 0.507937 -0.000000 0.000000 0.220744 -0.000000 0.000000 -0.460822 8.000000 2000.000000 0.720475
1 0 12.000000 -0.000000 -0.000000 0.220777 -0.000000 0.000000 0.321397 -0.000000 0.000000 -0.067913 0.000000 1700.000000 0.395791
1 3 15.000000 0.000000 0.000000 0.002768 -0.000000 0.000000 -0.008484 -0.000000 0.000000 0.999837 0.000000 1200.000000 0.999877
1 0 9.000000 -0.359548 0.151833 -0.000000 -0.149429 -0.365333 -0.000000 -0.070125 0.000000 0.000000 0.000000 2000.000000 0.395628
1 0 6.000000 0.000000 0.000000 0.000000 0.000000 0.000000 0.000000 0.000000 0.000000 0.000000 36.000000 800.000000 0.000000
1 0 12.000000 -0.000000 0.000000 0.334936 0.000000 0.000000 -0.172933 -0.000000 0.000000 -0.120676 0.000000 1700.000000 0.395791
1 3 12.000000 0.072972 -0.799240 -0.106067 0.349635 0.166810 -0.508203 0.734194 0.000000 0.252557 16.000000 1700.000000 0.999958
1 3 9.000000 -0.908391 0.383604 -0.000000 -0.377530 -0.923006 -0.000000 -0.177169 0.000000 0.000000 0.000000 2000.000000 0.999545
1 2 17.000000 0.000000 -0.000000 -0.667459 -0.000000 -0.000000 0.244866 -0.000000 0.000000 -0.116719 8.000000 2000.000000 0.720475
1 0 10.000000 -0.000000 0.000000 -0.115248 -0.000000 -0.000000 -0.377616 -0.000000 0.000000 0.026695 16.000000 800.000000 0.395712
1 0 6.000000 0.000000 0.000000 0.000000 0.000000 0.000000 0.000000 0.000000 0.000000 0.000000 0.000000 2000.000000 0.000000
1 0 10.000000 0.000000 -0.000000 0.242494 0.000000 0.000000 0.143466 -0.000000 0.000000 0.277853 16.000000 800.000000 0.395712
1 3 9.000000 -0.000000 0.000000 0.229519 -0.000000 -0.000000 0.671704 0.000000 0.000000 0.703723 12.000000 3000.000000 0.999545
1 0 10.000000 0.000000 -0.000000 -0.201955 -0.000000 -0.000000 0.252807 -0.000000 0.000000 -0.227796 16.000000 800.000000 0.395712
1 0 19.000000 0.000000 0.000000 0.369759 -0.000000 0.000000 -0.068791 -0.000000 0.000000 0.123263 0.000000 3500.000000 0.395787
1 2 17.000000 -0.244009 -0.165795 0.414729 -0.106044 0.381497 0.180237 -0.319754 0.000000 -0.376259 8.000000 2000.000000 0.720475
1 0 12.000000 0.000000 0.000000 0.201995 -0.000000 0.000000 -0.252858 -0.000000 0.000000 0.227841 0.000000 1700.000000 0.395791
1 1 14.000000 0.000000 -0.456623 0.000000 0.456623 0.000000 0.000000 0.000000 0.000000 0.322881 25.000000 2500.000000 0.559246
1 0 6.000000 0.322648 0.000000 0.000000 0.000000 0.322648 0.000000 0.000000 0.000000 0.228146 0.000000 3500.000000 0.395161
1 2 17.000000 -0.000000 -0.000000 0.507937 -0.000000 0.000000 0.220744 -0.000000 0.000000 -0.460822 20.000000 2000.000000 0.720475
1 0 12.000000 0.028883 -0.316346 -0.041982 0.138388 0.066025 -0.201151 0.290600 0.000000 0.099964 16.000000 1700.000000 0.395791
1 2 17.000000 -0.120578 0.374207 0.192138 0.248392 0.181652 -0.395808 -0.311112 0.000000 -0.390480 20.000000 2000.000000 0.720475
1 0 13.000000 0.000000 0.000000 0.000000 0.000000 0.000000 0.000000 0.000000 0.000000 0.000000 15.000000 3000.000000 0.000000
1 0 12.000000 -0.000000 -0.000000 0.150753 -0.000000 0.000000 0.057977 -0.000000 0.000000 -0.361335 16.000000 1700.000000 0.395791
1 1 14.000000 -0.000000 -0.000000 -0.139916 0.000000 -0.000000 0.198222 -0.000000 0.000000 0.503873 25.000000 2500.000000 0.559246
1 3 9.000000 -0.000000 0.000000 -0.121166 -0.000000 -0.000000 -0.040530 -0.000000 0.000000 0.991346 12.000000 1500.000000 0.999545
1 1 12.000000 -0.508236 0.214623 -0.000000 -0.211224 -0.516413 -0.000000 -0.099125 0.000000 0.000000 0.000000 1500.000000 0.559237
1 3 14.000000 0.816476 0.000000 0.000000 0.000000 0.816476 0.000000 0.000000 0.000000 0.577336 25.000000 2500.000000 0.999975
1 3 9.000000 0.000000 0.000000 0.398366 -0.000000 0.000000 -0.347644 -0.000000 0.000000 0.848257 0.000000 2000.000000 0.999545
1 2 17.000000 0.100062 -0.292364 0.393799 0.098869 0.295891 0.389106 -0.391460 0.000000 0.198934 8.000000 2000.000000 0.720475
1 3 19.000000 0.000000 0.000000 -0.556586 -0.000000 0.000000 0.586024 0.000000 0.000000 0.588798 0.000000 3500.000000 0.999948
1 0 13.000000 -0.000000 -0.000000 0.222495 0.000000 -0.000000 -0.255492 0.000000 0.000000 0.204481 15.000000 3000.000000 0.395718
1 0 15.000000 0.000000 0.000000 0.000000 0.000000 0.000000 0.000000 0.000000 0.000000 0.000000 0.000000 1200.000000 0.000000
1 0 9.000000 0.323029 0.000000 0.000000 0.000000 0.323029 0.000000 0.000000 0.000000 0.228416 0.000000 2000.000000 0.395628
1 0 14.000000 0.000000 -0.323168 0.000000 0.323168 0.000000 0.000000 0.000000 0.000000 0.228514 25.000000 2500.000000 0.395798
1 3 14.000000 0.000000 -0.816476 0.000000 0.816476 0.000000 0.000000 0.000000 0.000000 0.577336 25.000000 2500.000000 0.999975
1 0 10.000000 -0.000000 0.000000 -0.150723 -0.000000 -0.000000 -0.057965 -0.000000 0.000000 0.361263 16.000000 800.000000 0.395712
1 0 14.000000 0.323168 0.000000 0.000000 0.000000 0.323168 0.000000 0.000000 0.000000 0.228514 25.000000 2500.000000 0.395798
1 0 15.000000 0.330860 0.153663 0.000000 -0.139402 0.364709 -0.000000 -0.166506 0.000000 0.000000 0.000000 1200.000000 0.395759
1 3 12.000000 -0.000000 0.000000 -0.380875 -0.000000 -0.000000 -0.146476 -0.000000 0.000000 0.912905 16.000000 1700.000000 0.999958
1 3 15.000000 0.405453 0.724995 -0.000000 -0.426898 0.688576 0.000000 0.808158 0.000000 0.000000 0.000000 1200.000000 0.999877
1 3 12.000000 0.000000 -0.000000 0.612779 0.000000 0.000000 0.362536 -0.000000 0.000000 0.702130 16.000000 1700.000000 0.999958
1 2 17.000000 0.100062 0.292364 -0.393799 0.098869 -0.295891 -0.389106 -0.391460 0.000000 -0.198934 8.000000 2000.000000 0.720475
1 3 12.000000 -0.000000 -0.000000 0.380875 -0.000000 0.000000 0.146476 -0.000000 0.000000 -0.912905 0.000000 1700.000000 0.999958
1 3 12.000000 -0.000000 -0.000000 -0.377264 0.000000 -0.000000 0.809128 -0.000000 0.000000 0.450444 16.000000 1700.000000 0.999958
1 0 9.000000 -0.000000 -0.000000 -0.098981 0.000000 -0.000000 0.140228 -0.000000 0.000000 0.356455 0.000000 2000.000000 0.395628
1 0 9.000000 -0.000000 0.000000 -0.064755 -0.000000 -0.000000 -0.026912 -0.000000 0.000000 0.389364 0.000000 2000.000000 0.395628
1 0 9.000000 0.000000 -0.000000 -0.209725 0.000000 0.000000 -0.290817 0.000000 0.000000 0.167220 0.000000 2000.000000 0.395628
1 0 9.000000 0.097811 -0.320889 -0.000000 0.135630 0.231412 -0.000000 0.358551 0.000000 0.000000 0.000000 2000.000000 0.395628
1 0 9.000000 0.171630 -0.323998 0.000000 0.244926 0.227039 0.000000 -0.258990 0.000000 0.000000 0.000000 2000.000000 0.395628
1 0 14.000000 -0.000000 0.000000 -0.064783 -0.000000 -0.000000 -0.026924 -0.000000 0.000000 0.389531 25.000000 2500.000000 0.395798
1 0 12.000000 -0.073567 0.305803 0.052471 -0.215298 -0.104492 0.153561 0.229496 0.000000 0.160881 16.000000 1700.000000 0.395791
1 0 15.000000 0.000000 -0.000000 -0.029154 0.000000 0.000000 -0.025233 0.000000 0.000000 0.393877 0.000000 1200.000000 0.395759
1 0 14.000000 0.000000 -0.000000 0.148690 0.000000 0.000000 0.212190 -0.000000 0.000000 0.299204 25.000000 2500.000000 0.395798
1 0 15.000000 0.148626 -0.351284 0.000000 0.286432 0.182277 0.000000 -0.229112 0.000000 0.000000 0.000000 1200.000000 0.395759
1 0 10.000000 -0.000000 0.000000 -0.393756 -0.000000 -0.000000 -0.031504 -0.000000 0.000000 0.023496 16.000000 800.000000 0.395712
1 3 12.000000 0.072972 -0.799240 -0.106067 0.349635 0.166810 -0.508203 0.734194 0.000000 0.252557 0.000000 1700.000000 0.999958
1 0 20.000000 0.000000 0.000000 0.000000 0.000000 0.000000 0.000000 0.000000 0.000000 0.000000 8.000000 2800.000000 0.000000
1 0 9.000000 -0.000000 0.000000 0.090845 -0.000000 -0.000000 0.265866 0.000000 0.000000 0.278539 12.000000 1500.000000 0.395628
1 0 6.000000 0.322648 0.000000 0.000000 0.000000 0.322648 0.000000 0.000000 0.000000 0.228146 8.000000 3500.000000 0.395161
0 0 6.000000 0.000000 0.000000 0.000000 0.000000 0.000000 0.000000 0.000000 0.000000 0.000000 8.000000 800.000000 0.000000
1 0 10.000000 0.000000 0.000000 0.000000 0.000000 0.000000 0.000000 0.000000 0.000000 0.000000 12.000000 2600.000000 0.000000
1 0 19.000000 0.000000 -0.000000 0.105531 0.000000 0.000000 0.203379 -0.000000 0.000000 0.322719 0.000000 3500.000000 0.395787
1 1 12.000000 -0.290563 -0.456884 -0.000000 0.411646 -0.322495 0.000000 -0.242624 0.000000 0.000000 0.000000 1500.000000 0.559237
1 3 15.000000 0.816396 0.000000 0.000000 0.000000 0.816396 0.000000 0.000000 0.000000 0.577279 0.000000 1200.000000 0.999877
1 3 13.000000 -0.000000 -0.000000 0.562129 0.000000 -0.000000 -0.645495 0.000000 0.000000 0.516618 15.000000 3000.000000 0.999774
1 3 20.000000 -0.000000 -0.000000 0.000818 0.000000 -0.000000 -0.063332 0.000000 0.000000 0.997980 8.000000 2800.000000 0.999988
1 3 13.000000 -0.518302 -0.253480 -0.024223 0.253342 -0.518585 0.011840 -0.019065 0.000000 0.815866 15.000000 3000.000000 0.999774
1 1 14.000000 0.000000 -0.000000 -0.296461 0.000000 0.000000 -0.411089 0.000000 0.000000 0.236376 25.000000 2500.000000 0.559246
1 0 10.000000 -0.000000 -0.000000 0.150723 -0.000000 0.000000 0.057965 -0.000000 0.000000 -0.361263 16.000000 800.000000 0.395712
1 0 9.000000 0.000000 0.000000 0.000000 0.000000 0.000000 0.000000 0.000000 0.000000 0.000000 12.000000 3000.000000 0.000000
1 0 15.000000 0.000000 -0.323136 0.000000 0.323136 0.000000 0.000000 0.000000 0.000000 0.228492 0.000000 1200.000000 0.395759
1 2 17.000000 0.013141 -0.413954 -0.054728 -0.133104 -0.040869 0.554331 -0.393877 0.000000 -0.189153 8.000000 2000.000000 0.720475
1 3 15.000000 0.000000 -0.000000 -0.073657 0.000000 0.000000 -0.063751 0.000000 0.000000 0.995121 0.000000 1200.000000 0.999877
1 0 10.000000 0.000000 -0.000000 0.242494 0.000000 0.000000 0.143466 -0.000000 0.000000 0.277853 0.000000 800.000000 0.395712
1 0 12.000000 -0.000000 0.000000 -0.393834 -0.000000 -0.000000 -0.031511 -0.000000 0.000000 0.023500 16.000000 1700.000000 0.395791
1 3 19.000000 0.000000 -0.000000 -0.073662 0.000000 0.000000 -0.063755 0.000000 0.000000 0.995191 0.000000 3500.000000 0.999948
1 3 9.000000 0.000000 -0.000000 -0.183638 0.000000 0.000000 -0.879870 0.000000 0.000000 0.437260 12.000000 3000.000000 0.999545
1 0 9.000000 0.000000 0.000000 0.157676 -0.000000 0.000000 -0.137600 -0.000000 0.000000 0.335747 0.000000 2000.000000 0.395628
1 0 13.000000 -0.000000 -0.000000 -0.134984 0.000000 -0.000000 0.302797 -0.000000 0.000000 0.216070 15.000000 3000.000000 0.395718
1 3 12.000000 -0.000000 0.000000 0.846208 0.000000 0.000000 -0.436912 -0.000000 0.000000 -0.304886 16.000000 1700.000000 0.999958
1 3 9.000000 0.000000 -0.000000 0.375501 0.000000 0.000000 0.535863 -0.000000 0.000000 0.755607 0.000000 2000.000000 0.999545
1 0 12.000000 -0.000000 0.000000 -0.115271 -0.000000 -0.000000 -0.377691 -0.000000 0.000000 0.026700 0.000000 1700.000000 0.395791
1 3 15.000000 0.000000 -0.000000 0.266603 0.000000 0.000000 0.513796 -0.000000 0.000000 0.815286 0.000000 1200.000000 0.999877
1 0 13.000000 0.323103 0.000000 0.000000 0.000000 0.323103 0.000000 0.000000 0.000000 0.228468 15.000000 3000.000000 0.395718
1 3 12.000000 -0.000000 0.000000 -0.995014 -0.000000 -0.000000 -0.079611 -0.000000 0.000000 0.059373 16.000000 1700.000000 0.999958
1 0 19.000000 0.000000 0.000000 -0.220301 -0.000000 0.000000 0.231953 0.000000 0.000000 0.233051 0.000000 3500.000000 0.395787
1 3 13.000000 0.000000 -0.000000 -0.513099 0.000000 0.000000 -0.315008 0.000000 0.000000 0.798152 15.000000 3000.000000 0.999774
1 3 10.000000 0.775660 -0.246272 0.044979 0.245448 0.778264 0.014233 -0.066719 0.000000 0.575280 26.000000 2600.000000 0.999759
1 3 9.000000 0.816125 0.000000 0.000000 0.000000 0.816125 0.000000 0.000000 0.000000 0.577088 12.000000 3000.000000 0.999545
1 3 12.000000 -0.000000 -0.000000 -0.377264 0.000000 -0.000000 0.809128 -0.000000 0.000000 0.450444 0.000000 1700.000000 0.999958
1 2 17.000000 0.000000 0.000000 0.667453 -0.000000 0.000000 -0.244863 -0.000000 0.000000 0.116762 8.000000 2000.000000 0.720475
1 0 6.000000 0.322648 0.000000 0.000000 0.000000 0.322648 0.000000 0.000000 0.000000 0.228146 0.000000 800.000000 0.395161
1 0 15.000000 0.000000 -0.000000 0.105523 0.000000 0.000000 0.203364 -0.000000 0.000000 0.322697 0.000000 1200.000000 0.395759
1 0 19.000000 0.000000 0.000000 0.000000 0.000000 0.000000 0.000000 0.000000 0.000000 0.000000 0.000000 3500.000000 0.000000
1 0 12.000000 -0.073567 0.305803 0.052471 -0.215298 -0.104492 0.153561 0.229496 0.000000 0.160881 0.000000 1700.000000 0.395791
1 0 12.000000 0.000000 -0.000000 0.242543 0.000000 0.000000 0.143494 -0.000000 0.000000 0.277908 16.000000 1700.000000 0.395791
1 0 12.000000 0.000000 0.000000 -0.156994 0.000000 -0.000000 -0.189429 -0.000000 0.000000 -0.310033 0.000000 1700.000000 0.395791
1 1 14.000000 -0.000000 0.000000 -0.091536 -0.000000 -0.000000 -0.038042 -0.000000 0.000000 0.550391 25.000000 2500.000000 0.559246
1 3 19.000000 0.816454 0.000000 0.000000 0.000000 0.816454 0.000000 0.000000 0.000000 0.577320 0.000000 3500.000000 0.999948
1 3 12.000000 -0.000000 -0.000000 0.380875 -0.000000 0.000000 0.146476 -0.000000 0.000000 -0.912905 16.000000 1700.000000 0.999958
1 3 20.000000 -0.000000 -0.000000 -0.341107 0.000000 -0.000000 0.765174 -0.000000 0.000000 0.546013 8.000000 2800.000000 0.999988
1 0 6.000000 0.000000 0.000000 0.000000 0.000000 0.000000 0.000000 0.000000 0.000000 0.000000 36.000000 2000.000000 0.000000
1 3 20.000000 0.816486 0.000000 0.000000 0.000000 0.816486 0.000000 0.000000 0.000000 0.577343 8.000000 2800.000000 0.999988
1 3 15.000000 0.000000 -0.816396 0.000000 0.816396 0.000000 0.000000 0.000000 0.000000 0.577279 0.000000 1200.000000 0.999877
1 0 14.000000 -0.000000 -0.000000 -0.099024 0.000000 -0.000000 0.140289 -0.000000 0.000000 0.356608 25.000000 2500.000000 0.395798
1 3 12.000000 -0.185865 0.772604 0.132568 -0.543946 -0.263996 0.387968 0.579817 0.000000 0.406462 16.000000 1700.000000 0.999958
1 3 19.000000 0.000000 -0.000000 0.266622 0.000000 0.000000 0.513832 -0.000000 0.000000 0.815343 0.000000 3500.000000 0.999948
1 2 17.000000 0.000000 0.000000 -0.482304 0.000000 -0.000000 -0.476556 -0.000000 0.000000 -0.243644 20.000000 2000.000000 0.720475
1 0 14.000000 0.000000 -0.000000 -0.209815 0.000000 0.000000 -0.290942 0.000000 0.000000 0.167292 25.000000 2500.000000 0.395798
1 3 13.000000 -0.128327 -0.527206 -0.278453 0.287865 -0.235024 0.624628 -0.483579 0.000000 0.445722 15.000000 3000.000000 0.999774
1 3 9.000000 0.816125 0.000000 0.000000 0.000000 0.816125 0.000000 0.000000 0.000000 0.577088 12.000000 1500.000000 0.999545
1 1 14.000000 0.000000 0.000000 0.222886 -0.000000 0.000000 -0.194507 -0.000000 0.000000 0.474600 25.000000 2500.000000 0.559246
1 0 12.000000 -0.303957 0.102515 -0.027700 -0.101674 -0.306471 -0.009266 -0.041307 0.000000 0.226636 0.000000 1700.000000 0.395791
1 0 9.000000 0.000000 0.000000 0.015357 -0.000000 0.000000 -0.019178 -0.000000 0.000000 0.394864 12.000000 1500.000000 0.395628
1 0 13.000000 -0.205148 -0.100330 -0.009588 0.100275 -0.205260 0.004686 -0.007546 0.000000 0.322926 15.000000 3000.000000 0.395718
1 0 10.000000 0.000000 0.000000 -0.156963 0.000000 -0.000000 -0.189391 -0.000000 0.000000 -0.309971 16.000000 800.000000 0.395712
1 0 12.000000 0.000000 0.000000 0.000000 0.000000 0.000000 0.000000 0.000000 0.000000 0.000000 0.000000 1500.000000 0.000000
1 2 17.000000 0.000000 0.000000 -0.482304 0.000000 -0.000000 -0.476556 -0.000000 0.000000 -0.243644 8.000000 2000.000000 0.720475
1 0 15.000000 0.297820 -0.258996 -0.000000 0.257764 0.299243 -0.000000 0.038557 0.000000 0.000000 0.000000 1200.000000 0.395759
1 0 10.000000 -0.000000 0.000000 0.334869 0.000000 0.000000 -0.172899 -0.000000 0.000000 -0.120652 0.000000 800.000000 0.395712
1 0 14.000000 0.000000 0.000000 0.000000 0.000000 0.000000 0.000000 0.000000 0.000000 0.000000 25.000000 2500.000000 0.000000
1 2 17.000000 -0.244009 0.165795 -0.414729 -0.106044 -0.381497 -0.180237 -0.319754 0.000000 0.376259 8.000000 2000.000000 0.720475
1 0 9.000000 0.000000 -0.000000 0.148626 0.000000 0.000000 0.212099 -0.000000 0.000000 0.299075 0.000000 2000.000000 0.395628
1 2 17.000000 0.361642 -0.170308 -0.162718 -0.162292 -0.379504 0.073022 -0.126113 0.000000 -0.560578 8.000000 2000.000000 0.720475
1 0 6.000000 0.000000 0.000000 0.000000 0.000000 0.000000 0.000000 0.000000 0.000000 0.000000 8.000000 2000.000000 0.000000
1 0 13.000000 -0.050793 -0.208672 -0.110214 0.113939 -0.093024 0.247233 -0.191404 0.000000 0.176420 15.000000 3000.000000 0.395718
1 3 15.000000 0.306146 0.182881 0.000000 -0.056956 0.983010 -0.000000 -0.950150 0.000000 0.000000 0.000000 1200.000000 0.999877
1 3 15.000000 0.835910 0.388227 0.000000 -0.352195 0.921430 -0.000000 -0.420675 0.000000 0.000000 0.000000 1200.000000 0.999877
1 0 12.000000 -0.000000 0.000000 -0.393834 -0.000000 -0.000000 -0.031511 -0.000000 0.000000 0.023500 0.000000 1700.000000 0.395791
1 0 19.000000 0.000000 -0.000000 -0.029156 0.000000 0.000000 -0.025235 0.000000 0.000000 0.393904 0.000000 3500.000000 0.395787
1 3 9.000000 -0.000000 0.000000 -0.121166 -0.000000 -0.000000 -0.040530 -0.000000 0.000000 0.991346 12.000000 3000.000000 0.999545
1 2 17.000000 0.013142 0.413954 0.054730 -0.133103 0.040870 -0.554331 -0.393877 0.000000 0.189152 20.000000 2000.000000 0.720475
1 3 12.000000 0.000000 -0.000000 -0.510336 -0.000000 -0.000000 0.638839 -0.000000 0.000000 -0.575636 16.000000 1700.000000 0.999958
1 0 17.000000 0.000000 0.000000 0.000000 0.000000 0.000000 0.000000 0.000000 0.000000 0.000000 20.000000 2000.000000 0.000000
1 0 9.000000 0.000000 -0.000000 -0.072685 0.000000 0.000000 -0.348260 0.000000 0.000000 0.173071 12.000000 3000.000000 0.395628
1 2 17.000000 0.361642 0.170308 0.162718 -0.162292 0.379504 -0.073022 -0.126113 0.000000 0.560578 20.000000 2000.000000 0.720475
1 2 17.000000 0.063288 0.143266 0.544973 -0.023218 0.390516 -0.199930 -0.410468 0.000000 0.095336 20.000000 2000.000000 0.720475
1 3 9.000000 0.247117 -0.810719 -0.000000 0.342667 0.584658 -0.000000 0.905872 0.000000 0.000000 0.000000 2000.000000 0.999545
1 0 15.000000 0.369274 0.039976 -0.000000 -0.037493 0.393735 0.000000 0.137319 0.000000 0.000000 0.000000 1200.000000 0.395759
1 0 13.000000 -0.002946 -0.228449 0.000264 0.227990 -0.002952 -0.020463 0.014471 0.000000 0.322454 15.000000 3000.000000 0.395718
1 3 13.000000 -0.007444 -0.577171 0.000668 0.576013 -0.007459 -0.051699 0.036560 0.000000 0.814673 15.000000 3000.000000 0.999774
1 0 12.000000 0.000000 -0.000000 0.242543 0.000000 0.000000 0.143494 -0.000000 0.000000 0.277908 0.000000 1700.000000 0.395791
1 2 17.000000 -0.000000 -0.000000 -0.235320 0.000000 -0.000000 0.484764 -0.000000 0.000000 0.478239 8.000000 2000.000000 0.720475
1 3 15.000000 0.310077 0.950578 0.000000 -0.950540 0.310089 -0.000000 -0.008924 0.000000 0.000000 0.000000 1200.000000 0.999877
1 2 17.000000 0.000000 -0.000000 0.482304 0.000000 0.000000 0.476556 -0.000000 0.000000 0.243644 20.000000 2000.000000 0.720475
1 0 19.000000 0.323159 0.000000 0.000000 0.000000 0.323159 0.000000 0.000000 0.000000 0.228508 0.000000 3500.000000 0.395787
1 0 10.000000 0.000000 -0.000000 -0.201955 -0.000000 -0.000000 0.252807 -0.000000 0.000000 -0.227796 0.000000 800.000000 0.395712
1 3 10.000000 -0.233849 -0.761041 -0.127427 0.602814 -0.295230 0.328481 -0.498272 0.000000 0.457204 26.000000 2600.000000 0.999759
1 3 13.000000 -0.000000 0.000000 0.373036 -0.000000 -0.000000 0.241122 0.000000 0.000000 0.895685 15.000000 3000.000000 0.999774
1 0 10.000000 0.000000 0.000000 0.201955 -0.000000 0.000000 -0.252807 -0.000000 0.000000 0.227796 16.000000 800.000000 0.395712
1 0 15.000000 0.122731 0.376246 0.000000 -0.376231 0.122736 -0.000000 -0.003532 0.000000 0.000000 0.000000 1200.000000 0.395759
0 0 6.000000 0.000000 0.000000 0.000000 0.000000 0.000000 0.000000 0.000000 0.000000 0.000000 8.000000 1500.000000 0.000000
1 1 12.000000 0.138260 -0.453590 -0.000000 0.191719 0.327111 -0.000000 0.506827 0.000000 0.000000 0.000000 1500.000000 0.559237
1 3 9.000000 0.639114 0.657213 0.000000 -0.557739 0.753102 -0.000000 -0.528726 0.000000 0.000000 0.000000 2000.000000 0.999545
1 3 20.000000 0.000000 -0.000000 -0.513209 0.000000 0.000000 -0.315075 0.000000 0.000000 0.798323 8.000000 2800.000000 0.999988
1 3 9.000000 -0.071190 -0.565383 0.128872 0.348066 -0.115637 -0.630093 0.454766 0.000000 0.502430 0.000000 1000.000000 0.999545
1 3 12.000000 -0.000000 -0.000000 0.557789 -0.000000 0.000000 0.812002 -0.000000 0.000000 -0.171581 16.000000 1700.000000 0.999958
1 3 13.000000 -0.000000 -0.000000 -0.029667 0.000000 -0.000000 0.014501 -0.000000 0.000000 0.999228 15.000000 3000.000000 0.999774
1 3 10.000000 -0.100699 -0.799743 0.091146 0.492345 -0.163571 -0.445638 0.643274 0.000000 0.355348 12.000000 2600.000000 0.999759
1 0 10.000000 -0.000000 -0.000000 0.220733 -0.000000 0.000000 0.321333 -0.000000 0.000000 -0.067900 16.000000 800.000000 0.395712
1 0 12.000000 -0.000000 0.000000 -0.150753 -0.000000 -0.000000 -0.057977 -0.000000 0.000000 0.361335 16.000000 1700.000000 0.395791
1 2 17.000000 -0.120578 0.374207 0.192138 0.248392 0.181652 -0.395808 -0.311112 0.000000 -0.390480 8.000000 2000.000000 0.720475
1 0 15.000000 0.160482 0.286959 -0.000000 -0.168970 0.272544 0.000000 0.319876 0.000000 0.000000 0.000000 1200.000000 0.395759
1 3 12.000000 -0.000000 -0.000000 0.557789 -0.000000 0.000000 0.812002 -0.000000 0.000000 -0.171581 0.000000 1700.000000 0.999958
1 3 9.000000 0.548358 -0.174104 0.063596 0.173521 0.550198 0.020124 -0.047167 0.000000 0.813395 0.000000 1000.000000 0.999545
1 0 9.000000 0.000000 0.000000 0.000000 0.000000 0.000000 0.000000 0.000000 0.000000 0.000000 0.000000 2000.000000 0.000000
1 3 13.000000 -0.000000 -0.000000 0.000818 0.000000 -0.000000 -0.063318 0.000000 0.000000 0.997766 15.000000 3000.000000 0.999774
1 3 14.000000 -0.000000 0.000000 -0.163673 -0.000000 -0.000000 -0.068023 -0.000000 0.000000 0.984141 25.000000 2500.000000 0.999975
1 0 10.000000 -0.000000 0.000000 -0.393756 -0.000000 -0.000000 -0.031504 -0.000000 0.000000 0.023496 0.000000 800.000000 0.395712
1 1 14.000000 0.000000 -0.000000 0.210093 0.000000 0.000000 0.299815 -0.000000 0.000000 0.422762 25.000000 2500.000000 0.559246
1 2 17.000000 0.063265 -0.143266 -0.544978 -0.023210 -0.390516 0.199933 -0.410472 0.000000 -0.095301 8.000000 2000.000000 0.720475
1 3 9.000000 -0.000000 0.000000 -0.163603 -0.000000 -0.000000 -0.067994 -0.000000 0.000000 0.983719 0.000000 2000.000000 0.999545
1 2 17.000000 0.063265 -0.143266 -0.544978 -0.023210 -0.390516 0.199933 -0.410472 0.000000 -0.095301 20.000000 2000.000000 0.720475
1 3 12.000000 -0.000000 0.000000 0.846208 0.000000 0.000000 -0.436912 -0.000000 0.000000 -0.304886 0.000000 1700.000000 0.999958
1 0 13.000000 -0.000000 -0.000000 0.000324 0.000000 -0.000000 -0.025062 0.000000 0.000000 0.394924 15.000000 3000.000000 0.395718
1 0 15.000000 0.000000 0.000000 -0.136617 -0.000000 0.000000 0.013871 0.000000 0.000000 0.371172 0.000000 1200.000000 0.395759
1 3 13.000000 0.816312 0.000000 0.000000 0.000000 0.816312 0.000000 0.000000 0.000000 0.577220 15.000000 3000.000000 0.999774
1 3 19.000000 0.000000 0.000000 -0.345184 -0.000000 0.000000 0.035047 0.000000 0.000000 0.937824 0.000000 3500.000000 0.999948
0 0 6.000000 0.000000 0.000000 0.000000 0.000000 0.000000 0.000000 0.000000 0.000000 0.000000 4.000000 1500.000000 0.000000
1 0 13.000000 0.000000 -0.000000 -0.203089 0.000000 0.000000 -0.124683 0.000000 0.000000 0.315915 15.000000 3000.000000 0.395718
1 0 9.000000 0.000000 0.000000 0.015357 -0.000000 0.000000 -0.019178 -0.000000 0.000000 0.394864 12.000000 3000.000000 0.395628
1 3 12.000000 0.000000 0.000000 0.510336 -0.000000 0.000000 -0.638839 -0.000000 0.000000 0.575636 16.000000 1700.000000 0.999958
1 2 17.000000 -0.000000 0.000000 0.235321 0.000000 0.000000 -0.484764 -0.000000 0.000000 -0.478239 8.000000 2000.000000 0.720475
1 0 12.000000 0.000000 0.000000 0.201995 -0.000000 0.000000 -0.252858 -0.000000 0.000000 0.227841 16.000000 1700.000000 0.395791
1 0 17.000000 0.000000 0.000000 0.000000 0.000000 0.000000 0.000000 0.000000 0.000000 0.000000 8.000000 2000.000000 0.000000
1 0 10.000000 -0.000000 -0.000000 -0.149294 0.000000 -0.000000 0.320195 -0.000000 0.000000 0.178254 0.000000 800.000000 0.395712
1 3 9.000000 -0.000000 0.000000 0.229519 -0.000000 -0.000000 0.671704 0.000000 0.000000 0.703723 12.000000 1500.000000 0.999545
1 0 6.000000 0.322648 0.000000 0.000000 0.000000 0.322648 0.000000 0.000000 0.000000 0.228146 0.000000 2000.000000 0.395161
1 0 6.000000 0.210472 0.000000 0.000000 0.000000 0.210472 0.000000 0.000000 0.000000 0.148826 0.000000 3500.000000 0.257775
1 0 19.000000 0.000000 0.000000 -0.136627 -0.000000 0.000000 0.013872 0.000000 0.000000 0.371198 0.000000 3500.000000 0.395787
1 2 17.000000 0.000000 -0.000000 -0.667459 -0.000000 -0.000000 0.244866 -0.000000 0.000000 -0.116719 20.000000 2000.000000 0.720475
1 0 6.000000 0.210472 0.000000 0.000000 0.000000 0.210472 0.000000 0.000000 0.000000 0.148826 36.000000 800.000000 0.257775
1 3 15.000000 0.000000 0.000000 -0.345160 -0.000000 0.000000 0.035044 0.000000 0.000000 0.937758 0.000000 1200.000000 0.999877
1 0 9.000000 -0.000000 0.000000 0.090845 -0.000000 -0.000000 0.265866 0.000000 0.000000 0.278539 12.000000 3000.000000 0.395628
1 0 15.000000 0.000000 0.000000 0.001095 -0.000000 0.000000 -0.003358 -0.000000 0.000000 0.395744 0.000000 1200.000000 0.395759
1 2 17.000000 0.000000 -0.000000 -0.067027 -0.000000 -0.000000 0.678913 -0.000000 0.000000 -0.231664 8.000000 2000.000000 0.720475
1 1 12.000000 0.242606 -0.457985 0.000000 0.346214 0.320929 0.000000 -0.366093 0.000000 0.000000 0.000000 1500.000000 0.559237
1 0 10.000000 -0.000000 -0.000000 -0.149294 0.000000 -0.000000 0.320195 -0.000000 0.000000 0.178254 16.000000 800.000000 0.395712
1 0 9.000000 0.000000 0.000000 0.000000 0.000000 0.000000 0.000000 0.000000 0.000000 0.000000 12.000000 1500.000000 0.000000
1 2 17.000000 0.013141 -0.413954 -0.054728 -0.133104 -0.040869 0.554331 -0.393877 0.000000 -0.189153 20.000000 2000.000000 0.720475
1 0 9.000000 -0.205557 -0.323219 -0.000000 0.291216 -0.228146 0.000000 -0.171643 0.000000 0.000000 0.000000 2000.000000 0.395628
1 3 20.000000 -0.000000 -0.000000 0.562249 0.000000 -0.000000 -0.645634 0.000000 0.000000 0.516728 8.000000 2800.000000 0.999988
1 0 6.000000 0.322648 0.000000 0.000000 0.000000 0.322648 0.000000 0.000000 0.000000 0.228146 8.000000 800.000000 0.395161
1 3 9.000000 0.000000 0.000000 0.038798 -0.000000 0.000000 -0.048453 -0.000000 0.000000 0.997616 12.000000 1500.000000 0.999545
1 3 14.000000 0.000000 -0.000000 0.375663 0.000000 0.000000 0.536093 -0.000000 0.000000 0.755931 25.000000 2500.000000 0.999975
1 2 17.000000 0.063288 0.143266 0.544973 -0.023218 0.390516 -0.199930 -0.410468 0.000000 0.095336 8.000000 2000.000000 0.720475
1 2 17.000000 0.588266 0.000000 0.000000 0.000000 0.588266 0.000000 0.000000 0.000000 0.415967 20.000000 2000.000000 0.720475
1 0 15.000000 0.000000 0.000000 0.153443 -0.000000 0.000000 -0.064650 -0.000000 0.000000 0.359028 0.000000 1200.000000 0.395759
1 2 17.000000 0.000000 -0.000000 -0.199288 -0.000000 -0.000000 0.089433 -0.000000 0.000000 -0.686564 20.000000 2000.000000 0.720475
1 0 15.000000 0.121175 0.072386 0.000000 -0.022544 0.389083 -0.000000 -0.376077 0.000000 0.000000 0.000000 1200.000000 0.395759
1 3 12.000000 0.000000 0.000000 0.510336 -0.000000 0.000000 -0.638839 -0.000000 0.000000 0.575636 0.000000 1700.000000 0.999958
1 3 19.000000 0.000000 0.000000 0.387698 -0.000000 0.000000 -0.163349 -0.000000 0.000000 0.907140 0.000000 3500.000000 0.999948
1 0 6.000000 0.210472 0.000000 0.000000 0.000000 0.210472 0.000000 0.000000 0.000000 0.148826 36.000000 3500.000000 0.257775
1 2 17.000000 0.361642 0.170308 0.162718 -0.162292 0.379504 -0.073022 -0.126113 0.000000 0.560578 8.000000 2000.000000 0.720475
1 1 12.000000 0.357579 0.367705 0.000000 -0.312050 0.421354 -0.000000 -0.295818 0.000000 0.000000 0.000000 1500.000000 0.559237
1 0 10.000000 0.000000 0.000000 -0.156963 0.000000 -0.000000 -0.189391 -0.000000 0.000000 -0.309971 0.000000 800.000000 0.395712
1 3 9.000000 0.816125 0.000000 0.000000 0.000000 0.816125 0.000000 0.000000 0.000000 0.577088 0.000000 2000.000000 0.999545
1 3 10.000000 0.775660 -0.246272 0.044979 0.245448 0.778264 0.014233 -0.066719 0.000000 0.575280 12.000000 2600.000000 0.999759
1 3 9.000000 0.000000 0.000000 0.038798 -0.000000 0.000000 -0.048453 -0.000000 0.000000 0.997616 12.000000 3000.000000 0.999545
1 0 10.000000 0.000000 0.000000 0.000000 0.000000 0.000000 0.000000 0.000000 0.000000 0.000000 26.000000 2600.000000 0.000000
1 0 6.000000 0.210472 0.000000 0.000000 0.000000 0.210472 0.000000 0.000000 0.000000 0.148826 36.000000 2000.000000 0.257775
1 0 9.000000 -0.000000 0.000000 -0.047958 -0.000000 -0.000000 -0.016042 -0.000000 0.000000 0.392383 12.000000 1500.000000 0.395628
1 0 12.000000 0.201601 0.252257 0.008870 -0.251770 0.201991 -0.011077 -0.020068 0.000000 0.228069 0.000000 1700.000000 0.395791
1 3 13.000000 -0.434297 0.313343 0.304582 -0.280720 -0.484767 0.196875 0.256447 0.000000 0.731324 15.000000 3000.000000 0.999774
1 2 17.000000 0.588266 0.000000 0.000000 0.000000 0.588266 0.000000 0.000000 0.000000 0.415967 8.000000 2000.000000 0.720475
1 0 10.000000 0.000000 0.000000 0.000000 0.000000 0.000000 0.000000 0.000000 0.000000 0.000000 0.000000 800.000000 0.000000
1 0 13.000000 0.155438 -0.119534 -0.165821 0.095428 0.194703 -0.101803 0.137587 0.000000 0.257943 15.000000 3000.000000 0.395718
1 0 12.000000 -0.000000 -0.000000 -0.149324 0.000000 -0.000000 0.320259 -0.000000 0.000000 0.178289 16.000000 1700.000000 0.395791
1 0 6.000000 0.210472 0.000000 0.000000 0.000000 0.210472 0.000000 0.000000 0.000000 0.148826 0.000000 800.000000 0.257775
1 0 10.000000 -0.000000 -0.000000 0.150723 -0.000000 0.000000 0.057965 -0.000000 0.000000 -0.361263 0.000000 800.000000 0.395712
1 3 13.000000 -0.195882 -0.435296 0.458977 0.224933 -0.379077 -0.527045 0.494184 0.000000 0.421817 15.000000 3000.000000 0.999774
1 0 9.000000 -0.000000 0.000000 -0.047958 -0.000000 -0.000000 -0.016042 -0.000000 0.000000 0.392383 12.000000 3000.000000 0.395628
1 0 15.000000 0.000000 0.000000 -0.220286 -0.000000 0.000000 0.231937 0.000000 0.000000 0.233035 0.000000 1200.000000 0.395759
1 3 12.000000 -0.185865 0.772604 0.132568 -0.543946 -0.263996 0.387968 0.579817 0.000000 0.406462 0.000000 1700.000000 0.999958
1 0 6.000000 0.000000 0.000000 0.000000 0.000000 0.000000 0.000000 0.000000 0.000000 0.000000 8.000000 3500.000000 0.000000
1 2 17.000000 -0.000000 0.000000 0.235321 0.000000 0.000000 -0.484764 -0.000000 0.000000 -0.478239 20.000000 2000.000000 0.720475
1 3 15.000000 0.375501 -0.887511 0.000000 0.723664 0.460519 0.000000 -0.578846 0.000000 0.000000 0.000000 1200.000000 0.999877
1 2 17.000000 -0.000000 0.000000 -0.507937 -0.000000 -0.000000 -0.220744 -0.000000 0.000000 0.460822 8.000000 2000.000000 0.720475
1 2 17.000000 -0.120578 -0.374207 -0.192138 0.248392 -0.181652 0.395808 -0.311112 0.000000 0.390481 20.000000 2000.000000 0.720475
1 0 13.000000 -0.000000 0.000000 0.147650 -0.000000 -0.000000 0.095438 0.000000 0.000000 0.354519 15.000000 3000.000000 0.395718
1 3 9.000000 0.000000 -0.000000 -0.529866 0.000000 0.000000 -0.734742 0.000000 0.000000 0.422478 0.000000 2000.000000 0.999545
0 0 6.000000 0.000000 0.000000 0.000000 0.000000 0.000000 0.000000 0.000000 0.000000 0.000000 0.000000 800.000000 0.000000
1 0 12.000000 0.201601 0.252257 0.008870 -0.251770 0.201991 -0.011077 -0.020068 0.000000 0.228069 16.000000 1700.000000 0.395791
1 2 17.000000 0.000000 -0.000000 -0.199288 -0.000000 -0.000000 0.089433 -0.000000 0.000000 -0.686564 8.000000 2000.000000 0.720475
1 0 13.000000 -0.077532 -0.172294 0.181667 0.089030 -0.150042 -0.208609 0.195602 0.000000 0.166958 15.000000 3000.000000 0.395718
1 2 17.000000 0.000000 0.000000 0.199287 -0.000000 0.000000 -0.089433 -0.000000 0.000000 0.686564 20.000000 2000.000000 0.720475
1 0 12.000000 -0.000000 0.000000 -0.115271 -0.000000 -0.000000 -0.377691 -0.000000 0.000000 0.026700 16.000000 1700.000000 0.395791
1 0 6.000000 0.322648 0.000000 0.000000 0.000000 0.322648 0.000000 0.000000 0.000000 0.228146 36.000000 3500.000000 0.395161
1 2 17.000000 0.000000 0.000000 0.067030 -0.000000 0.000000 -0.678914 -0.000000 0.000000 0.231663 8.000000 2000.000000 0.720475
1 0 10.000000 0.000000 0.000000 0.201955 -0.000000 0.000000 -0.252807 -0.000000 0.000000 0.227796 0.000000 800.000000 0.395712
1 0 9.000000 0.000000 0.000000 0.000000 0.000000 0.000000 0.000000 0.000000 0.000000 0.000000 0.000000 1000.000000 0.000000
1 2 17.000000 0.000000 0.000000 0.667453 -0.000000 0.000000 -0.244863 -0.000000 0.000000 0.116762 20.000000 2000.000000 0.720475
1 3 9.000000 0.433620 -0.818574 0.000000 0.618801 0.573609 0.000000 -0.654332 0.000000 0.000000 0.000000 2000.000000 0.999545
1 1 14.000000 0.456623 0.000000 0.000000 0.000000 0.456623 0.000000 0.000000 0.000000 0.322881 25.000000 2500.000000 0.559246
1 0 6.000000 0.210472 0.000000 0.000000 0.000000 0.210472 0.000000 0.000000 0.000000 0.148826 8.000000 2000.000000 0.257775
1 0 12.000000 -0.000000 0.000000 0.334936 0.000000 0.000000 -0.172933 -0.000000 0.000000 -0.120676 16.000000 1700.000000 0.395791
1 2 17.000000 -0.120578 -0.374207 -0.192138 0.248392 -0.181652 0.395808 -0.311112 0.000000 0.390481 8.000000 2000.000000 0.720475
1 3 12.000000 0.509340 0.637321 0.022409 -0.636091 0.510325 -0.027986 -0.050703 0.000000 0.576212 0.000000 1700.000000 0.999958
1 0 12.000000 -0.000000 -0.000000 0.220777 -0.000000 0.000000 0.321397 -0.000000 0.000000 -0.067913 16.000000 1700.000000 0.395791
1 0 13.000000 -0.000000 -0.000000 -0.011742 0.000000 -0.000000 0.005740 -0.000000 0.000000 0.395502 15.000000 3000.000000 0.395718
1 0 15.000000 0.000000 0.000000 0.369733 -0.000000 0.000000 -0.068786 -0.000000 0.000000 0.123254 0.000000 1200.000000 0.395759
1 2 17.000000 0.100062 0.292364 -0.393799 0.098869 -0.295891 -0.389106 -0.391460 0.000000 -0.198934 20.000000 2000.000000 0.720475
1 3 9.000000 -0.519334 -0.816607 -0.000000 0.735751 -0.576407 0.000000 -0.433652 0.000000 0.000000 0.000000 2000.000000 0.999545
1 2 17.000000 0.000000 -0.588266 0.000000 0.588266 0.000000 0.000000 0.000000 0.000000 0.415967 20.000000 2000.000000 0.720475
1 3 12.000000 -0.000000 0.000000 -0.995014 -0.000000 -0.000000 -0.079611 -0.000000 0.000000 0.059373 0.000000 1700.000000 0.999958
1 0 12.000000 0.000000 -0.000000 -0.201995 -0.000000 -0.000000 0.252858 -0.000000 0.000000 -0.227841 16.000000 1700.000000 0.395791
1 2 17.000000 0.000000 -0.588266 0.000000 0.588266 0.000000 0.000000 0.000000 0.000000 0.415967 8.000000 2000.000000 0.720475
1 2 17.000000 0.361642 -0.170308 -0.162718 -0.162292 -0.379504 0.073022 -0.126113 0.000000 -0.560578 20.000000 2000.000000 0.720475
1 3 14.000000 -0.000000 -0.000000 -0.250181 0.000000 -0.000000 0.354436 -0.000000 0.000000 0.900963 25.000000 2500.000000 0.999975
0 0 6.000000 0.000000 0.000000 0.000000 0.000000 0.000000 0.000000 0.000000 0.000000 0.000000 0.000000 1500.000000 0.000000
1 0 12.000000 0.028883 -0.316346 -0.041982 0.138388 0.066025 -0.201151 0.290600 0.000000 0.099964 0.000000 1700.000000 0.395791
1 3 15.000000 0.000000 0.000000 0.934122 -0.000000 0.000000 -0.173786 -0.000000 0.000000 0.311399 0.000000 1200.000000 0.999877
1 0 10.000000 -0.000000 0.000000 -0.115248 -0.000000 -0.000000 -0.377616 -0.000000 0.000000 0.026695 0.000000 800.000000 0.395712
0 0 6.000000 0.000000 0.000000 0.000000 0.000000 0.000000 0.000000 0.000000 0.000000 0.000000 4.000000 800.000000 0.000000
1 0 6.000000 0.000000 0.000000 0.000000 0.000000 0.000000 0.000000 0.000000 0.000000 0.000000 36.000000 3500.000000 0.000000
1 3 9.000000 -0.165321 -0.538023 -0.180171 0.426163 -0.208715 0.464443 -0.352256 0.000000 0.646446 0.000000 1000.000000 0.999545
1 3 19.000000 0.000000 0.000000 0.002768 -0.000000 0.000000 -0.008485 -0.000000 0.000000 0.999908 0.000000 3500.000000 0.999948
1 3 14.000000 0.000000 -0.000000 -0.530094 0.000000 0.000000 -0.735057 0.000000 0.000000 0.422659 25.000000 2500.000000 0.999975
1 3 15.000000 -0.198858 0.958316 -0.000000 -0.668008 -0.285280 -0.000000 -0.716920 0.000000 0.000000 0.000000 1200.000000 0.999877
1 3 9.000000 -0.000000 -0.000000 -0.250074 0.000000 -0.000000 0.354284 -0.000000 0.000000 0.900576 0.000000 2000.000000 0.999545
1 0 13.000000 -0.171898 0.124024 0.120556 -0.111111 -0.191875 0.077925 0.101504 0.000000 0.289464 15.000000 3000.000000 0.395718
1 0 6.000000 0.210472 0.000000 0.000000 0.000000 0.210472 0.000000 0.000000 0.000000 0.148826 8.000000 3500.000000 0.257775
1 0 10.000000 0.000000 0.000000 0.000000 0.000000 0.000000 0.000000 0.000000 0.000000 0.000000 16.000000 800.000000 0.000000
1 3 13.000000 -0.000000 -0.000000 -0.341034 0.000000 -0.000000 0.765010 -0.000000 0.000000 0.545896 15.000000 3000.000000 0.999774
1 3 12.000000 0.000000 0.000000 -0.396642 0.000000 -0.000000 -0.478589 -0.000000 0.000000 -0.783290 16.000000 1700.000000 0.999958
1 3 20.000000 -0.000000 0.000000 0.373115 -0.000000 -0.000000 0.241174 0.000000 0.000000 0.895877 8.000000 2800.000000 0.999988
1 3 12.000000 0.000000 -0.000000 -0.510336 -0.000000 -0.000000 0.638839 -0.000000 0.000000 -0.575636 0.000000 1700.000000 0.999958
1 0 9.000000 0.323029 0.000000 0.000000 0.000000 0.323029 0.000000 0.000000 0.000000 0.228416 12.000000 1500.000000 0.395628
1 0 19.000000 0.000000 0.000000 0.001095 -0.000000 0.000000 -0.003358 -0.000000 0.000000 0.395771 0.000000 3500.000000 0.395787
1 0 12.000000 -0.000000 0.000000 -0.150753 -0.000000 -0.000000 -0.057977 -0.000000 0.000000 0.361335 0.000000 1700.000000 0.395791
1 0 6.000000 0.000000 0.000000 0.000000 0.000000 0.000000 0.000000 0.000000 0.000000 0.000000 8.000000 800.000000 0.000000
0 0 6.000000 0.000000 0.000000 0.000000 0.000000 0.000000 0.000000 0.000000 0.000000 0.000000 8.000000 3000.000000 0.000000
1 0 9.000000 0.252967 0.260130 0.000000 -0.220757 0.298084 -0.000000 -0.209274 0.000000 0.000000 0.000000 2000.000000 0.395628
1 0 6.000000 0.210472 0.000000 0.000000 0.000000 0.210472 0.000000 0.000000 0.000000 0.148826 0.000000 2000.000000 0.257775
1 3 9.000000 0.000000 -0.000000 -0.183638 0.000000 0.000000 -0.879870 0.000000 0.000000 0.437260 12.000000 1500.000000 0.999545
1 3 12.000000 -0.767941 0.259002 -0.069984 -0.256877 -0.774292 -0.023410 -0.104362 0.000000 0.572590 0.000000 1700.000000 0.999958
1 3 15.000000 0.752435 -0.654348 -0.000000 0.651235 0.756032 -0.000000 0.097414 0.000000 0.000000 0.000000 1200.000000 0.999877
1 0 6.000000 0.000000 0.000000 0.000000 0.000000 0.000000 0.000000 0.000000 0.000000 0.000000 0.000000 800.000000 0.000000
1 0 6.000000 0.000000 0.000000 0.000000 0.000000 0.000000 0.000000 0.000000 0.000000 0.000000 0.000000 3500.000000 0.000000
1 2 17.000000 -0.000000 -0.000000 -0.235320 0.000000 -0.000000 0.484764 -0.000000 0.000000 0.478239 20.000000 2000.000000 0.720475
1 2 17.000000 -0.244009 -0.165795 0.414729 -0.106044 0.381497 0.180237 -0.319754 0.000000 -0.376259 20.000000 2000.000000 0.720475
1 0 14.000000 0.000000 0.000000 0.157744 -0.000000 0.000000 -0.137659 -0.000000 0.000000 0.335891 25.000000 2500.000000 0.395798
1 3 20.000000 -0.000000 -0.000000 -0.029673 0.000000 -0.000000 0.014504 -0.000000 0.000000 0.999442 8.000000 2800.000000 0.999988
1 3 19.000000 -0.000000 0.000000 -0.204562 -0.000000 -0.000000 -0.687169 -0.000000 0.000000 0.697028 0.000000 3500.000000 0.999948
1 0 15.000000 -0.000000 0.000000 -0.080962 -0.000000 -0.000000 -0.271968 -0.000000 0.000000 0.275870 0.000000 1200.000000 0.395759
1 0 12.000000 0.000000 0.000000 0.000000 0.000000 0.000000 0.000000 0.000000 0.000000 0.000000 0.000000 1700.000000 0.000000
##END
