##TITLE= dor2 radial a cnst1=44.638
##JCAMP-DX= 5.00 Bruker JCAMP library
##DATA TYPE= Shape Data
##ORIGIN= Bruker Analytik GmbH
##OWNER= <nmrsu>
##DATE= xx
##TIME= xx
##MINX= 0
##MAXX= 1
##MINY= 0
##MAXY= 1
##$SHAPE_EXMODE= Gradient
##$SHAPE_TOTROT= 0
##$SHAPE_BWFAC= 0
##$SHAPE_INTEGFAC= 0
##$SHAPE_MODE= 0
##NPOINTS=1000
##XYDATA= (X++(Y..Y))
0.000000
0.020951
0.041841
0.062607
0.083190
0.103530
0.123565
0.143238
0.162491
0.181267
0.199512
0.217171
0.234194
0.250529
0.266130
0.280950
0.294946
0.308076
0.320303
0.331590
0.341903
0.351214
0.359493
0.366716
0.372862
0.377911
0.381848
0.384661
0.386340
0.387020
0.387107
0.386974
0.386709
0.386293
0.385724
0.384999
0.384113
0.383062
0.381843
0.380451
0.378880
0.377126
0.375180
0.373038
0.370692
0.368134
0.365356
0.362350
0.359106
0.355614
0.351865
0.347847
0.343551
0.338963
0.334073
0.328869
0.323338
0.317468
0.311246
0.304660
0.297696
0.290342
0.282586
0.274416
0.265820
0.256786
0.247304
0.237362
0.226953
0.216067
0.204696
0.192834
0.180474
0.167613
0.154248
0.140376
0.125997
0.111113
0.095727
0.079842
0.063466
0.046606
0.029272
0.011477
-0.006768
-0.025445
-0.044538
-0.064027
-0.083892
-0.104109
-0.124655
-0.145502
-0.166623
-0.187988
-0.209567
-0.231327
-0.253235
-0.275256
-0.297355
-0.319495
-0.341639
-0.363750
-0.385789
-0.407718
-0.429499
-0.451093
-0.472463
-0.493570
-0.514378
-0.534851
-0.554953
-0.574649
-0.593907
-0.612695
-0.630982
-0.648740
-0.665940
-0.682560
-0.698573
-0.713960
-0.728701
-0.742779
-0.756178
-0.768885
-0.780891
-0.792185
-0.802763
-0.812620
-0.821754
-0.830165
-0.837856
-0.844831
-0.851096
-0.856660
-0.861534
-0.865728
-0.869257
-0.872135
-0.874380
-0.876008
-0.877040
-0.877495
-0.877394
-0.876759
-0.875613
-0.873980
-0.871882
-0.869345
-0.866392
-0.863038
-0.859275
-0.855086
-0.850464
-0.845411
-0.839930
-0.834024
-0.827694
-0.820943
-0.813776
-0.806194
-0.798202
-0.789802
-0.781000
-0.771799
-0.762202
-0.752216
-0.741843
-0.731090
-0.719961
-0.708461
-0.696596
-0.684370
-0.671791
-0.658863
-0.645593
-0.631987
-0.618052
-0.603793
-0.589218
-0.574334
-0.559147
-0.543665
-0.527894
-0.511843
-0.495519
-0.478930
-0.462083
-0.444987
-0.427649
-0.410078
-0.392283
-0.374270
-0.356050
-0.337630
-0.319020
-0.300228
-0.281264
-0.262135
-0.242852
-0.223423
-0.203858
-0.184166
-0.164356
-0.144438
-0.124421
-0.104314
-0.084128
-0.063872
-0.043556
-0.023189
-0.002780
0.017660
0.038121
0.058594
0.079069
0.099537
0.119987
0.140411
0.160797
0.181136
0.201420
0.221637
0.241779
0.261835
0.281797
0.301654
0.321397
0.341017
0.360505
0.379850
0.399045
0.418079
0.436943
0.455629
0.474128
0.492430
0.510528
0.528412
0.546073
0.563504
0.580697
0.597642
0.614331
0.630758
0.646913
0.662790
0.678380
0.693676
0.708671
0.723358
0.737729
0.751778
0.765498
0.778883
0.791926
0.804620
0.816960
0.828940
0.840554
0.851797
0.862663
0.873146
0.883243
0.892948
0.902256
0.911163
0.919665
0.927758
0.935438
0.942700
0.949543
0.955961
0.961953
0.967516
0.972646
0.977341
0.981600
0.985420
0.988798
0.991735
0.994227
0.996275
0.997877
0.999031
0.999739
0.999999
0.999811
0.999175
0.998092
0.996562
0.994586
0.992165
0.989300
0.985992
0.982243
0.978055
0.973430
0.968369
0.962876
0.956953
0.950602
0.943828
0.936633
0.929020
0.920993
0.912557
0.903714
0.894470
0.884829
0.874794
0.864373
0.853568
0.842385
0.830831
0.818909
0.806626
0.793988
0.781001
0.767671
0.754005
0.740008
0.725688
0.711051
0.696105
0.680857
0.665314
0.649483
0.633371
0.616988
0.600340
0.583436
0.566283
0.548889
0.531264
0.513415
0.495352
0.477081
0.458614
0.439957
0.421121
0.402113
0.382944
0.363622
0.344157
0.324558
0.304833
0.284994
0.265048
0.245007
0.224878
0.204672
0.184399
0.164068
0.143688
0.123270
0.102824
0.082358
0.061883
0.041409
0.020945
0.000501
-0.019913
-0.040287
-0.060612
-0.080879
-0.101077
-0.121196
-0.141228
-0.161163
-0.180991
-0.200703
-0.220289
-0.239740
-0.259048
-0.278202
-0.297193
-0.316014
-0.334653
-0.353104
-0.371357
-0.389403
-0.407235
-0.424842
-0.442218
-0.459354
-0.476241
-0.492872
-0.509239
-0.525335
-0.541150
-0.556679
-0.571914
-0.586848
-0.601473
-0.615783
-0.629771
-0.643430
-0.656754
-0.669737
-0.682373
-0.694656
-0.706579
-0.718138
-0.729328
-0.740142
-0.750575
-0.760624
-0.770284
-0.779549
-0.788415
-0.796880
-0.804938
-0.812586
-0.819820
-0.826637
-0.833035
-0.839010
-0.844559
-0.849681
-0.854372
-0.858631
-0.862456
-0.865846
-0.868798
-0.871312
-0.873386
-0.875021
-0.876215
-0.876967
-0.877279
-0.877149
-0.876579
-0.875568
-0.874118
-0.872229
-0.869902
-0.867140
-0.863942
-0.860312
-0.856251
-0.851762
-0.846846
-0.841506
-0.835746
-0.829568
-0.822975
-0.815971
-0.808560
-0.800744
-0.792529
-0.783919
-0.774917
-0.765529
-0.755759
-0.745613
-0.735094
-0.724210
-0.712964
-0.701364
-0.689414
-0.677121
-0.664491
-0.651530
-0.638245
-0.624642
-0.610728
-0.596511
-0.581997
-0.567194
-0.552109
-0.536749
-0.521122
-0.505237
-0.489100
-0.472720
-0.456106
-0.439265
-0.422205
-0.404936
-0.387466
-0.369804
-0.351958
-0.333937
-0.315750
-0.297407
-0.278916
-0.260286
-0.241528
-0.222649
-0.203660
-0.184570
-0.165388
-0.146124
-0.126788
-0.107389
-0.087936
-0.068440
-0.048910
-0.029356
-0.009787
0.009787
0.029356
0.048910
0.068440
0.087936
0.107389
0.126788
0.146124
0.165388
0.184570
0.203660
0.222649
0.241528
0.260286
0.278916
0.297407
0.315750
0.333937
0.351958
0.369804
0.387466
0.404936
0.422205
0.439265
0.456106
0.472720
0.489100
0.505237
0.521122
0.536749
0.552109
0.567194
0.581997
0.596511
0.610728
0.624642
0.638245
0.651530
0.664491
0.677121
0.689414
0.701364
0.712964
0.724210
0.735094
0.745613
0.755759
0.765529
0.774917
0.783919
0.792529
0.800744
0.808560
0.815971
0.822975
0.829568
0.835746
0.841506
0.846846
0.851762
0.856251
0.860312
0.863942
0.867140
0.869902
0.872229
0.874118
0.875568
0.876579
0.877149
0.877279
0.876967
0.876215
0.875021
0.873386
0.871312
0.868798
0.865846
0.862456
0.858631
0.854372
0.849681
0.844559
0.839010
0.833035
0.826637
0.819820
0.812586
0.804938
0.796880
0.788415
0.779549
0.770284
0.760624
0.750575
0.740142
0.729328
0.718138
0.706579
0.694656
0.682373
0.669737
0.656754
0.643430
0.629771
0.615783
0.601473
0.586848
0.571914
0.556679
0.541150
0.525335
0.509239
0.492872
0.476241
0.459354
0.442218
0.424842
0.407235
0.389403
0.371357
0.353104
0.334653
0.316014
0.297193
0.278202
0.259048
0.239740
0.220289
0.200703
0.180991
0.161163
0.141228
0.121196
0.101077
0.080879
0.060612
0.040287
0.019913
-0.000501
-0.020945
-0.041409
-0.061883
-0.082358
-0.102824
-0.123270
-0.143688
-0.164068
-0.184399
-0.204672
-0.224878
-0.245007
-0.265048
-0.284994
-0.304833
-0.324558
-0.344157
-0.363622
-0.382944
-0.402113
-0.421121
-0.439957
-0.458614
-0.477081
-0.495352
-0.513415
-0.531264
-0.548889
-0.566283
-0.583436
-0.600340
-0.616988
-0.633371
-0.649483
-0.665314
-0.680857
-0.696105
-0.711051
-0.725688
-0.740008
-0.754005
-0.767671
-0.781001
-0.793988
-0.806626
-0.818909
-0.830831
-0.842385
-0.853568
-0.864373
-0.874794
-0.884829
-0.894470
-0.903714
-0.912557
-0.920993
-0.929020
-0.936633
-0.943828
-0.950602
-0.956953
-0.962876
-0.968369
-0.973430
-0.978055
-0.982243
-0.985992
-0.989300
-0.992165
-0.994586
-0.996562
-0.998092
-0.999175
-0.999811
-0.999999
-0.999739
-0.999031
-0.997877
-0.996275
-0.994227
-0.991735
-0.988798
-0.985420
-0.981600
-0.977341
-0.972646
-0.967516
-0.961953
-0.955961
-0.949543
-0.942700
-0.935438
-0.927758
-0.919665
-0.911163
-0.902256
-0.892948
-0.883243
-0.873146
-0.862663
-0.851797
-0.840554
-0.828940
-0.816960
-0.804620
-0.791926
-0.778883
-0.765498
-0.751778
-0.737729
-0.723358
-0.708671
-0.693676
-0.678380
-0.662790
-0.646913
-0.630758
-0.614331
-0.597642
-0.580697
-0.563504
-0.546073
-0.528412
-0.510528
-0.492430
-0.474128
-0.455629
-0.436943
-0.418079
-0.399045
-0.379850
-0.360505
-0.341017
-0.321397
-0.301654
-0.281797
-0.261835
-0.241779
-0.221637
-0.201420
-0.181136
-0.160797
-0.140411
-0.119987
-0.099537
-0.079069
-0.058594
-0.038121
-0.017660
0.002780
0.023189
0.043556
0.063872
0.084128
0.104314
0.124421
0.144438
0.164356
0.184166
0.203858
0.223423
0.242852
0.262135
0.281264
0.300228
0.319020
0.337630
0.356050
0.374270
0.392283
0.410078
0.427649
0.444987
0.462083
0.478930
0.495519
0.511843
0.527894
0.543665
0.559147
0.574334
0.589218
0.603793
0.618052
0.631987
0.645593
0.658863
0.671791
0.684370
0.696596
0.708461
0.719961
0.731090
0.741843
0.752216
0.762202
0.771799
0.781000
0.789802
0.798202
0.806194
0.813776
0.820943
0.827694
0.834024
0.839930
0.845411
0.850464
0.855086
0.859275
0.863038
0.866392
0.869345
0.871882
0.873980
0.875613
0.876759
0.877394
0.877495
0.877040
0.876008
0.874380
0.872135
0.869257
0.865728
0.861534
0.856660
0.851096
0.844831
0.837856
0.830165
0.821754
0.812620
0.802763
0.792185
0.780891
0.768885
0.756178
0.742779
0.728701
0.713960
0.698573
0.682560
0.665940
0.648740
0.630982
0.612695
0.593907
0.574649
0.554953
0.534851
0.514378
0.493570
0.472463
0.451093
0.429499
0.407718
0.385789
0.363750
0.341639
0.319495
0.297355
0.275256
0.253235
0.231327
0.209567
0.187988
0.166623
0.145502
0.124655
0.104109
0.083892
0.064027
0.044538
0.025445
0.006768
-0.011477
-0.029272
-0.046606
-0.063466
-0.079842
-0.095727
-0.111113
-0.125997
-0.140376
-0.154248
-0.167613
-0.180474
-0.192834
-0.204696
-0.216067
-0.226953
-0.237362
-0.247304
-0.256786
-0.265820
-0.274416
-0.282586
-0.290342
-0.297696
-0.304660
-0.311246
-0.317468
-0.323338
-0.328869
-0.334073
-0.338963
-0.343551
-0.347847
-0.351865
-0.355614
-0.359106
-0.362350
-0.365356
-0.368134
-0.370692
-0.373038
-0.375180
-0.377126
-0.378880
-0.380451
-0.381843
-0.383062
-0.384113
-0.384999
-0.385724
-0.386293
-0.386709
-0.386974
-0.387107
-0.387020
-0.386340
-0.384661
-0.381848
-0.377911
-0.372862
-0.366716
-0.359493
-0.351214
-0.341903
-0.331590
-0.320303
-0.308076
-0.294946
-0.280950
-0.266130
-0.250529
-0.234194
-0.217171
-0.199512
-0.181267
-0.162491
-0.143238
-0.123565
-0.103530
-0.083190
-0.062607
-0.041841
-0.020951
0.000000
##END
