##TITLE= dor2 radial b cnst1=44.638
##JCAMP-DX= 5.00 Bruker JCAMP library
##DATA TYPE= Shape Data
##ORIGIN= Bruker Analytik GmbH
##OWNER= <nmrsu>
##DATE= xx
##TIME= xx
##MINX= 0
##MAXX= 1
##MINY= 0
##MAXY= 1
##$SHAPE_EXMODE= Gradient
##$SHAPE_TOTROT= 0
##$SHAPE_BWFAC= 0
##$SHAPE_INTEGFAC= 0
##$SHAPE_MODE= 0
##NPOINTS=1000
##XYDATA= (X++(Y..Y))
0.000000
0.000000
0.000000
0.000000
0.000000
0.000001
0.000003
0.000007
0.000015
0.000030
0.000055
0.000095
0.000157
0.000247
0.000376
0.000554
0.000793
0.001110
0.001518
0.002036
0.002682
0.003475
0.004435
0.005582
0.006935
0.008513
0.010334
0.012411
0.014759
0.017388
0.020313
0.023552
0.027119
0.031028
0.035293
0.039925
0.044936
0.050337
0.056138
0.062347
0.068972
0.076020
0.083497
0.091406
0.099752
0.108536
0.117759
0.127421
0.137518
0.148048
0.159006
0.170385
0.182177
0.194373
0.206962
0.219930
0.233265
0.246950
0.260968
0.275299
0.289924
0.304820
0.319964
0.335331
0.350894
0.366625
0.382495
0.398473
0.414528
0.430625
0.446732
0.462812
0.478829
0.494746
0.510525
0.526129
0.541516
0.556649
0.571488
0.585992
0.600121
0.613837
0.627098
0.639867
0.652105
0.663774
0.674838
0.685259
0.695005
0.704040
0.712335
0.719858
0.726581
0.732477
0.737522
0.741694
0.744972
0.747340
0.748780
0.749281
0.748832
0.747426
0.745057
0.741723
0.737426
0.732167
0.725954
0.718793
0.710697
0.701680
0.691756
0.680946
0.669271
0.656753
0.643418
0.629293
0.614408
0.598794
0.582484
0.565511
0.547911
0.529720
0.510977
0.491718
0.471983
0.451811
0.431241
0.410314
0.389068
0.367543
0.345777
0.323810
0.301678
0.279419
0.257068
0.234661
0.212229
0.189807
0.167423
0.145108
0.122890
0.100793
0.078843
0.057062
0.035469
0.014084
-0.007076
-0.027997
-0.048667
-0.069099
-0.089364
-0.109531
-0.129615
-0.149607
-0.169498
-0.189278
-0.208939
-0.228469
-0.247861
-0.267105
-0.286192
-0.305113
-0.323859
-0.342420
-0.360789
-0.378956
-0.396913
-0.414652
-0.432163
-0.449439
-0.466471
-0.483252
-0.499774
-0.516028
-0.532007
-0.547703
-0.563109
-0.578219
-0.593024
-0.607517
-0.621693
-0.635544
-0.649063
-0.662245
-0.675083
-0.687571
-0.699704
-0.711475
-0.722880
-0.733912
-0.744567
-0.754840
-0.764726
-0.774220
-0.783319
-0.792017
-0.800311
-0.808197
-0.815672
-0.822732
-0.829374
-0.835594
-0.841391
-0.846761
-0.851702
-0.856212
-0.860290
-0.863932
-0.867138
-0.869906
-0.872236
-0.874126
-0.875575
-0.876584
-0.877152
-0.877278
-0.876963
-0.876208
-0.875013
-0.873378
-0.871306
-0.868796
-0.865851
-0.862472
-0.858660
-0.854419
-0.849750
-0.844656
-0.839140
-0.833204
-0.826851
-0.820085
-0.812910
-0.805329
-0.797345
-0.788964
-0.780188
-0.771024
-0.761475
-0.751547
-0.741243
-0.730571
-0.719534
-0.708139
-0.696391
-0.684296
-0.671861
-0.659091
-0.645993
-0.632574
-0.618840
-0.604798
-0.590456
-0.575819
-0.560897
-0.545695
-0.530223
-0.514486
-0.498495
-0.482255
-0.465776
-0.449065
-0.432131
-0.414983
-0.397629
-0.380077
-0.362336
-0.344416
-0.326324
-0.308070
-0.289664
-0.271114
-0.252429
-0.233619
-0.214693
-0.195660
-0.176530
-0.157313
-0.138018
-0.118654
-0.099231
-0.079759
-0.060247
-0.040706
-0.021144
-0.001572
0.018001
0.037565
0.057110
0.076627
0.096106
0.115537
0.134911
0.154218
0.173449
0.192593
0.211642
0.230586
0.249415
0.268121
0.286693
0.305124
0.323402
0.341521
0.359469
0.377239
0.394822
0.412209
0.429391
0.446360
0.463107
0.479624
0.495902
0.511935
0.527712
0.543228
0.558473
0.573441
0.588124
0.602514
0.616605
0.630389
0.643859
0.657009
0.669832
0.682322
0.694471
0.706275
0.717727
0.728822
0.739554
0.749917
0.759906
0.769516
0.778742
0.787580
0.796025
0.804073
0.811719
0.818960
0.825792
0.832211
0.838214
0.843799
0.848961
0.853698
0.858008
0.861888
0.865337
0.868352
0.870932
0.873075
0.874780
0.876046
0.876872
0.877257
0.877202
0.876705
0.875767
0.874388
0.872569
0.870310
0.867612
0.864476
0.860904
0.856897
0.852456
0.847584
0.842282
0.836554
0.830401
0.823827
0.816834
0.809426
0.801606
0.793377
0.784743
0.775709
0.766278
0.756454
0.746243
0.735649
0.724677
0.713332
0.701619
0.689544
0.677113
0.664331
0.651204
0.637738
0.623940
0.609816
0.595373
0.580618
0.565557
0.550198
0.534547
0.518613
0.502403
0.485924
0.469184
0.452192
0.434954
0.417480
0.399778
0.381855
0.363721
0.345384
0.326853
0.308137
0.289243
0.270182
0.250963
0.231594
0.212085
0.192445
0.172683
0.152809
0.132833
0.112763
0.092609
0.072381
0.052089
0.031742
0.011350
-0.009078
-0.029532
-0.050001
-0.070477
-0.090949
-0.111408
-0.131843
-0.152246
-0.172607
-0.192915
-0.213161
-0.233335
-0.253429
-0.273431
-0.293333
-0.313126
-0.332799
-0.352343
-0.371749
-0.391008
-0.410110
-0.429047
-0.447809
-0.466388
-0.484774
-0.502958
-0.520933
-0.538689
-0.556218
-0.573511
-0.590561
-0.607359
-0.623896
-0.640167
-0.656161
-0.671872
-0.687293
-0.702415
-0.717232
-0.731737
-0.745922
-0.759781
-0.773307
-0.786494
-0.799335
-0.811825
-0.823957
-0.835725
-0.847124
-0.858149
-0.868793
-0.879053
-0.888923
-0.898398
-0.907474
-0.916147
-0.924412
-0.932265
-0.939703
-0.946722
-0.953319
-0.959491
-0.965234
-0.970546
-0.975424
-0.979866
-0.983870
-0.987434
-0.990556
-0.993235
-0.995470
-0.997259
-0.998601
-0.999496
-0.999944
-0.999944
-0.999496
-0.998601
-0.997259
-0.995470
-0.993235
-0.990556
-0.987434
-0.983870
-0.979866
-0.975424
-0.970546
-0.965234
-0.959491
-0.953319
-0.946722
-0.939703
-0.932265
-0.924412
-0.916147
-0.907474
-0.898398
-0.888923
-0.879053
-0.868793
-0.858149
-0.847124
-0.835725
-0.823957
-0.811825
-0.799335
-0.786494
-0.773307
-0.759781
-0.745922
-0.731737
-0.717232
-0.702415
-0.687293
-0.671872
-0.656161
-0.640167
-0.623896
-0.607359
-0.590561
-0.573511
-0.556218
-0.538689
-0.520933
-0.502958
-0.484774
-0.466388
-0.447809
-0.429047
-0.410110
-0.391008
-0.371749
-0.352343
-0.332799
-0.313126
-0.293333
-0.273431
-0.253429
-0.233335
-0.213161
-0.192915
-0.172607
-0.152246
-0.131843
-0.111408
-0.090949
-0.070477
-0.050001
-0.029532
-0.009078
0.011350
0.031742
0.052089
0.072381
0.092609
0.112763
0.132833
0.152809
0.172683
0.192445
0.212085
0.231594
0.250963
0.270182
0.289243
0.308137
0.326853
0.345384
0.363721
0.381855
0.399778
0.417480
0.434954
0.452192
0.469184
0.485924
0.502403
0.518613
0.534547
0.550198
0.565557
0.580618
0.595373
0.609816
0.623940
0.637738
0.651204
0.664331
0.677113
0.689544
0.701619
0.713332
0.724677
0.735649
0.746243
0.756454
0.766278
0.775709
0.784743
0.793377
0.801606
0.809426
0.816834
0.823827
0.830401
0.836554
0.842282
0.847584
0.852456
0.856897
0.860904
0.864476
0.867612
0.870310
0.872569
0.874388
0.875767
0.876705
0.877202
0.877257
0.876872
0.876046
0.874780
0.873075
0.870932
0.868352
0.865337
0.861888
0.858008
0.853698
0.848961
0.843799
0.838214
0.832211
0.825792
0.818960
0.811719
0.804073
0.796025
0.787580
0.778742
0.769516
0.759906
0.749917
0.739554
0.728822
0.717727
0.706275
0.694471
0.682322
0.669832
0.657009
0.643859
0.630389
0.616605
0.602514
0.588124
0.573441
0.558473
0.543228
0.527712
0.511935
0.495902
0.479624
0.463107
0.446360
0.429391
0.412209
0.394822
0.377239
0.359469
0.341521
0.323402
0.305124
0.286693
0.268121
0.249415
0.230586
0.211642
0.192593
0.173449
0.154218
0.134911
0.115537
0.096106
0.076627
0.057110
0.037565
0.018001
-0.001572
-0.021144
-0.040706
-0.060247
-0.079759
-0.099231
-0.118654
-0.138018
-0.157313
-0.176530
-0.195660
-0.214693
-0.233619
-0.252429
-0.271114
-0.289664
-0.308070
-0.326324
-0.344416
-0.362336
-0.380077
-0.397629
-0.414983
-0.432131
-0.449065
-0.465776
-0.482255
-0.498495
-0.514486
-0.530223
-0.545695
-0.560897
-0.575819
-0.590456
-0.604798
-0.618840
-0.632574
-0.645993
-0.659091
-0.671861
-0.684296
-0.696391
-0.708139
-0.719534
-0.730571
-0.741243
-0.751547
-0.761475
-0.771024
-0.780188
-0.788964
-0.797345
-0.805329
-0.812910
-0.820085
-0.826851
-0.833204
-0.839140
-0.844656
-0.849750
-0.854419
-0.858660
-0.862472
-0.865851
-0.868796
-0.871306
-0.873378
-0.875013
-0.876208
-0.876963
-0.877278
-0.877152
-0.876584
-0.875575
-0.874126
-0.872236
-0.869906
-0.867138
-0.863932
-0.860290
-0.856212
-0.851702
-0.846761
-0.841391
-0.835594
-0.829374
-0.822732
-0.815672
-0.808197
-0.800311
-0.792017
-0.783319
-0.774220
-0.764726
-0.754840
-0.744567
-0.733912
-0.722880
-0.711475
-0.699704
-0.687571
-0.675083
-0.662245
-0.649063
-0.635544
-0.621693
-0.607517
-0.593024
-0.578219
-0.563109
-0.547703
-0.532007
-0.516028
-0.499774
-0.483252
-0.466471
-0.449439
-0.432163
-0.414652
-0.396913
-0.378956
-0.360789
-0.342420
-0.323859
-0.305113
-0.286192
-0.267105
-0.247861
-0.228469
-0.208939
-0.189278
-0.169498
-0.149607
-0.129615
-0.109531
-0.089364
-0.069099
-0.048667
-0.027997
-0.007076
0.014084
0.035469
0.057062
0.078843
0.100793
0.122890
0.145108
0.167423
0.189807
0.212229
0.234661
0.257068
0.279419
0.301678
0.323810
0.345777
0.367543
0.389068
0.410314
0.431241
0.451811
0.471983
0.491718
0.510977
0.529720
0.547911
0.565511
0.582484
0.598794
0.614408
0.629293
0.643418
0.656753
0.669271
0.680946
0.691756
0.701680
0.710697
0.718793
0.725954
0.732167
0.737426
0.741723
0.745057
0.747426
0.748832
0.749281
0.748780
0.747340
0.744972
0.741694
0.737522
0.732477
0.726581
0.719858
0.712335
0.704040
0.695005
0.685259
0.674838
0.663774
0.652105
0.639867
0.627098
0.613837
0.600121
0.585992
0.571488
0.556649
0.541516
0.526129
0.510525
0.494746
0.478829
0.462812
0.446732
0.430625
0.414528
0.398473
0.382495
0.366625
0.350894
0.335331
0.319964
0.304820
0.289924
0.275299
0.260968
0.246950
0.233265
0.219930
0.206962
0.194373
0.182177
0.170385
0.159006
0.148048
0.137518
0.127421
0.117759
0.108536
0.099752
0.091406
0.083497
0.076020
0.068972
0.062347
0.056138
0.050337
0.044936
0.039925
0.035293
0.031028
0.027119
0.023552
0.020313
0.017388
0.014759
0.012411
0.010334
0.008513
0.006935
0.005582
0.004435
0.003475
0.002682
0.002036
0.001518
0.001110
0.000793
0.000554
0.000376
0.000247
0.000157
0.000095
0.000055
0.000030
0.000015
0.000007
0.000003
0.000001
0.000000
0.000000
0.000000
0.000000
0.000000
##END
