##TITLE= dor2 axial c cnst1=44.638
##JCAMP-DX= 5.00 Bruker JCAMP library
##DATA TYPE= Shape Data
##ORIGIN= Bruker Analytik GmbH
##OWNER= <nmrsu>
##DATE= xx
##TIME= xx
##MINX= 0
##MAXX= 1
##MINY= 0
##MAXY= 1
##$SHAPE_EXMODE= Gradient
##$SHAPE_TOTROT= 0
##$SHAPE_BWFAC= 0
##$SHAPE_INTEGFAC= 0
##$SHAPE_MODE= 0
##NPOINTS=1000
##XYDATA= (X++(Y..Y))
0.000000
0.041909
0.083695
0.125235
0.166408
0.207093
0.247170
0.286523
0.325035
0.362594
0.399089
0.434413
0.468464
0.501140
0.532346
0.561991
0.589987
0.616253
0.640711
0.663290
0.683922
0.702548
0.719113
0.733568
0.745869
0.755981
0.763873
0.769522
0.772910
0.774309
0.774534
0.774332
0.773886
0.773159
0.772150
0.770858
0.769280
0.767415
0.765261
0.762815
0.760075
0.757038
0.753702
0.750063
0.746119
0.741864
0.737297
0.732413
0.727208
0.721677
0.715815
0.709619
0.703082
0.696201
0.688968
0.681380
0.673430
0.665113
0.656423
0.647355
0.637903
0.628062
0.617826
0.607191
0.596152
0.584703
0.572842
0.560565
0.547867
0.534747
0.521203
0.507232
0.492835
0.478010
0.462760
0.447085
0.430989
0.414474
0.397545
0.380208
0.362469
0.344335
0.325816
0.306921
0.287661
0.268048
0.248095
0.227817
0.207228
0.186346
0.165188
0.143772
0.122118
0.100246
0.078178
0.055935
0.033542
0.011021
-0.011604
-0.034307
-0.057063
-0.079846
-0.102631
-0.125391
-0.148100
-0.170731
-0.193258
-0.215655
-0.237896
-0.259956
-0.281808
-0.303429
-0.324795
-0.345882
-0.366667
-0.387129
-0.407248
-0.427003
-0.446376
-0.465349
-0.483907
-0.502034
-0.519716
-0.536940
-0.553697
-0.569976
-0.585769
-0.601069
-0.615872
-0.630172
-0.643968
-0.657260
-0.670046
-0.682330
-0.694114
-0.705403
-0.716204
-0.726524
-0.736372
-0.745756
-0.754689
-0.763183
-0.771251
-0.778908
-0.786168
-0.793049
-0.799567
-0.805741
-0.811589
-0.817143
-0.822460
-0.827585
-0.832533
-0.837302
-0.841891
-0.846300
-0.850526
-0.854571
-0.858432
-0.862108
-0.865600
-0.868905
-0.872024
-0.874956
-0.877700
-0.880256
-0.882623
-0.884800
-0.886787
-0.888584
-0.890191
-0.891606
-0.892829
-0.893862
-0.894702
-0.895350
-0.895806
-0.896069
-0.896141
-0.896020
-0.895706
-0.895200
-0.894502
-0.893613
-0.892531
-0.891257
-0.889793
-0.888137
-0.886291
-0.884254
-0.882028
-0.879612
-0.877008
-0.874215
-0.871234
-0.868067
-0.864713
-0.861173
-0.857449
-0.853541
-0.849449
-0.845175
-0.840720
-0.836084
-0.831268
-0.826275
-0.821103
-0.815756
-0.810233
-0.804537
-0.798668
-0.792627
-0.786416
-0.780037
-0.773490
-0.766777
-0.759899
-0.752858
-0.745656
-0.738293
-0.730772
-0.723094
-0.715261
-0.707275
-0.699136
-0.690848
-0.682411
-0.673827
-0.665100
-0.656229
-0.647217
-0.638067
-0.628779
-0.619357
-0.609801
-0.600115
-0.590300
-0.580358
-0.570291
-0.560102
-0.549793
-0.539366
-0.528823
-0.518167
-0.507399
-0.496522
-0.485539
-0.474452
-0.463262
-0.451974
-0.440588
-0.429108
-0.417535
-0.405873
-0.394124
-0.382290
-0.370374
-0.358379
-0.346307
-0.334160
-0.321941
-0.309654
-0.297300
-0.284882
-0.272403
-0.259866
-0.247273
-0.234626
-0.221930
-0.209186
-0.196396
-0.183565
-0.170694
-0.157787
-0.144846
-0.131873
-0.118873
-0.105846
-0.092797
-0.079729
-0.066643
-0.053542
-0.040431
-0.027310
-0.014184
-0.001055
0.012075
0.025202
0.038323
0.051437
0.064539
0.077628
0.090699
0.103752
0.116782
0.129787
0.142764
0.155710
0.168623
0.181500
0.194338
0.207134
0.219886
0.232590
0.245245
0.257847
0.270393
0.282882
0.295309
0.307674
0.319972
0.332202
0.344360
0.356445
0.368453
0.380381
0.392229
0.403991
0.415668
0.427255
0.438750
0.450151
0.461456
0.472661
0.483765
0.494765
0.505659
0.516444
0.527119
0.537680
0.548126
0.558454
0.568663
0.578749
0.588711
0.598547
0.608254
0.617830
0.627274
0.636584
0.645757
0.654791
0.663684
0.672435
0.681042
0.689502
0.697815
0.705977
0.713989
0.721846
0.729549
0.737096
0.744484
0.751712
0.758779
0.765683
0.772422
0.778996
0.785403
0.791641
0.797709
0.803606
0.809330
0.814881
0.820256
0.825456
0.830478
0.835322
0.839987
0.844472
0.848775
0.852896
0.856834
0.860588
0.864157
0.867541
0.870738
0.873749
0.876572
0.879206
0.881653
0.883909
0.885977
0.887853
0.889540
0.891035
0.892339
0.893452
0.894372
0.895101
0.895638
0.895982
0.896134
0.896094
0.895861
0.895436
0.894819
0.894009
0.893008
0.891815
0.890431
0.888855
0.887089
0.885132
0.882985
0.880649
0.878124
0.875410
0.872508
0.869419
0.866143
0.862681
0.859035
0.855203
0.851189
0.846991
0.842612
0.838051
0.833311
0.828392
0.823295
0.818022
0.812572
0.806949
0.801152
0.795183
0.789044
0.782735
0.776258
0.769614
0.762805
0.755833
0.748698
0.741402
0.733948
0.726336
0.718567
0.710645
0.702570
0.694344
0.685970
0.677447
0.668780
0.659969
0.651016
0.641924
0.632693
0.623327
0.613827
0.604196
0.594434
0.584545
0.574531
0.564393
0.554134
0.543756
0.533262
0.522653
0.511931
0.501100
0.490161
0.479117
0.467971
0.456723
0.445378
0.433937
0.422403
0.410778
0.399065
0.387267
0.375385
0.363423
0.351382
0.339266
0.327078
0.314819
0.302493
0.290101
0.277648
0.265135
0.252564
0.239940
0.227264
0.214540
0.201769
0.188955
0.176100
0.163208
0.150281
0.137321
0.124332
0.111316
0.098276
0.085216
0.072136
0.059042
0.045935
0.032817
0.019693
0.006565
-0.006565
-0.019693
-0.032817
-0.045935
-0.059042
-0.072136
-0.085216
-0.098276
-0.111316
-0.124332
-0.137321
-0.150281
-0.163208
-0.176100
-0.188955
-0.201769
-0.214540
-0.227264
-0.239940
-0.252564
-0.265135
-0.277648
-0.290101
-0.302493
-0.314819
-0.327078
-0.339266
-0.351382
-0.363423
-0.375385
-0.387267
-0.399065
-0.410778
-0.422403
-0.433937
-0.445378
-0.456723
-0.467971
-0.479117
-0.490161
-0.501100
-0.511931
-0.522653
-0.533262
-0.543756
-0.554134
-0.564393
-0.574531
-0.584545
-0.594434
-0.604196
-0.613827
-0.623327
-0.632693
-0.641924
-0.651016
-0.659969
-0.668780
-0.677447
-0.685970
-0.694344
-0.702570
-0.710645
-0.718567
-0.726336
-0.733948
-0.741402
-0.748698
-0.755833
-0.762805
-0.769614
-0.776258
-0.782735
-0.789044
-0.795183
-0.801152
-0.806949
-0.812572
-0.818022
-0.823295
-0.828392
-0.833311
-0.838051
-0.842612
-0.846991
-0.851189
-0.855203
-0.859035
-0.862681
-0.866143
-0.869419
-0.872508
-0.875410
-0.878124
-0.880649
-0.882985
-0.885132
-0.887089
-0.888855
-0.890431
-0.891815
-0.893008
-0.894009
-0.894819
-0.895436
-0.895861
-0.896094
-0.896134
-0.895982
-0.895638
-0.895101
-0.894372
-0.893452
-0.892339
-0.891035
-0.889540
-0.887853
-0.885977
-0.883909
-0.881653
-0.879206
-0.876572
-0.873749
-0.870738
-0.867541
-0.864157
-0.860588
-0.856834
-0.852896
-0.848775
-0.844472
-0.839987
-0.835322
-0.830478
-0.825456
-0.820256
-0.814881
-0.809330
-0.803606
-0.797709
-0.791641
-0.785403
-0.778996
-0.772422
-0.765683
-0.758779
-0.751712
-0.744484
-0.737096
-0.729549
-0.721846
-0.713989
-0.705977
-0.697815
-0.689502
-0.681042
-0.672435
-0.663684
-0.654791
-0.645757
-0.636584
-0.627274
-0.617830
-0.608254
-0.598547
-0.588711
-0.578749
-0.568663
-0.558454
-0.548126
-0.537680
-0.527119
-0.516444
-0.505659
-0.494765
-0.483765
-0.472661
-0.461456
-0.450151
-0.438750
-0.427255
-0.415668
-0.403991
-0.392229
-0.380381
-0.368453
-0.356445
-0.344360
-0.332202
-0.319972
-0.307674
-0.295309
-0.282882
-0.270393
-0.257847
-0.245245
-0.232590
-0.219886
-0.207134
-0.194338
-0.181500
-0.168623
-0.155710
-0.142764
-0.129787
-0.116782
-0.103752
-0.090699
-0.077628
-0.064539
-0.051437
-0.038323
-0.025202
-0.012075
0.001055
0.014184
0.027310
0.040431
0.053542
0.066643
0.079729
0.092797
0.105846
0.118873
0.131873
0.144846
0.157787
0.170694
0.183565
0.196396
0.209186
0.221930
0.234626
0.247273
0.259866
0.272403
0.284882
0.297300
0.309654
0.321941
0.334160
0.346307
0.358379
0.370374
0.382290
0.394124
0.405873
0.417535
0.429108
0.440588
0.451974
0.463262
0.474452
0.485539
0.496522
0.507399
0.518167
0.528823
0.539366
0.549793
0.560102
0.570291
0.580358
0.590300
0.600115
0.609801
0.619357
0.628779
0.638067
0.647217
0.656229
0.665100
0.673827
0.682411
0.690848
0.699136
0.707275
0.715261
0.723094
0.730772
0.738293
0.745656
0.752858
0.759899
0.766777
0.773490
0.780037
0.786416
0.792627
0.798668
0.804537
0.810233
0.815756
0.821103
0.826275
0.831268
0.836084
0.840720
0.845175
0.849449
0.853541
0.857449
0.861173
0.864713
0.868067
0.871234
0.874215
0.877008
0.879612
0.882028
0.884254
0.886291
0.888137
0.889793
0.891257
0.892531
0.893613
0.894502
0.895200
0.895706
0.896020
0.896141
0.896069
0.895806
0.895350
0.894702
0.893862
0.892829
0.891606
0.890191
0.888584
0.886787
0.884800
0.882623
0.880256
0.877700
0.874956
0.872024
0.868905
0.865600
0.862108
0.858432
0.854571
0.850526
0.846300
0.841891
0.837302
0.832533
0.827585
0.822460
0.817143
0.811589
0.805741
0.799567
0.793049
0.786168
0.778908
0.771251
0.763183
0.754689
0.745756
0.736372
0.726524
0.716204
0.705403
0.694114
0.682330
0.670046
0.657260
0.643968
0.630172
0.615872
0.601069
0.585769
0.569976
0.553697
0.536940
0.519716
0.502034
0.483907
0.465349
0.446376
0.427003
0.407248
0.387129
0.366667
0.345882
0.324795
0.303429
0.281808
0.259956
0.237896
0.215655
0.193258
0.170731
0.148100
0.125391
0.102631
0.079846
0.057063
0.034307
0.011604
-0.011021
-0.033542
-0.055935
-0.078178
-0.100246
-0.122118
-0.143772
-0.165188
-0.186346
-0.207228
-0.227817
-0.248095
-0.268048
-0.287661
-0.306921
-0.325816
-0.344335
-0.362469
-0.380208
-0.397545
-0.414474
-0.430989
-0.447085
-0.462760
-0.478010
-0.492835
-0.507232
-0.521203
-0.534747
-0.547867
-0.560565
-0.572842
-0.584703
-0.596152
-0.607191
-0.617826
-0.628062
-0.637903
-0.647355
-0.656423
-0.665113
-0.673430
-0.681380
-0.688968
-0.696201
-0.703082
-0.709619
-0.715815
-0.721677
-0.727208
-0.732413
-0.737297
-0.741864
-0.746119
-0.750063
-0.753702
-0.757038
-0.760075
-0.762815
-0.765261
-0.767415
-0.769280
-0.770858
-0.772150
-0.773159
-0.773886
-0.774332
-0.774534
-0.774309
-0.772910
-0.769522
-0.763873
-0.755981
-0.745869
-0.733568
-0.719113
-0.702548
-0.683922
-0.663290
-0.640711
-0.616253
-0.589987
-0.561991
-0.532346
-0.501140
-0.468464
-0.434413
-0.399089
-0.362594
-0.325035
-0.286523
-0.247170
-0.207093
-0.166408
-0.125235
-0.083695
-0.041909
0.000000
##END
