##TITLE= Waveform for axisymmetric diffusion encoding. b_delta = -0.5
##JCAMP-DX= 5.00 Bruker JCAMP library
##DATA TYPE= Shape Data
##ORIGIN= Bruker Analytik GmbH
##OWNER= <nmrsu>
##DATE= 2018-12-04
##TIME= 11:33:24
##MINX= 0
##MAXX= 1
##MINY= 0
##MAXY= 1
##$SHAPE_EXMODE= Gradient
##$SHAPE_TOTROT= 0
##$SHAPE_BWFAC= 0
##$SHAPE_INTEGFAC= 0
##$SHAPE_MODE= 0
##BFACTOR=1001024731449726
##DURATION=0.01
##DIRECTIONVEC= 0 0 1
##NPOINTS=1000
##XYDATA= (T X Y Z)
0.000000 0.000000 0.000000
0.015866 0.000000 0.000000
0.031728 0.000000 0.000000
0.047582 0.000000 0.000000
0.063424 0.000000 0.000000
0.079250 0.000000 0.000000
0.095056 0.000000 0.000000
0.110838 0.000000 0.000000
0.126593 0.000000 0.000000
0.142315 0.000000 0.000000
0.158001 0.000000 0.000000
0.173648 0.000000 0.000000
0.189251 0.000000 0.000000
0.204807 0.000001 0.000000
0.220311 0.000001 0.000000
0.235759 0.000002 0.000000
0.251148 0.000003 0.000000
0.266474 0.000004 0.000000
0.281733 0.000005 0.000000
0.296920 0.000007 0.000000
0.312034 0.000010 0.000000
0.327068 0.000013 0.000000
0.342020 0.000017 0.000000
0.356886 0.000022 0.000000
0.371663 0.000029 0.000000
0.386345 0.000037 0.000000
0.400931 0.000046 0.000000
0.415415 0.000058 0.000000
0.429795 0.000072 0.000000
0.444067 0.000088 0.000000
0.458227 0.000108 0.000000
0.472271 0.000131 0.000000
0.486197 0.000158 0.000000
0.500000 0.000189 0.000000
0.513677 0.000225 0.000000
0.527226 0.000266 0.000000
0.540641 0.000314 0.000000
0.553920 0.000368 0.000000
0.567060 0.000430 0.000000
0.580057 0.000500 0.000000
0.592908 0.000579 0.000000
0.605610 0.000668 0.000000
0.618159 0.000767 0.000000
0.630552 0.000879 0.000000
0.642787 0.001003 0.000000
0.654860 0.001141 0.000000
0.666768 0.001294 0.000000
0.678509 0.001463 0.000000
0.690078 0.001650 0.000000
0.701474 0.001855 0.000000
0.712693 0.002080 0.000000
0.723732 0.002327 0.000000
0.734590 0.002596 0.000000
0.745262 0.002890 0.000000
0.755746 0.003211 0.000000
0.766041 0.003558 0.000000
0.776142 0.003935 0.000000
0.786047 0.004343 0.000000
0.795755 0.004784 0.000000
0.805262 0.005259 0.000000
0.814566 0.005771 0.000000
0.823665 0.006321 0.000000
0.832556 0.006912 0.000000
0.841237 0.007545 0.000000
0.849707 0.008222 0.000000
0.857961 0.008946 0.000000
0.865999 0.009718 0.000000
0.873819 0.010541 0.000000
0.881418 0.011417 0.000000
0.888795 0.012347 0.000000
0.895947 0.013335 0.000000
0.902872 0.014382 0.000000
0.909570 0.015490 0.000000
0.916037 0.016662 0.000000
0.922272 0.017901 0.000000
0.928274 0.019207 0.000000
0.934041 0.020584 0.000000
0.939571 0.022033 0.000000
0.944863 0.023557 0.000000
0.949914 0.025158 0.000000
0.954725 0.026838 0.000000
0.959293 0.028599 0.000000
0.963617 0.030443 0.000000
0.967695 0.032372 0.000000
0.971527 0.034389 0.000000
0.975111 0.036495 0.000000
0.978446 0.038691 0.000000
0.981531 0.040980 0.000000
0.984364 0.043364 0.000000
0.986945 0.045844 0.000000
0.989272 0.048422 0.000000
0.991346 0.051099 0.000000
0.993164 0.053876 0.000000
0.994726 0.056756 0.000000
0.996030 0.059738 0.000000
0.997078 0.062825 0.000000
0.997866 0.066017 0.000000
0.998395 0.069315 0.000000
0.998665 0.072720 0.000000
0.998674 0.076232 0.000000
0.998547 0.079855 0.000000
0.998300 0.083591 0.000000
0.997819 0.087437 0.000000
0.997106 0.091394 0.000000
0.996158 0.095462 0.000000
0.994977 0.099641 0.000000
0.993561 0.103932 0.000000
0.991911 0.108333 0.000000
0.990027 0.112846 0.000000
0.987908 0.117469 0.000000
0.985554 0.122201 0.000000
0.982966 0.127042 0.000000
0.980144 0.131992 0.000000
0.977088 0.137048 0.000000
0.973798 0.142210 0.000000
0.970276 0.147476 0.000000
0.966521 0.152845 0.000000
0.962534 0.158316 0.000000
0.958316 0.163886 0.000000
0.953867 0.169553 0.000000
0.949189 0.175315 0.000000
0.944282 0.181170 0.000000
0.939148 0.187116 0.000000
0.933787 0.193149 0.000000
0.928201 0.199267 0.000000
0.922391 0.205468 0.000000
0.916359 0.211748 0.000000
0.910105 0.218103 0.000000
0.903632 0.224532 0.000000
0.896941 0.231029 0.000000
0.890033 0.237591 0.000000
0.882912 0.244216 0.000000
0.875578 0.250898 0.000000
0.868033 0.257634 0.000000
0.860281 0.264419 0.000000
0.852322 0.271250 0.000000
0.844160 0.278123 0.000000
0.835797 0.285031 0.000000
0.827234 0.291972 0.000000
0.818476 0.298940 0.000000
0.809525 0.305931 0.000000
0.800383 0.312940 0.000000
0.791054 0.319961 0.000000
0.781540 0.326991 0.000000
0.771844 0.334023 0.000000
0.761971 0.341054 0.000000
0.751924 0.348077 0.000000
0.741705 0.355088 0.000000
0.731318 0.362081 0.000000
0.720768 0.369052 0.000000
0.710058 0.375994 0.000000
0.699192 0.382903 0.000000
0.688173 0.389774 0.000000
0.677007 0.396601 0.000000
0.665697 0.403379 0.000000
0.654248 0.410103 0.000000
0.642664 0.416767 0.000000
0.630950 0.423367 0.000000
0.619110 0.429898 0.000000
0.607150 0.436354 0.000000
0.595073 0.442730 0.000000
0.582886 0.449022 0.000000
0.570593 0.455225 0.000000
0.558199 0.461334 0.000000
0.545709 0.467345 0.000000
0.533130 0.473253 0.000000
0.520465 0.479053 0.000000
0.507722 0.484742 0.000000
0.494904 0.490315 0.000000
0.482019 0.495768 0.000000
0.469072 0.501098 0.000000
0.456068 0.506300 0.000000
0.443014 0.511372 0.000000
0.429915 0.516309 0.000000
0.416777 0.521108 0.000000
0.403607 0.525767 0.000000
0.390410 0.530283 0.000000
0.377193 0.534652 0.000000
0.363961 0.538872 0.000000
0.350722 0.542941 0.000000
0.337480 0.546858 0.000000
0.324243 0.550618 0.000000
0.311017 0.554223 0.000000
0.297807 0.557668 0.000000
0.284621 0.560954 0.000000
0.271464 0.564079 0.000000
0.258342 0.567042 0.000000
0.245263 0.569843 0.000000
0.232232 0.572481 0.000000
0.219255 0.574956 0.000000
0.206338 0.577267 0.000000
0.193488 0.579416 0.000000
0.180711 0.581402 0.000000
0.168012 0.583226 0.000000
0.155398 0.584889 0.000000
0.142875 0.586392 0.000000
0.130448 0.587736 0.000000
0.118123 0.588922 0.000000
0.105906 0.589953 0.000000
0.093803 0.590830 0.000000
0.081819 0.591556 0.000000
0.069959 0.592132 0.000000
0.058229 0.592561 0.000000
0.046633 0.592846 0.000000
0.035178 0.592990 0.000000
0.023868 0.592995 0.000000
0.012708 0.592865 0.000000
0.001702 0.592604 0.000000
-0.009144 0.592215 0.000000
-0.019826 0.591702 0.000000
-0.030341 0.591069 0.000000
-0.040683 0.590319 0.000000
-0.050849 0.589457 0.000000
-0.060835 0.588488 0.000000
-0.070638 0.587416 0.000000
-0.080252 0.586245 0.000000
-0.089676 0.584980 0.000000
-0.098906 0.583627 0.000000
-0.107939 0.582190 0.000000
-0.116771 0.580675 0.000000
-0.125401 0.579085 0.000000
-0.133826 0.577428 0.000000
-0.142043 0.575708 0.000000
-0.150049 0.573931 0.000000
-0.157844 0.572101 0.000000
-0.165425 0.570226 0.000000
-0.172791 0.568310 0.000000
-0.179940 0.566358 0.000000
-0.186870 0.564378 0.000000
-0.193581 0.562375 0.000000
-0.200072 0.560353 0.000000
-0.206342 0.558321 0.000000
-0.212390 0.556282 0.000000
-0.218216 0.554243 0.000000
-0.223819 0.552210 0.000000
-0.229201 0.550188 0.000000
-0.234361 0.548184 0.000000
-0.239299 0.546203 0.000000
-0.244015 0.544252 0.000000
-0.248512 0.542335 0.000000
-0.252788 0.540459 0.000000
-0.256846 0.538629 0.000000
-0.260687 0.536851 0.000000
-0.264312 0.535131 0.000000
-0.267723 0.533474 0.000000
-0.270922 0.531886 0.000000
-0.273909 0.530372 0.000000
-0.276689 0.528937 0.000000
-0.279262 0.527587 0.000000
-0.281631 0.526327 0.000000
-0.283896 0.525108 0.000000
-0.286156 0.523880 0.000000
-0.288411 0.522642 0.000000
-0.290661 0.521394 0.000000
-0.292905 0.520137 0.000000
-0.295144 0.518870 0.000000
-0.297377 0.517593 0.000000
-0.299605 0.516307 0.000000
-0.301827 0.515011 0.000000
-0.304043 0.513706 0.000000
-0.306254 0.512391 0.000000
-0.308459 0.511066 0.000000
-0.310659 0.509732 0.000000
-0.312852 0.508389 0.000000
-0.315040 0.507036 0.000000
-0.317222 0.505674 0.000000
-0.319398 0.504302 0.000000
-0.321569 0.502921 0.000000
-0.323733 0.501530 0.000000
-0.325891 0.500131 0.000000
-0.328043 0.498722 0.000000
-0.330189 0.497303 0.000000
-0.332329 0.495876 0.000000
-0.334463 0.494439 0.000000
-0.336591 0.492993 0.000000
-0.338712 0.491538 0.000000
-0.340827 0.490074 0.000000
-0.342936 0.488601 0.000000
-0.345038 0.487119 0.000000
-0.347134 0.485627 0.000000
-0.349223 0.484127 0.000000
-0.351306 0.482617 0.000000
-0.353383 0.481099 0.000000
-0.355453 0.479572 0.000000
-0.357516 0.478036 0.000000
-0.359573 0.476490 0.000000
-0.361623 0.474937 0.000000
-0.363666 0.473374 0.000000
-0.365702 0.471802 0.000000
-0.367732 0.470222 0.000000
-0.369755 0.468633 0.000000
-0.371771 0.467035 0.000000
-0.373780 0.465429 0.000000
-0.375782 0.463814 0.000000
-0.377778 0.462190 0.000000
-0.379766 0.460558 0.000000
-0.381747 0.458917 0.000000
-0.383721 0.457268 0.000000
-0.385688 0.455610 0.000000
-0.387648 0.453944 0.000000
-0.389600 0.452269 0.000000
-0.391546 0.450586 0.000000
-0.393484 0.448895 0.000000
-0.395414 0.447195 0.000000
-0.397338 0.445487 0.000000
-0.399254 0.443770 0.000000
-0.401162 0.442046 0.000000
-0.403064 0.440313 0.000000
-0.404957 0.438572 0.000000
-0.406843 0.436823 0.000000
-0.408722 0.435065 0.000000
-0.410593 0.433300 0.000000
-0.412456 0.431527 0.000000
-0.414312 0.429745 0.000000
-0.416160 0.427956 0.000000
-0.418001 0.426159 0.000000
-0.419833 0.424353 0.000000
-0.421658 0.422540 0.000000
-0.423475 0.420719 0.000000
-0.425284 0.418891 0.000000
-0.427085 0.417054 0.000000
-0.428878 0.415210 0.000000
-0.430664 0.413358 0.000000
-0.432441 0.411498 0.000000
-0.434210 0.409631 0.000000
-0.435971 0.407756 0.000000
-0.437724 0.405873 0.000000
-0.439469 0.403983 0.000000
-0.441206 0.402086 0.000000
-0.442935 0.400181 0.000000
-0.444655 0.398268 0.000000
-0.446367 0.396348 0.000000
-0.448071 0.394421 0.000000
-0.449766 0.392487 0.000000
-0.451454 0.390545 0.000000
-0.453132 0.388596 0.000000
-0.454803 0.386640 0.000000
-0.456465 0.384676 0.000000
-0.458118 0.382705 0.000000
-0.459763 0.380728 0.000000
-0.461399 0.378743 0.000000
-0.463027 0.376751 0.000000
-0.464646 0.374752 0.000000
-0.466257 0.372747 0.000000
-0.467859 0.370734 0.000000
-0.469452 0.368714 0.000000
-0.471037 0.366688 0.000000
-0.472613 0.364655 0.000000
-0.474180 0.362615 0.000000
-0.475738 0.360568 0.000000
-0.477287 0.358515 0.000000
-0.478828 0.356454 0.000000
-0.480359 0.354388 0.000000
-0.481882 0.352314 0.000000
-0.483396 0.350235 0.000000
-0.484900 0.348148 0.000000
-0.486396 0.346056 0.000000
-0.487883 0.343956 0.000000
-0.489361 0.341851 0.000000
-0.490829 0.339739 0.000000
-0.492289 0.337620 0.000000
-0.493739 0.335496 0.000000
-0.495180 0.333365 0.000000
-0.496612 0.331228 0.000000
-0.498035 0.329085 0.000000
-0.499448 0.326936 0.000000
-0.500852 0.324781 0.000000
-0.502247 0.322619 0.000000
-0.503633 0.320452 0.000000
-0.505009 0.318279 0.000000
-0.506376 0.316100 0.000000
-0.507734 0.313914 0.000000
-0.509082 0.311724 0.000000
-0.510420 0.309527 0.000000
-0.511749 0.307325 0.000000
-0.513069 0.305116 0.000000
-0.514379 0.302903 0.000000
-0.515679 0.300683 0.000000
-0.516970 0.298458 0.000000
-0.518252 0.296228 0.000000
-0.519523 0.293992 0.000000
-0.520785 0.291750 0.000000
-0.522038 0.289503 0.000000
-0.523281 0.287251 0.000000
-0.524514 0.284993 0.000000
-0.525737 0.282730 0.000000
-0.526950 0.280462 0.000000
-0.528154 0.278189 0.000000
-0.529348 0.275910 0.000000
-0.530532 0.273627 0.000000
-0.531706 0.271338 0.000000
-0.532870 0.269044 0.000000
-0.534025 0.266745 0.000000
-0.535169 0.264442 0.000000
-0.536304 0.262133 0.000000
-0.537429 0.259820 0.000000
-0.538543 0.257501 0.000000
-0.539648 0.255178 0.000000
-0.540742 0.252850 0.000000
-0.541827 0.250518 0.000000
-0.542902 0.248180 0.000000
-0.543966 0.245839 0.000000
-0.545020 0.243492 0.000000
-0.546065 0.241141 0.000000
-0.547099 0.238786 0.000000
-0.548123 0.236426 0.000000
-0.549136 0.234062 0.000000
-0.550140 0.231693 0.000000
-0.551133 0.229321 0.000000
-0.552116 0.226943 0.000000
-0.553089 0.224562 0.000000
-0.554052 0.222177 0.000000
-0.555004 0.219787 0.000000
-0.555946 0.217393 0.000000
-0.556877 0.214996 0.000000
-0.557799 0.212594 0.000000
-0.558710 0.210188 0.000000
-0.559610 0.207779 0.000000
-0.560500 0.205365 0.000000
-0.561380 0.202948 0.000000
-0.562250 0.200527 0.000000
-0.563108 0.198102 0.000000
-0.563957 0.195674 0.000000
-0.564795 0.193242 0.000000
-0.565622 0.190806 0.000000
-0.566439 0.188367 0.000000
-0.567246 0.185924 0.000000
-0.568042 0.183478 0.000000
-0.568827 0.181028 0.000000
-0.569602 0.178576 0.000000
-0.570366 0.176119 0.000000
-0.571120 0.173660 0.000000
-0.571863 0.171197 0.000000
-0.572595 0.168731 0.000000
-0.573317 0.166262 0.000000
-0.574028 0.163790 0.000000
-0.574729 0.161315 0.000000
-0.575419 0.158837 0.000000
-0.576098 0.156356 0.000000
-0.576766 0.153872 0.000000
-0.577424 0.151385 0.000000
-0.578071 0.148895 0.000000
-0.578707 0.146403 0.000000
-0.579333 0.143907 0.000000
-0.579947 0.141410 0.000000
-0.580551 0.138909 0.000000
-0.581145 0.136406 0.000000
-0.581727 0.133901 0.000000
-0.582299 0.131393 0.000000
-0.582859 0.128882 0.000000
-0.583409 0.126369 0.000000
-0.583949 0.123854 0.000000
-0.584477 0.121336 0.000000
-0.584994 0.118817 0.000000
-0.585501 0.116295 0.000000
-0.585997 0.113770 0.000000
-0.586481 0.111244 0.000000
-0.586955 0.108716 0.000000
-0.587418 0.106185 0.000000
-0.587870 0.103653 0.000000
-0.588312 0.101119 0.000000
-0.588742 0.098583 0.000000
-0.589161 0.096045 0.000000
-0.589570 0.093505 0.000000
-0.589967 0.090964 0.000000
-0.590354 0.088420 0.000000
-0.590729 0.085876 0.000000
-0.591094 0.083329 0.000000
-0.591447 0.080781 0.000000
-0.591790 0.078232 0.000000
-0.592122 0.075681 0.000000
-0.592442 0.073129 0.000000
-0.592752 0.070575 0.000000
-0.593051 0.068020 0.000000
-0.593338 0.065464 0.000000
-0.593615 0.062906 0.000000
-0.593880 0.060348 0.000000
-0.594135 0.057788 0.000000
-0.594378 0.055227 0.000000
-0.594611 0.052665 0.000000
-0.594832 0.050102 0.000000
-0.595043 0.047539 0.000000
-0.595242 0.044974 0.000000
-0.595430 0.042408 0.000000
-0.595607 0.039842 0.000000
-0.595774 0.037275 0.000000
-0.595929 0.034707 0.000000
-0.596073 0.032139 0.000000
-0.596206 0.029570 0.000000
-0.596328 0.027001 0.000000
-0.596438 0.024431 0.000000
-0.596538 0.021860 0.000000
-0.596627 0.019289 0.000000
-0.596704 0.016718 0.000000
-0.596771 0.014147 0.000000
-0.596826 0.011575 0.000000
-0.596871 0.009003 0.000000
-0.596904 0.006431 0.000000
-0.596926 0.003859 0.000000
-0.596937 0.001286 0.000000
-0.596937 -0.001286 0.000000
-0.596926 -0.003859 0.000000
-0.596904 -0.006431 0.000000
-0.596871 -0.009003 0.000000
-0.596826 -0.011575 0.000000
-0.596771 -0.014147 0.000000
-0.596704 -0.016718 0.000000
-0.596627 -0.019289 0.000000
-0.596538 -0.021860 0.000000
-0.596438 -0.024431 0.000000
-0.596328 -0.027001 0.000000
-0.596206 -0.029570 0.000000
-0.596073 -0.032139 0.000000
-0.595929 -0.034707 0.000000
-0.595774 -0.037275 0.000000
-0.595607 -0.039842 0.000000
-0.595430 -0.042408 0.000000
-0.595242 -0.044974 0.000000
-0.595043 -0.047539 0.000000
-0.594832 -0.050102 0.000000
-0.594611 -0.052665 0.000000
-0.594378 -0.055227 0.000000
-0.594135 -0.057788 0.000000
-0.593880 -0.060348 0.000000
-0.593615 -0.062906 0.000000
-0.593338 -0.065464 0.000000
-0.593051 -0.068020 0.000000
-0.592752 -0.070575 0.000000
-0.592442 -0.073129 0.000000
-0.592122 -0.075681 0.000000
-0.591790 -0.078232 0.000000
-0.591447 -0.080781 0.000000
-0.591094 -0.083329 0.000000
-0.590729 -0.085876 0.000000
-0.590354 -0.088420 0.000000
-0.589967 -0.090964 0.000000
-0.589570 -0.093505 0.000000
-0.589161 -0.096045 0.000000
-0.588742 -0.098583 0.000000
-0.588312 -0.101119 0.000000
-0.587870 -0.103653 0.000000
-0.587418 -0.106185 0.000000
-0.586955 -0.108716 0.000000
-0.586481 -0.111244 0.000000
-0.585997 -0.113770 0.000000
-0.585501 -0.116295 0.000000
-0.584994 -0.118817 0.000000
-0.584477 -0.121336 0.000000
-0.583949 -0.123854 0.000000
-0.583409 -0.126369 0.000000
-0.582859 -0.128882 0.000000
-0.582299 -0.131393 0.000000
-0.581727 -0.133901 0.000000
-0.581145 -0.136406 0.000000
-0.580551 -0.138909 0.000000
-0.579947 -0.141410 0.000000
-0.579333 -0.143907 0.000000
-0.578707 -0.146403 0.000000
-0.578071 -0.148895 0.000000
-0.577424 -0.151385 0.000000
-0.576766 -0.153872 0.000000
-0.576098 -0.156356 0.000000
-0.575419 -0.158837 0.000000
-0.574729 -0.161315 0.000000
-0.574028 -0.163790 0.000000
-0.573317 -0.166262 0.000000
-0.572595 -0.168731 0.000000
-0.571863 -0.171197 0.000000
-0.571120 -0.173660 0.000000
-0.570366 -0.176119 0.000000
-0.569602 -0.178576 0.000000
-0.568827 -0.181028 0.000000
-0.568042 -0.183478 0.000000
-0.567246 -0.185924 0.000000
-0.566439 -0.188367 0.000000
-0.565622 -0.190806 0.000000
-0.564795 -0.193242 0.000000
-0.563957 -0.195674 0.000000
-0.563108 -0.198102 0.000000
-0.562250 -0.200527 0.000000
-0.561380 -0.202948 0.000000
-0.560500 -0.205365 0.000000
-0.559610 -0.207779 0.000000
-0.558710 -0.210188 0.000000
-0.557799 -0.212594 0.000000
-0.556877 -0.214996 0.000000
-0.555946 -0.217393 0.000000
-0.555004 -0.219787 0.000000
-0.554052 -0.222177 0.000000
-0.553089 -0.224562 0.000000
-0.552116 -0.226943 0.000000
-0.551133 -0.229321 0.000000
-0.550140 -0.231693 0.000000
-0.549136 -0.234062 0.000000
-0.548123 -0.236426 0.000000
-0.547099 -0.238786 0.000000
-0.546065 -0.241141 0.000000
-0.545020 -0.243492 0.000000
-0.543966 -0.245839 0.000000
-0.542902 -0.248180 0.000000
-0.541827 -0.250518 0.000000
-0.540742 -0.252850 0.000000
-0.539648 -0.255178 0.000000
-0.538543 -0.257501 0.000000
-0.537429 -0.259820 0.000000
-0.536304 -0.262133 0.000000
-0.535169 -0.264442 0.000000
-0.534025 -0.266745 0.000000
-0.532870 -0.269044 0.000000
-0.531706 -0.271338 0.000000
-0.530532 -0.273627 0.000000
-0.529348 -0.275910 0.000000
-0.528154 -0.278189 0.000000
-0.526950 -0.280462 0.000000
-0.525737 -0.282730 0.000000
-0.524514 -0.284993 0.000000
-0.523281 -0.287251 0.000000
-0.522038 -0.289503 0.000000
-0.520785 -0.291750 0.000000
-0.519523 -0.293992 0.000000
-0.518252 -0.296228 0.000000
-0.516970 -0.298458 0.000000
-0.515679 -0.300683 0.000000
-0.514379 -0.302903 0.000000
-0.513069 -0.305116 0.000000
-0.511749 -0.307325 0.000000
-0.510420 -0.309527 0.000000
-0.509082 -0.311724 0.000000
-0.507734 -0.313914 0.000000
-0.506376 -0.316100 0.000000
-0.505009 -0.318279 0.000000
-0.503633 -0.320452 0.000000
-0.502247 -0.322619 0.000000
-0.500852 -0.324781 0.000000
-0.499448 -0.326936 0.000000
-0.498035 -0.329085 0.000000
-0.496612 -0.331228 0.000000
-0.495180 -0.333365 0.000000
-0.493739 -0.335496 0.000000
-0.492289 -0.337620 0.000000
-0.490829 -0.339739 0.000000
-0.489361 -0.341851 0.000000
-0.487883 -0.343956 0.000000
-0.486396 -0.346056 0.000000
-0.484900 -0.348148 0.000000
-0.483396 -0.350235 0.000000
-0.481882 -0.352314 0.000000
-0.480359 -0.354388 0.000000
-0.478828 -0.356454 0.000000
-0.477287 -0.358515 0.000000
-0.475738 -0.360568 0.000000
-0.474180 -0.362615 0.000000
-0.472613 -0.364655 0.000000
-0.471037 -0.366688 0.000000
-0.469452 -0.368714 0.000000
-0.467859 -0.370734 0.000000
-0.466257 -0.372747 0.000000
-0.464646 -0.374752 0.000000
-0.463027 -0.376751 0.000000
-0.461399 -0.378743 0.000000
-0.459763 -0.380728 0.000000
-0.458118 -0.382705 0.000000
-0.456465 -0.384676 0.000000
-0.454803 -0.386640 0.000000
-0.453132 -0.388596 0.000000
-0.451454 -0.390545 0.000000
-0.449766 -0.392487 0.000000
-0.448071 -0.394421 0.000000
-0.446367 -0.396348 0.000000
-0.444655 -0.398268 0.000000
-0.442935 -0.400181 0.000000
-0.441206 -0.402086 0.000000
-0.439469 -0.403983 0.000000
-0.437724 -0.405873 0.000000
-0.435971 -0.407756 0.000000
-0.434210 -0.409631 0.000000
-0.432441 -0.411498 0.000000
-0.430664 -0.413358 0.000000
-0.428878 -0.415210 0.000000
-0.427085 -0.417054 0.000000
-0.425284 -0.418891 0.000000
-0.423475 -0.420719 0.000000
-0.421658 -0.422540 0.000000
-0.419833 -0.424353 0.000000
-0.418001 -0.426159 0.000000
-0.416160 -0.427956 0.000000
-0.414312 -0.429745 0.000000
-0.412456 -0.431527 0.000000
-0.410593 -0.433300 0.000000
-0.408722 -0.435065 0.000000
-0.406843 -0.436823 0.000000
-0.404957 -0.438572 0.000000
-0.403064 -0.440313 0.000000
-0.401162 -0.442046 0.000000
-0.399254 -0.443770 0.000000
-0.397338 -0.445487 0.000000
-0.395414 -0.447195 0.000000
-0.393484 -0.448895 0.000000
-0.391546 -0.450586 0.000000
-0.389600 -0.452269 0.000000
-0.387648 -0.453944 0.000000
-0.385688 -0.455610 0.000000
-0.383721 -0.457268 0.000000
-0.381747 -0.458917 0.000000
-0.379766 -0.460558 0.000000
-0.377778 -0.462190 0.000000
-0.375782 -0.463814 0.000000
-0.373780 -0.465429 0.000000
-0.371771 -0.467035 0.000000
-0.369755 -0.468633 0.000000
-0.367732 -0.470222 0.000000
-0.365702 -0.471802 0.000000
-0.363666 -0.473374 0.000000
-0.361623 -0.474937 0.000000
-0.359573 -0.476490 0.000000
-0.357516 -0.478036 0.000000
-0.355453 -0.479572 0.000000
-0.353383 -0.481099 0.000000
-0.351306 -0.482617 0.000000
-0.349223 -0.484127 0.000000
-0.347134 -0.485627 0.000000
-0.345038 -0.487119 0.000000
-0.342936 -0.488601 0.000000
-0.340827 -0.490074 0.000000
-0.338712 -0.491538 0.000000
-0.336591 -0.492993 0.000000
-0.334463 -0.494439 0.000000
-0.332329 -0.495876 0.000000
-0.330189 -0.497303 0.000000
-0.328043 -0.498722 0.000000
-0.325891 -0.500131 0.000000
-0.323733 -0.501530 0.000000
-0.321569 -0.502921 0.000000
-0.319398 -0.504302 0.000000
-0.317222 -0.505674 0.000000
-0.315040 -0.507036 0.000000
-0.312852 -0.508389 0.000000
-0.310659 -0.509732 0.000000
-0.308459 -0.511066 0.000000
-0.306254 -0.512391 0.000000
-0.304043 -0.513706 0.000000
-0.301827 -0.515011 0.000000
-0.299605 -0.516307 0.000000
-0.297377 -0.517593 0.000000
-0.295144 -0.518870 0.000000
-0.292905 -0.520137 0.000000
-0.290661 -0.521394 0.000000
-0.288411 -0.522642 0.000000
-0.286156 -0.523880 0.000000
-0.283896 -0.525108 0.000000
-0.281631 -0.526327 0.000000
-0.279262 -0.527587 -0.000000
-0.276689 -0.528937 -0.000000
-0.273909 -0.530372 -0.000000
-0.270922 -0.531886 -0.000000
-0.267723 -0.533474 -0.000000
-0.264312 -0.535131 -0.000000
-0.260687 -0.536851 -0.000000
-0.256846 -0.538629 -0.000000
-0.252788 -0.540459 -0.000000
-0.248512 -0.542335 -0.000000
-0.244015 -0.544252 -0.000000
-0.239299 -0.546203 -0.000000
-0.234361 -0.548184 -0.000000
-0.229201 -0.550188 -0.000000
-0.223819 -0.552210 -0.000000
-0.218216 -0.554243 -0.000000
-0.212390 -0.556282 -0.000000
-0.206342 -0.558321 -0.000000
-0.200072 -0.560353 -0.000000
-0.193581 -0.562375 -0.000000
-0.186870 -0.564378 -0.000000
-0.179940 -0.566358 -0.000000
-0.172791 -0.568310 -0.000000
-0.165425 -0.570226 -0.000000
-0.157844 -0.572101 -0.000000
-0.150049 -0.573931 -0.000000
-0.142043 -0.575708 -0.000000
-0.133826 -0.577428 -0.000000
-0.125401 -0.579085 -0.000000
-0.116771 -0.580675 -0.000000
-0.107939 -0.582190 -0.000000
-0.098906 -0.583627 -0.000000
-0.089676 -0.584980 -0.000000
-0.080252 -0.586245 -0.000000
-0.070638 -0.587416 -0.000000
-0.060835 -0.588488 -0.000000
-0.050849 -0.589457 -0.000000
-0.040683 -0.590319 -0.000000
-0.030341 -0.591069 -0.000000
-0.019826 -0.591702 -0.000000
-0.009144 -0.592215 -0.000000
0.001702 -0.592604 -0.000000
0.012708 -0.592865 -0.000000
0.023868 -0.592995 -0.000000
0.035178 -0.592990 -0.000000
0.046633 -0.592846 -0.000000
0.058229 -0.592561 -0.000000
0.069959 -0.592132 -0.000000
0.081819 -0.591556 -0.000000
0.093803 -0.590830 -0.000000
0.105906 -0.589953 -0.000000
0.118123 -0.588922 -0.000000
0.130448 -0.587736 -0.000000
0.142875 -0.586392 -0.000000
0.155398 -0.584889 -0.000000
0.168012 -0.583226 -0.000000
0.180711 -0.581402 -0.000000
0.193488 -0.579416 -0.000000
0.206338 -0.577267 -0.000000
0.219255 -0.574956 -0.000000
0.232232 -0.572481 -0.000000
0.245263 -0.569843 -0.000000
0.258342 -0.567042 -0.000000
0.271464 -0.564079 -0.000000
0.284621 -0.560954 -0.000000
0.297807 -0.557668 -0.000000
0.311017 -0.554223 -0.000000
0.324243 -0.550618 -0.000000
0.337480 -0.546858 -0.000000
0.350722 -0.542941 -0.000000
0.363961 -0.538872 -0.000000
0.377193 -0.534652 -0.000000
0.390410 -0.530283 -0.000000
0.403607 -0.525767 -0.000000
0.416777 -0.521108 -0.000000
0.429915 -0.516309 -0.000000
0.443014 -0.511372 -0.000000
0.456068 -0.506300 -0.000000
0.469072 -0.501098 -0.000000
0.482019 -0.495768 -0.000000
0.494904 -0.490315 -0.000000
0.507722 -0.484742 -0.000000
0.520465 -0.479053 -0.000000
0.533130 -0.473253 -0.000000
0.545709 -0.467345 -0.000000
0.558199 -0.461334 -0.000000
0.570593 -0.455225 -0.000000
0.582886 -0.449022 -0.000000
0.595073 -0.442730 -0.000000
0.607150 -0.436354 -0.000000
0.619110 -0.429898 -0.000000
0.630950 -0.423367 -0.000000
0.642664 -0.416767 -0.000000
0.654248 -0.410103 -0.000000
0.665697 -0.403379 -0.000000
0.677007 -0.396601 -0.000000
0.688173 -0.389774 -0.000000
0.699192 -0.382903 -0.000000
0.710058 -0.375994 -0.000000
0.720768 -0.369052 -0.000000
0.731318 -0.362081 -0.000000
0.741705 -0.355088 -0.000000
0.751924 -0.348077 -0.000000
0.761971 -0.341054 -0.000000
0.771844 -0.334023 -0.000000
0.781540 -0.326991 -0.000000
0.791054 -0.319961 -0.000000
0.800383 -0.312940 -0.000000
0.809525 -0.305931 -0.000000
0.818476 -0.298940 -0.000000
0.827234 -0.291972 -0.000000
0.835797 -0.285031 -0.000000
0.844160 -0.278123 -0.000000
0.852322 -0.271250 -0.000000
0.860281 -0.264419 -0.000000
0.868033 -0.257634 -0.000000
0.875578 -0.250898 -0.000000
0.882912 -0.244216 -0.000000
0.890033 -0.237591 -0.000000
0.896941 -0.231029 -0.000000
0.903632 -0.224532 -0.000000
0.910105 -0.218103 -0.000000
0.916359 -0.211748 -0.000000
0.922391 -0.205468 -0.000000
0.928201 -0.199267 -0.000000
0.933787 -0.193149 -0.000000
0.939148 -0.187116 -0.000000
0.944282 -0.181170 -0.000000
0.949189 -0.175315 -0.000000
0.953867 -0.169553 -0.000000
0.958316 -0.163886 -0.000000
0.962534 -0.158316 -0.000000
0.966521 -0.152845 -0.000000
0.970276 -0.147476 -0.000000
0.973798 -0.142210 -0.000000
0.977088 -0.137048 -0.000000
0.980144 -0.131992 -0.000000
0.982966 -0.127042 -0.000000
0.985554 -0.122201 -0.000000
0.987908 -0.117469 -0.000000
0.990027 -0.112846 -0.000000
0.991911 -0.108333 -0.000000
0.993561 -0.103932 -0.000000
0.994977 -0.099641 -0.000000
0.996158 -0.095462 -0.000000
0.997106 -0.091394 -0.000000
0.997819 -0.087437 -0.000000
0.998300 -0.083591 -0.000000
0.998547 -0.079855 -0.000000
0.998674 -0.076232 -0.000000
0.998665 -0.072720 -0.000000
0.998395 -0.069315 -0.000000
0.997866 -0.066017 -0.000000
0.997078 -0.062825 -0.000000
0.996030 -0.059738 -0.000000
0.994726 -0.056756 -0.000000
0.993164 -0.053876 -0.000000
0.991346 -0.051099 -0.000000
0.989272 -0.048422 -0.000000
0.986945 -0.045844 -0.000000
0.984364 -0.043364 -0.000000
0.981531 -0.040980 -0.000000
0.978446 -0.038691 -0.000000
0.975111 -0.036495 -0.000000
0.971527 -0.034389 -0.000000
0.967695 -0.032372 -0.000000
0.963617 -0.030443 -0.000000
0.959293 -0.028599 -0.000000
0.954725 -0.026838 -0.000000
0.949914 -0.025158 -0.000000
0.944863 -0.023557 -0.000000
0.939571 -0.022033 -0.000000
0.934041 -0.020584 -0.000000
0.928274 -0.019207 -0.000000
0.922272 -0.017901 -0.000000
0.916037 -0.016662 -0.000000
0.909570 -0.015490 -0.000000
0.902872 -0.014382 -0.000000
0.895947 -0.013335 -0.000000
0.888795 -0.012347 -0.000000
0.881418 -0.011417 -0.000000
0.873819 -0.010541 -0.000000
0.865999 -0.009718 -0.000000
0.857961 -0.008946 -0.000000
0.849707 -0.008222 -0.000000
0.841237 -0.007545 -0.000000
0.832556 -0.006912 -0.000000
0.823665 -0.006321 -0.000000
0.814566 -0.005771 -0.000000
0.805262 -0.005259 -0.000000
0.795755 -0.004784 -0.000000
0.786047 -0.004343 -0.000000
0.776142 -0.003935 -0.000000
0.766041 -0.003558 -0.000000
0.755746 -0.003211 -0.000000
0.745262 -0.002890 -0.000000
0.734590 -0.002596 -0.000000
0.723732 -0.002327 -0.000000
0.712693 -0.002080 -0.000000
0.701474 -0.001855 -0.000000
0.690078 -0.001650 -0.000000
0.678509 -0.001463 -0.000000
0.666768 -0.001294 -0.000000
0.654860 -0.001141 -0.000000
0.642787 -0.001003 -0.000000
0.630552 -0.000879 -0.000000
0.618159 -0.000767 -0.000000
0.605610 -0.000668 -0.000000
0.592908 -0.000579 -0.000000
0.580057 -0.000500 -0.000000
0.567060 -0.000430 -0.000000
0.553920 -0.000368 -0.000000
0.540641 -0.000314 -0.000000
0.527226 -0.000266 -0.000000
0.513677 -0.000225 -0.000000
0.500000 -0.000189 -0.000000
0.486197 -0.000158 -0.000000
0.472271 -0.000131 -0.000000
0.458227 -0.000108 -0.000000
0.444067 -0.000088 -0.000000
0.429795 -0.000072 -0.000000
0.415415 -0.000058 -0.000000
0.400931 -0.000046 -0.000000
0.386345 -0.000037 -0.000000
0.371663 -0.000029 -0.000000
0.356886 -0.000022 -0.000000
0.342020 -0.000017 -0.000000
0.327068 -0.000013 -0.000000
0.312034 -0.000010 -0.000000
0.296920 -0.000007 -0.000000
0.281733 -0.000005 -0.000000
0.266474 -0.000004 -0.000000
0.251148 -0.000003 -0.000000
0.235759 -0.000002 -0.000000
0.220311 -0.000001 -0.000000
0.204807 -0.000001 -0.000000
0.189251 -0.000000 -0.000000
0.173648 -0.000000 -0.000000
0.158001 -0.000000 -0.000000
0.142315 -0.000000 -0.000000
0.126593 -0.000000 -0.000000
0.110838 -0.000000 -0.000000
0.095056 -0.000000 -0.000000
0.079250 -0.000000 -0.000000
0.063424 -0.000000 -0.000000
0.047582 -0.000000 -0.000000
0.031728 -0.000000 -0.000000
0.015866 -0.000000 -0.000000
0.000000 0.000000 0.000000
##END
