##TITLE= Waveform for axisymmetric diffusion encoding. b_delta = 1
##JCAMP-DX= 5.00 Bruker JCAMP library
##DATA TYPE= Shape Data
##ORIGIN= Bruker Analytik GmbH
##OWNER= <nmrsu>
##DATE= 2018-12-04
##TIME= 11:34:22
##MINX= 0
##MAXX= 1
##MINY= 0
##MAXY= 1
##$SHAPE_EXMODE= Gradient
##$SHAPE_TOTROT= 0
##$SHAPE_BWFAC= 0
##$SHAPE_INTEGFAC= 0
##$SHAPE_MODE= 0
##BFACTOR=1001024731449726
##DURATION=0.01
##DIRECTIONVEC= 0 0 1
##NPOINTS=1000
##XYDATA= (T X Y Z)
0.000000 0.000000 0.000000
0.000000 0.000000 0.015866
0.000000 0.000000 0.031728
0.000000 0.000000 0.047582
0.000000 0.000000 0.063424
0.000000 0.000000 0.079250
0.000000 0.000000 0.095056
0.000000 0.000000 0.110838
0.000000 0.000000 0.126592
0.000000 0.000000 0.142315
0.000000 0.000000 0.158001
0.000000 0.000000 0.173648
0.000000 0.000000 0.189251
0.000000 0.000000 0.204807
0.000000 0.000000 0.220311
0.000000 0.000000 0.235759
0.000000 0.000000 0.251148
0.000000 0.000000 0.266474
0.000000 0.000000 0.281733
0.000000 0.000000 0.296920
0.000000 0.000000 0.312033
0.000000 0.000000 0.327068
0.000000 0.000000 0.342020
0.000000 0.000000 0.356886
0.000000 0.000000 0.371662
0.000000 0.000000 0.386345
0.000000 0.000000 0.400931
0.000000 0.000000 0.415415
0.000000 0.000000 0.429795
0.000000 0.000000 0.444067
0.000000 0.000000 0.458227
0.000000 0.000000 0.472271
0.000000 0.000000 0.486197
0.000000 0.000000 0.500000
0.000000 0.000000 0.513677
0.000000 0.000000 0.527225
0.000000 0.000000 0.540641
0.000000 0.000000 0.553920
0.000000 0.000000 0.567060
0.000000 0.000000 0.580057
0.000000 0.000000 0.592908
0.000000 0.000000 0.605610
0.000000 0.000000 0.618159
0.000000 0.000000 0.630553
0.000000 0.000000 0.642788
0.000000 0.000000 0.654861
0.000000 0.000000 0.666769
0.000000 0.000000 0.678509
0.000000 0.000000 0.690079
0.000000 0.000000 0.701475
0.000000 0.000000 0.712694
0.000000 0.000000 0.723734
0.000000 0.000000 0.734592
0.000000 0.000000 0.745264
0.000000 0.000000 0.755750
0.000000 0.000000 0.766044
0.000000 0.000000 0.776146
0.000000 0.000000 0.786053
0.000000 0.000000 0.795762
0.000000 0.000000 0.805270
0.000000 0.000000 0.814576
0.000000 0.000000 0.823677
0.000000 0.000000 0.832570
0.000000 0.000000 0.841254
0.000000 0.000000 0.849725
0.000000 0.000000 0.857983
0.000000 0.000000 0.866025
0.000000 0.000000 0.873849
0.000000 0.000000 0.881453
0.000000 0.000000 0.888835
0.000000 0.000000 0.895994
0.000000 0.000000 0.902927
0.000000 0.000000 0.909632
0.000000 0.000000 0.916108
0.000000 0.000000 0.922354
0.000000 0.000000 0.928368
0.000000 0.000000 0.934148
0.000000 0.000000 0.939693
0.000000 0.000000 0.945001
0.000000 0.000000 0.950071
0.000000 0.000000 0.954902
0.000000 0.000000 0.959493
0.000000 0.000000 0.963842
0.000000 0.000000 0.967949
0.000000 0.000000 0.971812
0.000000 0.000000 0.975430
0.000000 0.000000 0.978802
0.000000 0.000000 0.981929
0.000000 0.000000 0.984808
0.000000 0.000000 0.987439
0.000000 0.000000 0.989821
0.000000 0.000000 0.991955
0.000000 0.000000 0.993838
0.000000 0.000000 0.995472
0.000000 0.000000 0.996855
0.000000 0.000000 0.997987
0.000000 0.000000 0.998867
0.000000 0.000000 0.999497
0.000000 0.000000 0.999874
0.000000 0.000000 1.000000
0.000000 0.000000 1.000000
0.000000 0.000000 0.999889
0.000000 0.000000 0.999556
0.000000 0.000000 0.999000
0.000000 0.000000 0.998223
0.000000 0.000000 0.997224
0.000000 0.000000 0.996004
0.000000 0.000000 0.994564
0.000000 0.000000 0.992904
0.000000 0.000000 0.991025
0.000000 0.000000 0.988927
0.000000 0.000000 0.986612
0.000000 0.000000 0.984081
0.000000 0.000000 0.981335
0.000000 0.000000 0.978374
0.000000 0.000000 0.975201
0.000000 0.000000 0.971817
0.000000 0.000000 0.968223
0.000000 0.000000 0.964421
0.000000 0.000000 0.960412
0.000000 0.000000 0.956199
0.000000 0.000000 0.951783
0.000000 0.000000 0.947166
0.000000 0.000000 0.942351
0.000000 0.000000 0.937338
0.000000 0.000000 0.932132
0.000000 0.000000 0.926733
0.000000 0.000000 0.921144
0.000000 0.000000 0.915368
0.000000 0.000000 0.909408
0.000000 0.000000 0.903266
0.000000 0.000000 0.896944
0.000000 0.000000 0.890446
0.000000 0.000000 0.883774
0.000000 0.000000 0.876932
0.000000 0.000000 0.869922
0.000000 0.000000 0.862748
0.000000 0.000000 0.855412
0.000000 0.000000 0.847919
0.000000 0.000000 0.840270
0.000000 0.000000 0.832471
0.000000 0.000000 0.824524
0.000000 0.000000 0.816432
0.000000 0.000000 0.808200
0.000000 0.000000 0.799831
0.000000 0.000000 0.791328
0.000000 0.000000 0.782696
0.000000 0.000000 0.773938
0.000000 0.000000 0.765059
0.000000 0.000000 0.756062
0.000000 0.000000 0.746951
0.000000 0.000000 0.737730
0.000000 0.000000 0.728403
0.000000 0.000000 0.718975
0.000000 0.000000 0.709450
0.000000 0.000000 0.699831
0.000000 0.000000 0.690124
0.000000 0.000000 0.680332
0.000000 0.000000 0.670460
0.000000 0.000000 0.660512
0.000000 0.000000 0.650493
0.000000 0.000000 0.640406
0.000000 0.000000 0.630258
0.000000 0.000000 0.620051
0.000000 0.000000 0.609792
0.000000 0.000000 0.599483
0.000000 0.000000 0.589130
0.000000 0.000000 0.578738
0.000000 0.000000 0.568310
0.000000 0.000000 0.557853
0.000000 0.000000 0.547369
0.000000 0.000000 0.536864
0.000000 0.000000 0.526343
0.000000 0.000000 0.515811
0.000000 0.000000 0.505271
0.000000 0.000000 0.494729
0.000000 0.000000 0.484189
0.000000 0.000000 0.473657
0.000000 0.000000 0.463136
0.000000 0.000000 0.452631
0.000000 0.000000 0.442147
0.000000 0.000000 0.431690
0.000000 0.000000 0.421262
0.000000 0.000000 0.410870
0.000000 0.000000 0.400517
0.000000 0.000000 0.390208
0.000000 0.000000 0.379949
0.000000 0.000000 0.369742
0.000000 0.000000 0.359594
0.000000 0.000000 0.349507
0.000000 0.000000 0.339488
0.000000 0.000000 0.329540
0.000000 0.000000 0.319668
0.000000 0.000000 0.309876
0.000000 0.000000 0.300169
0.000000 0.000000 0.290550
0.000000 0.000000 0.281025
0.000000 0.000000 0.271597
0.000000 0.000000 0.262270
0.000000 0.000000 0.253049
0.000000 0.000000 0.243938
0.000000 0.000000 0.234941
0.000000 0.000000 0.226062
0.000000 0.000000 0.217304
0.000000 0.000000 0.208672
0.000000 0.000000 0.200169
0.000000 0.000000 0.191800
0.000000 0.000000 0.183568
0.000000 0.000000 0.175476
0.000000 0.000000 0.167529
0.000000 0.000000 0.159730
0.000000 0.000000 0.152081
0.000000 0.000000 0.144588
0.000000 0.000000 0.137252
0.000000 0.000000 0.130078
0.000000 0.000000 0.123068
0.000000 0.000000 0.116226
0.000000 0.000000 0.109554
0.000000 0.000000 0.103056
0.000000 0.000000 0.096734
0.000000 0.000000 0.090592
0.000000 0.000000 0.084632
0.000000 0.000000 0.078856
0.000000 0.000000 0.073267
0.000000 0.000000 0.067868
0.000000 0.000000 0.062662
0.000000 0.000000 0.057649
0.000000 0.000000 0.052834
0.000000 0.000000 0.048217
0.000000 0.000000 0.043801
0.000000 0.000000 0.039588
0.000000 0.000000 0.035579
0.000000 0.000000 0.031777
0.000000 0.000000 0.028183
0.000000 0.000000 0.024799
0.000000 0.000000 0.021626
0.000000 0.000000 0.018665
0.000000 0.000000 0.015919
0.000000 0.000000 0.013388
0.000000 0.000000 0.011073
0.000000 0.000000 0.008975
0.000000 0.000000 0.007096
0.000000 0.000000 0.005436
0.000000 0.000000 0.003996
0.000000 0.000000 0.002776
0.000000 0.000000 0.001777
0.000000 0.000000 0.001000
0.000000 0.000000 0.000444
0.000000 0.000000 0.000111
0.000000 0.000000 0.000000
0.000000 0.000000 0.000000
0.000000 0.000000 0.000000
0.000000 0.000000 0.000000
0.000000 0.000000 0.000000
0.000000 0.000000 0.000000
0.000000 0.000000 0.000000
0.000000 0.000000 0.000000
0.000000 0.000000 0.000000
0.000000 0.000000 0.000000
0.000000 0.000000 0.000000
0.000000 0.000000 0.000000
0.000000 0.000000 0.000000
0.000000 0.000000 0.000000
0.000000 0.000000 0.000000
0.000000 0.000000 0.000000
0.000000 0.000000 0.000000
0.000000 0.000000 0.000000
0.000000 0.000000 0.000000
0.000000 0.000000 0.000000
0.000000 0.000000 0.000000
0.000000 0.000000 0.000000
0.000000 0.000000 0.000000
0.000000 0.000000 0.000000
0.000000 0.000000 0.000000
0.000000 0.000000 0.000000
0.000000 0.000000 0.000000
0.000000 0.000000 0.000000
0.000000 0.000000 0.000000
0.000000 0.000000 0.000000
0.000000 0.000000 0.000000
0.000000 0.000000 0.000000
0.000000 0.000000 0.000000
0.000000 0.000000 0.000000
0.000000 0.000000 0.000000
0.000000 0.000000 0.000000
0.000000 0.000000 0.000000
0.000000 0.000000 0.000000
0.000000 0.000000 0.000000
0.000000 0.000000 0.000000
0.000000 0.000000 0.000000
0.000000 0.000000 0.000000
0.000000 0.000000 0.000000
0.000000 0.000000 0.000000
0.000000 0.000000 0.000000
0.000000 0.000000 0.000000
0.000000 0.000000 0.000000
0.000000 0.000000 0.000000
0.000000 0.000000 0.000000
0.000000 0.000000 0.000000
0.000000 0.000000 0.000000
0.000000 0.000000 0.000000
0.000000 0.000000 0.000000
0.000000 0.000000 0.000000
0.000000 0.000000 0.000000
0.000000 0.000000 0.000000
0.000000 0.000000 0.000000
0.000000 0.000000 0.000000
0.000000 0.000000 0.000000
0.000000 0.000000 0.000000
0.000000 0.000000 0.000000
0.000000 0.000000 0.000000
0.000000 0.000000 0.000000
0.000000 0.000000 0.000000
0.000000 0.000000 0.000000
0.000000 0.000000 0.000000
0.000000 0.000000 0.000000
0.000000 0.000000 0.000000
0.000000 0.000000 0.000000
0.000000 0.000000 0.000000
0.000000 0.000000 0.000000
0.000000 0.000000 0.000000
0.000000 0.000000 0.000000
0.000000 0.000000 0.000000
0.000000 0.000000 0.000000
0.000000 0.000000 0.000000
0.000000 0.000000 0.000000
0.000000 0.000000 0.000000
0.000000 0.000000 0.000000
0.000000 0.000000 0.000000
0.000000 0.000000 0.000000
0.000000 0.000000 0.000000
0.000000 0.000000 0.000000
0.000000 0.000000 0.000000
0.000000 0.000000 0.000000
0.000000 0.000000 0.000000
0.000000 0.000000 0.000000
0.000000 0.000000 0.000000
0.000000 0.000000 0.000000
0.000000 0.000000 0.000000
0.000000 0.000000 0.000000
0.000000 0.000000 0.000000
0.000000 0.000000 0.000000
0.000000 0.000000 0.000000
0.000000 0.000000 0.000000
0.000000 0.000000 0.000000
0.000000 0.000000 0.000000
0.000000 0.000000 0.000000
0.000000 0.000000 0.000000
0.000000 0.000000 0.000000
0.000000 0.000000 0.000000
0.000000 0.000000 0.000000
0.000000 0.000000 0.000000
0.000000 0.000000 0.000000
0.000000 0.000000 0.000000
0.000000 0.000000 0.000000
0.000000 0.000000 0.000000
0.000000 0.000000 0.000000
0.000000 0.000000 0.000000
0.000000 0.000000 0.000000
0.000000 0.000000 0.000000
0.000000 0.000000 0.000000
0.000000 0.000000 0.000000
0.000000 0.000000 0.000000
0.000000 0.000000 0.000000
0.000000 0.000000 0.000000
0.000000 0.000000 0.000000
0.000000 0.000000 0.000000
0.000000 0.000000 0.000000
0.000000 0.000000 0.000000
0.000000 0.000000 0.000000
0.000000 0.000000 0.000000
0.000000 0.000000 0.000000
0.000000 0.000000 0.000000
0.000000 0.000000 0.000000
0.000000 0.000000 0.000000
0.000000 0.000000 0.000000
0.000000 0.000000 0.000000
0.000000 0.000000 0.000000
0.000000 0.000000 0.000000
0.000000 0.000000 0.000000
0.000000 0.000000 0.000000
0.000000 0.000000 0.000000
0.000000 0.000000 0.000000
0.000000 0.000000 0.000000
0.000000 0.000000 0.000000
0.000000 0.000000 0.000000
0.000000 0.000000 0.000000
0.000000 0.000000 0.000000
0.000000 0.000000 0.000000
0.000000 0.000000 0.000000
0.000000 0.000000 0.000000
0.000000 0.000000 0.000000
0.000000 0.000000 0.000000
0.000000 0.000000 0.000000
0.000000 0.000000 0.000000
0.000000 0.000000 0.000000
0.000000 0.000000 0.000000
0.000000 0.000000 0.000000
0.000000 0.000000 0.000000
0.000000 0.000000 0.000000
0.000000 0.000000 0.000000
0.000000 0.000000 0.000000
0.000000 0.000000 0.000000
0.000000 0.000000 0.000000
0.000000 0.000000 0.000000
0.000000 0.000000 0.000000
0.000000 0.000000 0.000000
0.000000 0.000000 0.000000
0.000000 0.000000 0.000000
0.000000 0.000000 0.000000
0.000000 0.000000 0.000000
0.000000 0.000000 0.000000
0.000000 0.000000 0.000000
0.000000 0.000000 0.000000
0.000000 0.000000 0.000000
0.000000 0.000000 0.000000
0.000000 0.000000 0.000000
0.000000 0.000000 0.000000
0.000000 0.000000 0.000000
0.000000 0.000000 0.000000
0.000000 0.000000 0.000000
0.000000 0.000000 0.000000
0.000000 0.000000 0.000000
0.000000 0.000000 0.000000
0.000000 0.000000 0.000000
0.000000 0.000000 0.000000
0.000000 0.000000 0.000000
0.000000 0.000000 0.000000
0.000000 0.000000 0.000000
0.000000 0.000000 0.000000
0.000000 0.000000 0.000000
0.000000 0.000000 0.000000
0.000000 0.000000 0.000000
0.000000 0.000000 0.000000
0.000000 0.000000 0.000000
0.000000 0.000000 0.000000
0.000000 0.000000 0.000000
0.000000 0.000000 0.000000
0.000000 0.000000 0.000000
0.000000 0.000000 0.000000
0.000000 0.000000 0.000000
0.000000 0.000000 0.000000
0.000000 0.000000 0.000000
0.000000 0.000000 0.000000
0.000000 0.000000 0.000000
0.000000 0.000000 0.000000
0.000000 0.000000 0.000000
0.000000 0.000000 0.000000
0.000000 0.000000 0.000000
0.000000 0.000000 0.000000
0.000000 0.000000 0.000000
0.000000 0.000000 0.000000
0.000000 0.000000 0.000000
0.000000 0.000000 0.000000
0.000000 0.000000 0.000000
0.000000 0.000000 0.000000
0.000000 0.000000 0.000000
0.000000 0.000000 0.000000
0.000000 0.000000 0.000000
0.000000 0.000000 0.000000
0.000000 0.000000 0.000000
0.000000 0.000000 0.000000
0.000000 0.000000 0.000000
0.000000 0.000000 0.000000
0.000000 0.000000 0.000000
0.000000 0.000000 0.000000
0.000000 0.000000 0.000000
0.000000 0.000000 0.000000
0.000000 0.000000 0.000000
0.000000 0.000000 0.000000
0.000000 0.000000 0.000000
0.000000 0.000000 0.000000
0.000000 0.000000 0.000000
0.000000 0.000000 0.000000
0.000000 0.000000 0.000000
0.000000 0.000000 0.000000
0.000000 0.000000 0.000000
0.000000 0.000000 0.000000
0.000000 0.000000 0.000000
0.000000 0.000000 0.000000
0.000000 0.000000 0.000000
0.000000 0.000000 0.000000
0.000000 0.000000 0.000000
0.000000 0.000000 0.000000
0.000000 0.000000 0.000000
0.000000 0.000000 0.000000
0.000000 0.000000 0.000000
0.000000 0.000000 0.000000
0.000000 0.000000 0.000000
0.000000 0.000000 0.000000
0.000000 0.000000 0.000000
0.000000 0.000000 0.000000
0.000000 0.000000 0.000000
0.000000 0.000000 0.000000
0.000000 0.000000 0.000000
0.000000 0.000000 0.000000
0.000000 0.000000 0.000000
0.000000 0.000000 0.000000
0.000000 0.000000 0.000000
0.000000 0.000000 0.000000
0.000000 0.000000 0.000000
0.000000 0.000000 0.000000
0.000000 0.000000 0.000000
0.000000 0.000000 0.000000
0.000000 0.000000 0.000000
0.000000 0.000000 0.000000
0.000000 0.000000 0.000000
0.000000 0.000000 0.000000
0.000000 0.000000 0.000000
0.000000 0.000000 0.000000
0.000000 0.000000 0.000000
0.000000 0.000000 0.000000
0.000000 0.000000 0.000000
0.000000 0.000000 0.000000
0.000000 0.000000 0.000000
0.000000 0.000000 0.000000
0.000000 0.000000 0.000000
0.000000 0.000000 0.000000
0.000000 0.000000 0.000000
0.000000 0.000000 0.000000
0.000000 0.000000 0.000000
0.000000 0.000000 0.000000
0.000000 0.000000 0.000000
0.000000 0.000000 0.000000
0.000000 0.000000 0.000000
0.000000 0.000000 0.000000
0.000000 0.000000 0.000000
0.000000 0.000000 0.000000
0.000000 0.000000 0.000000
0.000000 0.000000 0.000000
0.000000 0.000000 0.000000
0.000000 0.000000 0.000000
0.000000 0.000000 0.000000
0.000000 0.000000 0.000000
0.000000 0.000000 0.000000
0.000000 0.000000 0.000000
0.000000 0.000000 0.000000
0.000000 0.000000 0.000000
0.000000 0.000000 0.000000
0.000000 0.000000 0.000000
0.000000 0.000000 0.000000
0.000000 0.000000 0.000000
0.000000 0.000000 0.000000
0.000000 0.000000 0.000000
0.000000 0.000000 0.000000
0.000000 0.000000 0.000000
0.000000 0.000000 0.000000
0.000000 0.000000 0.000000
0.000000 0.000000 0.000000
0.000000 0.000000 0.000000
0.000000 0.000000 0.000000
0.000000 0.000000 0.000000
0.000000 0.000000 0.000000
0.000000 0.000000 0.000000
0.000000 0.000000 0.000000
0.000000 0.000000 0.000000
0.000000 0.000000 0.000000
0.000000 0.000000 0.000000
0.000000 0.000000 0.000000
0.000000 0.000000 0.000000
0.000000 0.000000 0.000000
0.000000 0.000000 0.000000
0.000000 0.000000 0.000000
0.000000 0.000000 0.000000
0.000000 0.000000 0.000000
0.000000 0.000000 0.000000
0.000000 0.000000 0.000000
0.000000 0.000000 0.000000
0.000000 0.000000 0.000000
0.000000 0.000000 0.000000
0.000000 0.000000 0.000000
0.000000 0.000000 0.000000
0.000000 0.000000 0.000000
0.000000 0.000000 0.000000
0.000000 0.000000 0.000000
0.000000 0.000000 0.000000
0.000000 0.000000 0.000000
0.000000 0.000000 0.000000
0.000000 0.000000 0.000000
0.000000 0.000000 0.000000
0.000000 0.000000 0.000000
0.000000 0.000000 0.000000
0.000000 0.000000 0.000000
0.000000 0.000000 0.000000
0.000000 0.000000 0.000000
0.000000 0.000000 0.000000
0.000000 0.000000 0.000000
0.000000 0.000000 0.000000
0.000000 0.000000 0.000000
0.000000 0.000000 0.000000
0.000000 0.000000 0.000000
0.000000 0.000000 0.000000
0.000000 0.000000 0.000000
0.000000 0.000000 0.000000
0.000000 0.000000 0.000000
0.000000 0.000000 0.000000
0.000000 0.000000 0.000000
0.000000 0.000000 0.000000
0.000000 0.000000 0.000000
0.000000 0.000000 0.000000
0.000000 0.000000 0.000000
0.000000 0.000000 0.000000
0.000000 0.000000 0.000000
0.000000 0.000000 0.000000
0.000000 0.000000 0.000000
0.000000 0.000000 0.000000
0.000000 0.000000 0.000000
0.000000 0.000000 0.000000
0.000000 0.000000 0.000000
0.000000 0.000000 0.000000
0.000000 0.000000 0.000000
0.000000 0.000000 0.000000
0.000000 0.000000 0.000000
0.000000 0.000000 0.000000
0.000000 0.000000 0.000000
0.000000 0.000000 0.000000
0.000000 0.000000 0.000000
0.000000 0.000000 0.000000
0.000000 0.000000 0.000000
0.000000 0.000000 0.000000
0.000000 0.000000 0.000000
0.000000 0.000000 0.000000
0.000000 0.000000 0.000000
0.000000 0.000000 0.000000
0.000000 0.000000 0.000000
0.000000 0.000000 0.000000
0.000000 0.000000 0.000000
0.000000 0.000000 0.000000
0.000000 0.000000 0.000000
0.000000 0.000000 0.000000
0.000000 0.000000 0.000000
0.000000 0.000000 0.000000
0.000000 0.000000 0.000000
0.000000 0.000000 0.000000
0.000000 0.000000 0.000000
0.000000 0.000000 0.000000
0.000000 0.000000 0.000000
0.000000 0.000000 0.000000
0.000000 0.000000 0.000000
0.000000 0.000000 0.000000
0.000000 0.000000 0.000000
0.000000 0.000000 0.000000
0.000000 0.000000 0.000000
0.000000 0.000000 0.000000
0.000000 0.000000 0.000000
0.000000 0.000000 0.000000
0.000000 0.000000 0.000000
0.000000 0.000000 0.000000
0.000000 0.000000 0.000000
0.000000 0.000000 0.000000
0.000000 0.000000 0.000000
0.000000 0.000000 0.000000
0.000000 0.000000 0.000000
0.000000 0.000000 0.000000
0.000000 0.000000 0.000000
0.000000 0.000000 0.000000
0.000000 0.000000 0.000000
0.000000 0.000000 0.000000
0.000000 0.000000 0.000000
0.000000 0.000000 0.000000
0.000000 0.000000 0.000000
0.000000 0.000000 0.000000
0.000000 0.000000 0.000000
0.000000 0.000000 0.000000
0.000000 0.000000 0.000000
0.000000 0.000000 0.000000
0.000000 0.000000 0.000000
0.000000 0.000000 0.000000
0.000000 0.000000 0.000000
0.000000 0.000000 0.000000
0.000000 0.000000 0.000000
0.000000 0.000000 0.000000
0.000000 0.000000 0.000000
0.000000 0.000000 0.000000
0.000000 0.000000 0.000000
0.000000 0.000000 0.000000
0.000000 0.000000 0.000000
0.000000 0.000000 0.000000
0.000000 0.000000 0.000000
0.000000 0.000000 0.000000
0.000000 0.000000 0.000000
0.000000 0.000000 0.000000
0.000000 0.000000 0.000000
0.000000 0.000000 0.000000
0.000000 0.000000 0.000000
0.000000 0.000000 0.000000
0.000000 0.000000 0.000000
0.000000 0.000000 0.000000
0.000000 0.000000 0.000000
0.000000 0.000000 0.000000
0.000000 0.000000 0.000000
0.000000 0.000000 0.000000
0.000000 0.000000 0.000000
0.000000 0.000000 0.000000
0.000000 0.000000 0.000000
0.000000 0.000000 0.000000
0.000000 0.000000 0.000000
0.000000 0.000000 0.000000
0.000000 0.000000 0.000000
0.000000 0.000000 0.000000
0.000000 0.000000 0.000000
0.000000 0.000000 0.000000
0.000000 0.000000 0.000000
0.000000 0.000000 0.000000
0.000000 0.000000 0.000000
0.000000 0.000000 0.000000
0.000000 0.000000 0.000000
0.000000 0.000000 0.000000
0.000000 0.000000 0.000000
0.000000 0.000000 0.000000
0.000000 0.000000 0.000000
0.000000 0.000000 0.000000
0.000000 0.000000 0.000000
0.000000 0.000000 0.000000
0.000000 0.000000 0.000000
0.000000 0.000000 0.000000
0.000000 0.000000 0.000000
0.000000 0.000000 0.000000
0.000000 0.000000 0.000000
0.000000 0.000000 0.000000
0.000000 0.000000 0.000000
0.000000 0.000000 0.000000
0.000000 0.000000 0.000000
0.000000 0.000000 0.000000
0.000000 0.000000 0.000000
0.000000 0.000000 0.000000
0.000000 0.000000 0.000000
0.000000 0.000000 0.000000
0.000000 0.000000 0.000000
0.000000 0.000000 0.000000
0.000000 0.000000 0.000000
0.000000 0.000000 0.000000
0.000000 0.000000 0.000000
0.000000 0.000000 0.000000
0.000000 0.000000 0.000000
0.000000 0.000000 0.000000
0.000000 0.000000 0.000000
0.000000 0.000000 0.000000
0.000000 0.000000 0.000000
0.000000 0.000000 0.000000
0.000000 0.000000 0.000000
0.000000 0.000000 0.000000
0.000000 0.000000 0.000000
0.000000 0.000000 0.000000
0.000000 0.000000 0.000000
0.000000 0.000000 0.000000
0.000000 0.000000 0.000000
0.000000 0.000000 0.000000
0.000000 0.000000 0.000000
0.000000 0.000000 0.000000
0.000000 0.000000 0.000000
0.000000 0.000000 -0.000111
0.000000 0.000000 -0.000444
0.000000 0.000000 -0.001000
0.000000 0.000000 -0.001777
0.000000 0.000000 -0.002776
0.000000 0.000000 -0.003996
0.000000 0.000000 -0.005436
0.000000 0.000000 -0.007096
0.000000 0.000000 -0.008975
0.000000 0.000000 -0.011073
0.000000 0.000000 -0.013388
0.000000 0.000000 -0.015919
0.000000 0.000000 -0.018665
0.000000 0.000000 -0.021626
0.000000 0.000000 -0.024799
0.000000 0.000000 -0.028183
0.000000 0.000000 -0.031777
0.000000 0.000000 -0.035579
0.000000 0.000000 -0.039588
0.000000 0.000000 -0.043801
0.000000 0.000000 -0.048217
0.000000 0.000000 -0.052834
0.000000 0.000000 -0.057649
0.000000 0.000000 -0.062662
0.000000 0.000000 -0.067868
0.000000 0.000000 -0.073267
0.000000 0.000000 -0.078856
0.000000 0.000000 -0.084632
0.000000 0.000000 -0.090592
0.000000 0.000000 -0.096734
0.000000 0.000000 -0.103056
0.000000 0.000000 -0.109554
0.000000 0.000000 -0.116226
0.000000 0.000000 -0.123068
0.000000 0.000000 -0.130078
0.000000 0.000000 -0.137252
0.000000 0.000000 -0.144588
0.000000 0.000000 -0.152081
0.000000 0.000000 -0.159730
0.000000 0.000000 -0.167529
0.000000 0.000000 -0.175476
0.000000 0.000000 -0.183568
0.000000 0.000000 -0.191800
0.000000 0.000000 -0.200169
0.000000 0.000000 -0.208672
0.000000 0.000000 -0.217304
0.000000 0.000000 -0.226062
0.000000 0.000000 -0.234941
0.000000 0.000000 -0.243938
0.000000 0.000000 -0.253049
0.000000 0.000000 -0.262270
0.000000 0.000000 -0.271597
0.000000 0.000000 -0.281025
0.000000 0.000000 -0.290550
0.000000 0.000000 -0.300169
0.000000 0.000000 -0.309876
0.000000 0.000000 -0.319668
0.000000 0.000000 -0.329540
0.000000 0.000000 -0.339488
0.000000 0.000000 -0.349507
0.000000 0.000000 -0.359594
0.000000 0.000000 -0.369742
0.000000 0.000000 -0.379949
0.000000 0.000000 -0.390208
0.000000 0.000000 -0.400517
0.000000 0.000000 -0.410870
0.000000 0.000000 -0.421262
-0.000000 0.000000 -0.431690
-0.000000 0.000000 -0.442147
-0.000000 0.000000 -0.452631
-0.000000 0.000000 -0.463136
-0.000000 0.000000 -0.473657
-0.000000 0.000000 -0.484189
-0.000000 0.000000 -0.494729
-0.000000 0.000000 -0.505271
-0.000000 0.000000 -0.515811
-0.000000 0.000000 -0.526343
-0.000000 0.000000 -0.536864
-0.000000 0.000000 -0.547369
-0.000000 0.000000 -0.557853
-0.000000 0.000000 -0.568310
-0.000000 0.000000 -0.578738
-0.000000 0.000000 -0.589130
-0.000000 0.000000 -0.599483
-0.000000 0.000000 -0.609792
-0.000000 0.000000 -0.620051
-0.000000 0.000000 -0.630258
-0.000000 0.000000 -0.640406
-0.000000 0.000000 -0.650493
-0.000000 0.000000 -0.660512
-0.000000 0.000000 -0.670460
-0.000000 0.000000 -0.680332
-0.000000 0.000000 -0.690124
-0.000000 0.000000 -0.699831
-0.000000 0.000000 -0.709450
-0.000000 0.000000 -0.718975
-0.000000 0.000000 -0.728403
-0.000000 0.000000 -0.737730
-0.000000 0.000000 -0.746951
-0.000000 0.000000 -0.756062
-0.000000 0.000000 -0.765059
-0.000000 0.000000 -0.773938
-0.000000 0.000000 -0.782696
-0.000000 0.000000 -0.791328
-0.000000 0.000000 -0.799831
-0.000000 0.000000 -0.808200
-0.000000 0.000000 -0.816432
-0.000000 0.000000 -0.824524
-0.000000 0.000000 -0.832471
-0.000000 0.000000 -0.840270
-0.000000 0.000000 -0.847919
-0.000000 0.000000 -0.855412
-0.000000 0.000000 -0.862748
-0.000000 0.000000 -0.869922
-0.000000 0.000000 -0.876932
-0.000000 0.000000 -0.883774
-0.000000 0.000000 -0.890446
-0.000000 0.000000 -0.896944
-0.000000 0.000000 -0.903266
-0.000000 0.000000 -0.909408
-0.000000 0.000000 -0.915368
-0.000000 0.000000 -0.921144
-0.000000 0.000000 -0.926733
-0.000000 0.000000 -0.932132
-0.000000 0.000000 -0.937338
-0.000000 0.000000 -0.942351
-0.000000 0.000000 -0.947166
-0.000000 0.000000 -0.951783
-0.000000 0.000000 -0.956199
-0.000000 0.000000 -0.960412
-0.000000 0.000000 -0.964421
-0.000000 0.000000 -0.968223
-0.000000 0.000000 -0.971817
-0.000000 0.000000 -0.975201
-0.000000 0.000000 -0.978374
-0.000000 0.000000 -0.981335
-0.000000 0.000000 -0.984081
-0.000000 0.000000 -0.986612
-0.000000 0.000000 -0.988927
-0.000000 0.000000 -0.991025
-0.000000 0.000000 -0.992904
-0.000000 0.000000 -0.994564
-0.000000 0.000000 -0.996004
-0.000000 0.000000 -0.997224
-0.000000 0.000000 -0.998223
-0.000000 0.000000 -0.999000
-0.000000 0.000000 -0.999556
-0.000000 0.000000 -0.999889
-0.000000 0.000000 -1.000000
-0.000000 0.000000 -1.000000
-0.000000 0.000000 -0.999874
-0.000000 0.000000 -0.999497
-0.000000 0.000000 -0.998867
-0.000000 0.000000 -0.997987
-0.000000 0.000000 -0.996855
-0.000000 0.000000 -0.995472
-0.000000 0.000000 -0.993838
-0.000000 0.000000 -0.991955
-0.000000 0.000000 -0.989821
-0.000000 0.000000 -0.987439
-0.000000 0.000000 -0.984808
-0.000000 0.000000 -0.981929
-0.000000 0.000000 -0.978802
-0.000000 0.000000 -0.975430
-0.000000 0.000000 -0.971812
-0.000000 0.000000 -0.967949
-0.000000 0.000000 -0.963842
-0.000000 0.000000 -0.959493
-0.000000 0.000000 -0.954902
-0.000000 0.000000 -0.950071
-0.000000 0.000000 -0.945001
-0.000000 0.000000 -0.939693
-0.000000 0.000000 -0.934148
-0.000000 0.000000 -0.928368
-0.000000 0.000000 -0.922354
-0.000000 0.000000 -0.916108
-0.000000 0.000000 -0.909632
-0.000000 0.000000 -0.902927
-0.000000 0.000000 -0.895994
-0.000000 0.000000 -0.888835
-0.000000 0.000000 -0.881453
-0.000000 0.000000 -0.873849
-0.000000 0.000000 -0.866025
-0.000000 0.000000 -0.857983
-0.000000 0.000000 -0.849725
-0.000000 0.000000 -0.841254
-0.000000 0.000000 -0.832570
-0.000000 0.000000 -0.823677
-0.000000 0.000000 -0.814576
-0.000000 0.000000 -0.805270
-0.000000 0.000000 -0.795762
-0.000000 0.000000 -0.786053
-0.000000 0.000000 -0.776146
-0.000000 0.000000 -0.766044
-0.000000 0.000000 -0.755750
-0.000000 0.000000 -0.745264
-0.000000 0.000000 -0.734592
-0.000000 0.000000 -0.723734
-0.000000 0.000000 -0.712694
-0.000000 0.000000 -0.701475
-0.000000 0.000000 -0.690079
-0.000000 0.000000 -0.678509
-0.000000 0.000000 -0.666769
-0.000000 0.000000 -0.654861
-0.000000 0.000000 -0.642788
-0.000000 0.000000 -0.630553
-0.000000 0.000000 -0.618159
-0.000000 0.000000 -0.605610
-0.000000 0.000000 -0.592908
-0.000000 0.000000 -0.580057
-0.000000 0.000000 -0.567060
-0.000000 0.000000 -0.553920
-0.000000 0.000000 -0.540641
-0.000000 0.000000 -0.527225
-0.000000 0.000000 -0.513677
-0.000000 0.000000 -0.500000
-0.000000 0.000000 -0.486197
-0.000000 0.000000 -0.472271
-0.000000 0.000000 -0.458227
-0.000000 0.000000 -0.444067
-0.000000 0.000000 -0.429795
-0.000000 0.000000 -0.415415
-0.000000 0.000000 -0.400931
-0.000000 0.000000 -0.386345
-0.000000 0.000000 -0.371662
-0.000000 0.000000 -0.356886
-0.000000 0.000000 -0.342020
-0.000000 0.000000 -0.327068
-0.000000 0.000000 -0.312033
-0.000000 0.000000 -0.296920
-0.000000 0.000000 -0.281733
-0.000000 0.000000 -0.266474
-0.000000 0.000000 -0.251148
-0.000000 0.000000 -0.235759
-0.000000 0.000000 -0.220311
-0.000000 0.000000 -0.204807
-0.000000 0.000000 -0.189251
-0.000000 0.000000 -0.173648
-0.000000 0.000000 -0.158001
-0.000000 0.000000 -0.142315
-0.000000 0.000000 -0.126592
-0.000000 0.000000 -0.110838
-0.000000 0.000000 -0.095056
-0.000000 0.000000 -0.079250
-0.000000 0.000000 -0.063424
-0.000000 0.000000 -0.047582
-0.000000 0.000000 -0.031728
-0.000000 0.000000 -0.015866
0.000000 0.000000 0.000000
##END
