##TITLE= Waveform for axisymmetric diffusion encoding. b_delta = 1.11e-16
##JCAMP-DX= 5.00 Bruker JCAMP library
##DATA TYPE= Shape Data
##ORIGIN= Bruker Analytik GmbH
##OWNER= <nmrsu>
##DATE= 2018-12-04
##TIME= 11:33:17
##MINX= 0
##MAXX= 1
##MINY= 0
##MAXY= 1
##$SHAPE_EXMODE= Gradient
##$SHAPE_TOTROT= 0
##$SHAPE_BWFAC= 0
##$SHAPE_INTEGFAC= 0
##$SHAPE_MODE= 0
##BFACTOR=1001024731449726
##DURATION=0.01
##DIRECTIONVEC= 0 0 1
##NPOINTS=1000
##XYDATA= (T X Y Z)
0.000000 0.000000 0.000000
0.012955 0.000000 0.009160
0.025906 0.000000 0.018318
0.038850 0.000000 0.027471
0.051785 0.000000 0.036618
0.064707 0.000000 0.045755
0.077613 0.000000 0.054881
0.090499 0.000000 0.063992
0.103362 0.000000 0.073088
0.116200 0.000000 0.082166
0.129008 0.000000 0.091222
0.141783 0.000001 0.100256
0.154523 0.000001 0.109264
0.167224 0.000001 0.118245
0.179883 0.000002 0.127196
0.192496 0.000003 0.136115
0.205061 0.000004 0.145000
0.217575 0.000006 0.153849
0.230034 0.000009 0.162658
0.242434 0.000012 0.171427
0.254774 0.000016 0.180153
0.267050 0.000021 0.188833
0.279258 0.000028 0.197465
0.291396 0.000037 0.206048
0.303461 0.000047 0.214579
0.315449 0.000060 0.223056
0.327358 0.000076 0.231477
0.339185 0.000095 0.239840
0.350926 0.000117 0.248142
0.362579 0.000144 0.256382
0.374140 0.000176 0.264557
0.385608 0.000214 0.272666
0.396978 0.000258 0.280706
0.408248 0.000308 0.288675
0.419416 0.000367 0.296572
0.430478 0.000435 0.304394
0.441431 0.000513 0.312139
0.452274 0.000601 0.319806
0.463002 0.000702 0.327392
0.473614 0.000816 0.334896
0.484107 0.000945 0.342316
0.494478 0.001090 0.349649
0.504724 0.001253 0.356894
0.514843 0.001435 0.364050
0.524833 0.001638 0.371114
0.534690 0.001863 0.378084
0.544413 0.002113 0.384959
0.553998 0.002389 0.391738
0.563444 0.002694 0.398417
0.572748 0.003029 0.404997
0.581908 0.003397 0.411474
0.590920 0.003800 0.417848
0.599784 0.004240 0.424117
0.608497 0.004720 0.430279
0.617056 0.005243 0.436332
0.625460 0.005811 0.442276
0.633705 0.006426 0.448108
0.641791 0.007092 0.453828
0.649714 0.007812 0.459433
0.657473 0.008588 0.464923
0.665066 0.009424 0.470296
0.672491 0.010323 0.475550
0.679746 0.011287 0.480684
0.686828 0.012321 0.485698
0.693736 0.013427 0.490589
0.700468 0.014609 0.495357
0.707022 0.015869 0.500000
0.713396 0.017213 0.504517
0.719589 0.018643 0.508907
0.725598 0.020162 0.513169
0.731422 0.021775 0.517302
0.737059 0.023485 0.521305
0.742507 0.025295 0.525176
0.747765 0.027209 0.528915
0.752831 0.029231 0.532521
0.757702 0.031364 0.535993
0.762379 0.033612 0.539331
0.766858 0.035978 0.542532
0.771138 0.038466 0.545596
0.775218 0.041080 0.548524
0.779095 0.043823 0.551313
0.782769 0.046698 0.553964
0.786238 0.049709 0.556475
0.789499 0.052859 0.558845
0.792552 0.056151 0.561076
0.795394 0.059588 0.563165
0.798024 0.063174 0.565112
0.800441 0.066911 0.566917
0.802642 0.070801 0.568579
0.804627 0.074849 0.570098
0.806393 0.079056 0.571474
0.807938 0.083425 0.572705
0.809262 0.087957 0.573793
0.810362 0.092655 0.574736
0.811236 0.097522 0.575534
0.811884 0.102558 0.576188
0.812302 0.107765 0.576696
0.812490 0.113144 0.577060
0.812445 0.118697 0.577278
0.812166 0.124425 0.577350
0.811753 0.130333 0.577350
0.811217 0.136422 0.577286
0.810465 0.142691 0.577094
0.809495 0.149140 0.576773
0.808305 0.155769 0.576324
0.806893 0.162578 0.575748
0.805258 0.169566 0.575043
0.803398 0.176734 0.574212
0.801309 0.184081 0.573253
0.798992 0.191604 0.572168
0.796444 0.199305 0.570957
0.793662 0.207180 0.569621
0.790646 0.215228 0.568160
0.787393 0.223447 0.566574
0.783903 0.231835 0.564865
0.780172 0.240389 0.563033
0.776199 0.249106 0.561079
0.771983 0.257984 0.559004
0.767522 0.267018 0.556809
0.762815 0.276205 0.554494
0.757860 0.285542 0.552062
0.752655 0.295023 0.549512
0.747199 0.304644 0.546847
0.741491 0.314401 0.544066
0.735529 0.324289 0.541172
0.729313 0.334301 0.538166
0.722841 0.344433 0.535049
0.716112 0.354678 0.531823
0.709126 0.365030 0.528488
0.701881 0.375484 0.525047
0.694377 0.386031 0.521501
0.686613 0.396666 0.517851
0.678589 0.407381 0.514099
0.670304 0.418168 0.510247
0.661758 0.429020 0.506297
0.652952 0.439930 0.502250
0.643885 0.450888 0.498108
0.634558 0.461887 0.493872
0.624970 0.472919 0.489546
0.615124 0.483974 0.485130
0.605018 0.495044 0.480627
0.594656 0.506119 0.476039
0.584037 0.517192 0.471367
0.573163 0.528251 0.466614
0.562036 0.539289 0.461782
0.550657 0.550295 0.456873
0.539029 0.561260 0.451890
0.527154 0.572174 0.446834
0.515034 0.583028 0.441707
0.502672 0.593811 0.436512
0.490071 0.604513 0.431252
0.477235 0.615126 0.425928
0.464167 0.625639 0.420544
0.450870 0.636042 0.415100
0.437348 0.646325 0.409601
0.423606 0.656478 0.404048
0.409649 0.666492 0.398443
0.395481 0.676358 0.392790
0.381107 0.686064 0.387090
0.366532 0.695603 0.381347
0.351762 0.704964 0.375562
0.336803 0.714139 0.369739
0.321661 0.723118 0.363880
0.306342 0.731893 0.357987
0.290852 0.740455 0.352063
0.275199 0.748794 0.346112
0.259389 0.756904 0.340135
0.243430 0.764776 0.334134
0.227330 0.772403 0.328114
0.211095 0.779776 0.322076
0.194735 0.786888 0.316024
0.178256 0.793734 0.309959
0.161667 0.800305 0.303885
0.144978 0.806596 0.297803
0.128196 0.812601 0.291718
0.111330 0.818314 0.285632
0.094390 0.823730 0.279547
0.077384 0.828844 0.273466
0.060323 0.833651 0.267391
0.043214 0.838148 0.261327
0.026068 0.842331 0.255274
0.008894 0.846196 0.249236
-0.008298 0.849740 0.243216
-0.025499 0.852961 0.237216
-0.042698 0.855857 0.231239
-0.059886 0.858426 0.225287
-0.077054 0.860667 0.219363
-0.094190 0.862580 0.213471
-0.111287 0.864162 0.207611
-0.128333 0.865416 0.201788
-0.145319 0.866341 0.196004
-0.162236 0.866937 0.190260
-0.179074 0.867208 0.184561
-0.195823 0.867153 0.178907
-0.212475 0.866776 0.173303
-0.229019 0.866079 0.167749
-0.245448 0.865065 0.162250
-0.261752 0.863738 0.156807
-0.277922 0.862100 0.151422
-0.293949 0.860157 0.146098
-0.309827 0.857913 0.140838
-0.325545 0.855373 0.135643
-0.341097 0.852543 0.130517
-0.356474 0.849427 0.125460
-0.371670 0.846032 0.120477
-0.386677 0.842365 0.115568
-0.401489 0.838432 0.110736
-0.416098 0.834240 0.105983
-0.430499 0.829796 0.101311
-0.444685 0.825107 0.096723
-0.458651 0.820182 0.092220
-0.472392 0.815029 0.087804
-0.485902 0.809656 0.083478
-0.499177 0.804071 0.079243
-0.512213 0.798283 0.075101
-0.525005 0.792301 0.071053
-0.537550 0.786134 0.067103
-0.549845 0.779791 0.063251
-0.561888 0.773282 0.059499
-0.573674 0.766615 0.055850
-0.585203 0.759801 0.052303
-0.596473 0.752850 0.048862
-0.607481 0.745770 0.045527
-0.618228 0.738571 0.042301
-0.628713 0.731264 0.039184
-0.638935 0.723858 0.036178
-0.648894 0.716363 0.033284
-0.658591 0.708789 0.030504
-0.668028 0.701146 0.027838
-0.677204 0.693442 0.025288
-0.686121 0.685689 0.022856
-0.694783 0.677895 0.020542
-0.703189 0.670071 0.018346
-0.711345 0.662225 0.016271
-0.719252 0.654367 0.014317
-0.726913 0.646505 0.012486
-0.734333 0.638650 0.010776
-0.741515 0.630809 0.009191
-0.748464 0.622992 0.007729
-0.755184 0.615207 0.006393
-0.761679 0.607463 0.005182
-0.767956 0.599767 0.004097
-0.774020 0.592127 0.003138
-0.779875 0.584551 0.002307
-0.785529 0.577047 0.001603
-0.790988 0.569621 0.001026
-0.796257 0.562282 0.000577
-0.801344 0.555034 0.000257
-0.806256 0.547885 0.000064
-0.810999 0.540841 0.000000
-0.815630 0.533832 0.000000
-0.820201 0.526782 0.000000
-0.824710 0.519694 0.000000
-0.829159 0.512567 0.000000
-0.833545 0.505402 0.000000
-0.837870 0.498199 0.000000
-0.842133 0.490960 0.000000
-0.846333 0.483683 0.000000
-0.850470 0.476371 0.000000
-0.854544 0.469024 0.000000
-0.858554 0.461642 0.000000
-0.862501 0.454225 0.000000
-0.866384 0.446775 0.000000
-0.870202 0.439291 0.000000
-0.873956 0.431775 0.000000
-0.877645 0.424227 0.000000
-0.881268 0.416647 0.000000
-0.884826 0.409037 0.000000
-0.888319 0.401396 0.000000
-0.891745 0.393725 0.000000
-0.895105 0.386025 0.000000
-0.898399 0.378296 0.000000
-0.901626 0.370539 0.000000
-0.904786 0.362755 0.000000
-0.907879 0.354944 0.000000
-0.910904 0.347106 0.000000
-0.913862 0.339242 0.000000
-0.916752 0.331354 0.000000
-0.919573 0.323440 0.000000
-0.922327 0.315503 0.000000
-0.925012 0.307542 0.000000
-0.927628 0.299559 0.000000
-0.930175 0.291553 0.000000
-0.932653 0.283525 0.000000
-0.935062 0.275477 0.000000
-0.937402 0.267408 0.000000
-0.939671 0.259319 0.000000
-0.941871 0.251211 0.000000
-0.944002 0.243084 0.000000
-0.946061 0.234939 0.000000
-0.948051 0.226777 0.000000
-0.949970 0.218598 0.000000
-0.951819 0.210402 0.000000
-0.953597 0.202191 0.000000
-0.955304 0.193965 0.000000
-0.956940 0.185725 0.000000
-0.958506 0.177471 0.000000
-0.959999 0.169203 0.000000
-0.961422 0.160923 0.000000
-0.962773 0.152631 0.000000
-0.964053 0.144328 0.000000
-0.965261 0.136014 0.000000
-0.966397 0.127690 0.000000
-0.967462 0.119356 0.000000
-0.968455 0.111014 0.000000
-0.969376 0.102663 0.000000
-0.970224 0.094305 0.000000
-0.971001 0.085939 0.000000
-0.971706 0.077568 0.000000
-0.972338 0.069190 0.000000
-0.972898 0.060808 0.000000
-0.973386 0.052420 0.000000
-0.973802 0.044029 0.000000
-0.974145 0.035635 0.000000
-0.974416 0.027238 0.000000
-0.974615 0.018839 0.000000
-0.974741 0.010439 0.000000
-0.974795 0.002038 0.000000
-0.974776 -0.006364 0.000000
-0.974685 -0.014764 0.000000
-0.974521 -0.023164 0.000000
-0.974286 -0.031562 0.000000
-0.973977 -0.039958 0.000000
-0.973597 -0.048350 0.000000
-0.973144 -0.056740 0.000000
-0.972619 -0.065124 0.000000
-0.972021 -0.073505 0.000000
-0.971352 -0.081879 0.000000
-0.970610 -0.090248 0.000000
-0.969796 -0.098609 0.000000
-0.968910 -0.106964 0.000000
-0.967953 -0.115310 0.000000
-0.966923 -0.123648 0.000000
-0.965821 -0.131977 0.000000
-0.964648 -0.140296 0.000000
-0.963403 -0.148605 0.000000
-0.962086 -0.156902 0.000000
-0.960698 -0.165188 0.000000
-0.959239 -0.173462 0.000000
-0.957708 -0.181722 0.000000
-0.956107 -0.189970 0.000000
-0.954434 -0.198203 0.000000
-0.952690 -0.206421 0.000000
-0.950876 -0.214624 0.000000
-0.948991 -0.222811 0.000000
-0.947035 -0.230982 0.000000
-0.945009 -0.239135 0.000000
-0.942913 -0.247271 0.000000
-0.940747 -0.255388 0.000000
-0.938511 -0.263486 0.000000
-0.936206 -0.271565 0.000000
-0.933830 -0.279624 0.000000
-0.931386 -0.287661 0.000000
-0.928872 -0.295678 0.000000
-0.926289 -0.303672 0.000000
-0.923638 -0.311644 0.000000
-0.920917 -0.319593 0.000000
-0.918129 -0.327518 0.000000
-0.915272 -0.335419 0.000000
-0.912347 -0.343294 0.000000
-0.909355 -0.351145 0.000000
-0.906295 -0.358969 0.000000
-0.903167 -0.366766 0.000000
-0.899973 -0.374537 0.000000
-0.896711 -0.382279 0.000000
-0.893383 -0.389993 0.000000
-0.889989 -0.397678 0.000000
-0.886529 -0.405334 0.000000
-0.883002 -0.412959 0.000000
-0.879410 -0.420554 0.000000
-0.875753 -0.428118 0.000000
-0.872031 -0.435649 0.000000
-0.868244 -0.443149 0.000000
-0.864393 -0.450615 0.000000
-0.860477 -0.458048 0.000000
-0.856497 -0.465447 0.000000
-0.852454 -0.472812 0.000000
-0.848347 -0.480141 0.000000
-0.844178 -0.487434 0.000000
-0.839946 -0.494692 0.000000
-0.835651 -0.501913 0.000000
-0.831294 -0.509096 0.000000
-0.826876 -0.516241 0.000000
-0.822396 -0.523349 0.000000
-0.817855 -0.530417 0.000000
-0.813253 -0.537446 0.000000
-0.808591 -0.544435 0.000000
-0.803869 -0.551384 0.000000
-0.799087 -0.558291 0.000000
-0.794245 -0.565157 0.000000
-0.789345 -0.571982 0.000000
-0.784386 -0.578763 0.000000
-0.779369 -0.585502 0.000000
-0.774294 -0.592197 0.000000
-0.769161 -0.598848 0.000000
-0.763972 -0.605455 0.000000
-0.758725 -0.612017 0.000000
-0.753422 -0.618533 0.000000
-0.748064 -0.625003 0.000000
-0.742649 -0.631427 0.000000
-0.737180 -0.637804 0.000000
-0.731655 -0.644134 0.000000
-0.726077 -0.650416 0.000000
-0.720444 -0.656649 0.000000
-0.714758 -0.662834 0.000000
-0.709019 -0.668970 0.000000
-0.703227 -0.675055 0.000000
-0.697383 -0.681091 0.000000
-0.691487 -0.687076 0.000000
-0.685540 -0.693010 0.000000
-0.679542 -0.698893 0.000000
-0.673493 -0.704723 0.000000
-0.667395 -0.710502 0.000000
-0.661247 -0.716227 0.000000
-0.655049 -0.721900 0.000000
-0.648803 -0.727518 0.000000
-0.642509 -0.733083 0.000000
-0.636167 -0.738593 0.000000
-0.629778 -0.744048 0.000000
-0.623342 -0.749449 0.000000
-0.616860 -0.754793 0.000000
-0.610332 -0.760081 0.000000
-0.603758 -0.765313 0.000000
-0.597140 -0.770488 0.000000
-0.590478 -0.775606 0.000000
-0.583771 -0.780666 0.000000
-0.577021 -0.785668 0.000000
-0.570229 -0.790612 0.000000
-0.563394 -0.795497 0.000000
-0.556517 -0.800323 0.000000
-0.549599 -0.805090 0.000000
-0.542639 -0.809797 0.000000
-0.535640 -0.814443 0.000000
-0.528601 -0.819030 0.000000
-0.521523 -0.823555 0.000000
-0.514405 -0.828019 0.000000
-0.507250 -0.832422 0.000000
-0.500057 -0.836762 0.000000
-0.492827 -0.841041 0.000000
-0.485560 -0.845257 0.000000
-0.478257 -0.849411 0.000000
-0.470919 -0.853501 0.000000
-0.463546 -0.857528 0.000000
-0.456138 -0.861491 0.000000
-0.448696 -0.865390 0.000000
-0.441221 -0.869225 0.000000
-0.433713 -0.872996 0.000000
-0.426173 -0.876701 0.000000
-0.418602 -0.880341 0.000000
-0.410999 -0.883916 0.000000
-0.403366 -0.887426 0.000000
-0.395703 -0.890869 0.000000
-0.388010 -0.894246 0.000000
-0.380289 -0.897557 0.000000
-0.372539 -0.900801 0.000000
-0.364762 -0.903979 0.000000
-0.356957 -0.907089 0.000000
-0.349126 -0.910132 0.000000
-0.341269 -0.913107 0.000000
-0.333387 -0.916014 0.000000
-0.325480 -0.918853 0.000000
-0.317549 -0.921624 0.000000
-0.309594 -0.924327 0.000000
-0.301616 -0.926961 0.000000
-0.293616 -0.929526 0.000000
-0.285594 -0.932022 0.000000
-0.277551 -0.934448 0.000000
-0.269487 -0.936806 0.000000
-0.261403 -0.939094 0.000000
-0.253300 -0.941312 0.000000
-0.245178 -0.943460 0.000000
-0.237038 -0.945538 0.000000
-0.228880 -0.947545 0.000000
-0.220705 -0.949483 0.000000
-0.212514 -0.951350 0.000000
-0.204307 -0.953146 0.000000
-0.196084 -0.954871 0.000000
-0.187848 -0.956526 0.000000
-0.179597 -0.958109 0.000000
-0.171333 -0.959622 0.000000
-0.163056 -0.961063 0.000000
-0.154767 -0.962432 0.000000
-0.146467 -0.963730 0.000000
-0.138155 -0.964957 0.000000
-0.129834 -0.966112 0.000000
-0.121503 -0.967195 0.000000
-0.113162 -0.968206 0.000000
-0.104814 -0.969145 0.000000
-0.096457 -0.970013 0.000000
-0.088094 -0.970808 0.000000
-0.079724 -0.971531 0.000000
-0.071348 -0.972182 0.000000
-0.062966 -0.972761 0.000000
-0.054580 -0.973267 0.000000
-0.046190 -0.973702 0.000000
-0.037797 -0.974064 0.000000
-0.029400 -0.974353 0.000000
-0.021002 -0.974570 0.000000
-0.012602 -0.974715 0.000000
-0.004201 -0.974788 0.000000
0.004201 -0.974788 0.000000
0.012602 -0.974715 0.000000
0.021002 -0.974570 0.000000
0.029400 -0.974353 0.000000
0.037797 -0.974064 0.000000
0.046190 -0.973702 0.000000
0.054580 -0.973267 0.000000
0.062966 -0.972761 0.000000
0.071348 -0.972182 0.000000
0.079724 -0.971531 0.000000
0.088094 -0.970808 0.000000
0.096457 -0.970013 0.000000
0.104814 -0.969145 0.000000
0.113162 -0.968206 0.000000
0.121503 -0.967195 0.000000
0.129834 -0.966112 0.000000
0.138155 -0.964957 0.000000
0.146467 -0.963730 0.000000
0.154767 -0.962432 0.000000
0.163056 -0.961063 0.000000
0.171333 -0.959622 0.000000
0.179597 -0.958109 0.000000
0.187848 -0.956526 0.000000
0.196084 -0.954871 0.000000
0.204307 -0.953146 0.000000
0.212514 -0.951350 0.000000
0.220705 -0.949483 0.000000
0.228880 -0.947545 0.000000
0.237038 -0.945538 0.000000
0.245178 -0.943460 0.000000
0.253300 -0.941312 0.000000
0.261403 -0.939094 0.000000
0.269487 -0.936806 0.000000
0.277551 -0.934448 0.000000
0.285594 -0.932022 0.000000
0.293616 -0.929526 0.000000
0.301616 -0.926961 0.000000
0.309594 -0.924327 0.000000
0.317549 -0.921624 0.000000
0.325480 -0.918853 0.000000
0.333387 -0.916014 0.000000
0.341269 -0.913107 0.000000
0.349126 -0.910132 0.000000
0.356957 -0.907089 0.000000
0.364762 -0.903979 0.000000
0.372539 -0.900801 0.000000
0.380289 -0.897557 0.000000
0.388010 -0.894246 0.000000
0.395703 -0.890869 0.000000
0.403366 -0.887426 0.000000
0.410999 -0.883916 0.000000
0.418602 -0.880341 0.000000
0.426173 -0.876701 0.000000
0.433713 -0.872996 0.000000
0.441221 -0.869225 0.000000
0.448696 -0.865390 0.000000
0.456138 -0.861491 0.000000
0.463546 -0.857528 0.000000
0.470919 -0.853501 0.000000
0.478257 -0.849411 0.000000
0.485560 -0.845257 0.000000
0.492827 -0.841041 0.000000
0.500057 -0.836762 0.000000
0.507250 -0.832422 0.000000
0.514405 -0.828019 0.000000
0.521523 -0.823555 0.000000
0.528601 -0.819030 0.000000
0.535640 -0.814443 0.000000
0.542639 -0.809797 0.000000
0.549599 -0.805090 0.000000
0.556517 -0.800323 0.000000
0.563394 -0.795497 0.000000
0.570229 -0.790612 0.000000
0.577021 -0.785668 0.000000
0.583771 -0.780666 0.000000
0.590478 -0.775606 0.000000
0.597140 -0.770488 0.000000
0.603758 -0.765313 0.000000
0.610332 -0.760081 0.000000
0.616860 -0.754793 0.000000
0.623342 -0.749449 0.000000
0.629778 -0.744048 0.000000
0.636167 -0.738593 0.000000
0.642509 -0.733083 0.000000
0.648803 -0.727518 0.000000
0.655049 -0.721900 0.000000
0.661247 -0.716227 0.000000
0.667395 -0.710502 0.000000
0.673493 -0.704723 0.000000
0.679542 -0.698893 0.000000
0.685540 -0.693010 0.000000
0.691487 -0.687076 0.000000
0.697383 -0.681091 0.000000
0.703227 -0.675055 0.000000
0.709019 -0.668970 0.000000
0.714758 -0.662834 0.000000
0.720444 -0.656649 0.000000
0.726077 -0.650416 0.000000
0.731655 -0.644134 0.000000
0.737180 -0.637804 0.000000
0.742649 -0.631427 0.000000
0.748064 -0.625003 0.000000
0.753422 -0.618533 0.000000
0.758725 -0.612017 0.000000
0.763972 -0.605455 0.000000
0.769161 -0.598848 0.000000
0.774294 -0.592197 0.000000
0.779369 -0.585502 0.000000
0.784386 -0.578763 0.000000
0.789345 -0.571982 0.000000
0.794245 -0.565157 0.000000
0.799087 -0.558291 0.000000
0.803869 -0.551384 0.000000
0.808591 -0.544435 0.000000
0.813253 -0.537446 0.000000
0.817855 -0.530417 0.000000
0.822396 -0.523349 0.000000
0.826876 -0.516241 0.000000
0.831294 -0.509096 0.000000
0.835651 -0.501913 0.000000
0.839946 -0.494692 0.000000
0.844178 -0.487434 0.000000
0.848347 -0.480141 0.000000
0.852454 -0.472812 0.000000
0.856497 -0.465447 0.000000
0.860477 -0.458048 0.000000
0.864393 -0.450615 0.000000
0.868244 -0.443149 0.000000
0.872031 -0.435649 0.000000
0.875753 -0.428118 0.000000
0.879410 -0.420554 0.000000
0.883002 -0.412959 0.000000
0.886529 -0.405334 0.000000
0.889989 -0.397678 0.000000
0.893383 -0.389993 0.000000
0.896711 -0.382279 0.000000
0.899973 -0.374537 0.000000
0.903167 -0.366766 0.000000
0.906295 -0.358969 0.000000
0.909355 -0.351145 0.000000
0.912347 -0.343294 0.000000
0.915272 -0.335419 0.000000
0.918129 -0.327518 0.000000
0.920917 -0.319593 0.000000
0.923638 -0.311644 0.000000
0.926289 -0.303672 0.000000
0.928872 -0.295678 0.000000
0.931386 -0.287661 0.000000
0.933830 -0.279624 0.000000
0.936206 -0.271565 0.000000
0.938511 -0.263486 0.000000
0.940747 -0.255388 0.000000
0.942913 -0.247271 0.000000
0.945009 -0.239135 0.000000
0.947035 -0.230982 0.000000
0.948991 -0.222811 0.000000
0.950876 -0.214624 0.000000
0.952690 -0.206421 0.000000
0.954434 -0.198203 0.000000
0.956107 -0.189970 0.000000
0.957708 -0.181722 0.000000
0.959239 -0.173462 0.000000
0.960698 -0.165188 0.000000
0.962086 -0.156902 0.000000
0.963403 -0.148605 0.000000
0.964648 -0.140296 0.000000
0.965821 -0.131977 0.000000
0.966923 -0.123648 0.000000
0.967953 -0.115310 0.000000
0.968910 -0.106964 0.000000
0.969796 -0.098609 0.000000
0.970610 -0.090248 0.000000
0.971352 -0.081879 0.000000
0.972021 -0.073505 0.000000
0.972619 -0.065124 0.000000
0.973144 -0.056740 0.000000
0.973597 -0.048350 0.000000
0.973977 -0.039958 0.000000
0.974286 -0.031562 0.000000
0.974521 -0.023164 0.000000
0.974685 -0.014764 0.000000
0.974776 -0.006364 0.000000
0.974795 0.002038 0.000000
0.974741 0.010439 0.000000
0.974615 0.018839 0.000000
0.974416 0.027238 0.000000
0.974145 0.035635 0.000000
0.973802 0.044029 0.000000
0.973386 0.052420 0.000000
0.972898 0.060808 0.000000
0.972338 0.069190 0.000000
0.971706 0.077568 0.000000
0.971001 0.085939 0.000000
0.970224 0.094305 0.000000
0.969376 0.102663 0.000000
0.968455 0.111014 0.000000
0.967462 0.119356 0.000000
0.966397 0.127690 0.000000
0.965261 0.136014 0.000000
0.964053 0.144328 0.000000
0.962773 0.152631 0.000000
0.961422 0.160923 0.000000
0.959999 0.169203 0.000000
0.958506 0.177471 0.000000
0.956940 0.185725 0.000000
0.955304 0.193965 0.000000
0.953597 0.202191 0.000000
0.951819 0.210402 0.000000
0.949970 0.218598 0.000000
0.948051 0.226777 0.000000
0.946061 0.234939 0.000000
0.944002 0.243084 0.000000
0.941871 0.251211 0.000000
0.939671 0.259319 0.000000
0.937402 0.267408 0.000000
0.935062 0.275477 0.000000
0.932653 0.283525 0.000000
0.930175 0.291553 0.000000
0.927628 0.299559 0.000000
0.925012 0.307542 0.000000
0.922327 0.315503 0.000000
0.919573 0.323440 0.000000
0.916752 0.331354 0.000000
0.913862 0.339242 0.000000
0.910904 0.347106 0.000000
0.907879 0.354944 0.000000
0.904786 0.362755 0.000000
0.901626 0.370539 0.000000
0.898399 0.378296 0.000000
0.895105 0.386025 0.000000
0.891745 0.393725 0.000000
0.888319 0.401396 0.000000
0.884826 0.409037 0.000000
0.881268 0.416647 0.000000
0.877645 0.424227 0.000000
0.873956 0.431775 0.000000
0.870202 0.439291 0.000000
0.866384 0.446775 0.000000
0.862501 0.454225 0.000000
0.858554 0.461642 0.000000
0.854544 0.469024 0.000000
0.850470 0.476371 0.000000
0.846333 0.483683 0.000000
0.842133 0.490960 0.000000
0.837870 0.498199 0.000000
0.833545 0.505402 0.000000
0.829159 0.512567 0.000000
0.824710 0.519694 0.000000
0.820201 0.526782 0.000000
0.815630 0.533832 0.000000
0.810999 0.540841 0.000000
0.806256 0.547885 -0.000064
0.801344 0.555034 -0.000257
0.796257 0.562282 -0.000577
0.790988 0.569621 -0.001026
0.785529 0.577047 -0.001603
0.779875 0.584551 -0.002307
0.774020 0.592127 -0.003138
0.767956 0.599767 -0.004097
0.761679 0.607463 -0.005182
0.755184 0.615207 -0.006393
0.748464 0.622992 -0.007729
0.741515 0.630809 -0.009191
0.734333 0.638650 -0.010776
0.726913 0.646505 -0.012486
0.719252 0.654367 -0.014317
0.711345 0.662225 -0.016271
0.703189 0.670071 -0.018346
0.694783 0.677895 -0.020542
0.686121 0.685689 -0.022856
0.677204 0.693442 -0.025288
0.668028 0.701146 -0.027838
0.658591 0.708789 -0.030504
0.648894 0.716363 -0.033284
0.638935 0.723858 -0.036178
0.628713 0.731264 -0.039184
0.618228 0.738571 -0.042301
0.607481 0.745770 -0.045527
0.596473 0.752850 -0.048862
0.585203 0.759801 -0.052303
0.573674 0.766615 -0.055850
0.561888 0.773282 -0.059499
0.549845 0.779791 -0.063251
0.537550 0.786134 -0.067103
0.525005 0.792301 -0.071053
0.512213 0.798283 -0.075101
0.499177 0.804071 -0.079243
0.485902 0.809656 -0.083478
0.472392 0.815029 -0.087804
0.458651 0.820182 -0.092220
0.444685 0.825107 -0.096723
0.430499 0.829796 -0.101311
0.416098 0.834240 -0.105983
0.401489 0.838432 -0.110736
0.386677 0.842365 -0.115568
0.371670 0.846032 -0.120477
0.356474 0.849427 -0.125460
0.341097 0.852543 -0.130517
0.325545 0.855373 -0.135643
0.309827 0.857913 -0.140838
0.293949 0.860157 -0.146098
0.277922 0.862100 -0.151422
0.261752 0.863738 -0.156807
0.245448 0.865065 -0.162250
0.229019 0.866079 -0.167749
0.212475 0.866776 -0.173303
0.195823 0.867153 -0.178907
0.179074 0.867208 -0.184561
0.162236 0.866937 -0.190260
0.145319 0.866341 -0.196004
0.128333 0.865416 -0.201788
0.111287 0.864162 -0.207611
0.094190 0.862580 -0.213471
0.077054 0.860667 -0.219363
0.059886 0.858426 -0.225287
0.042698 0.855857 -0.231239
0.025499 0.852961 -0.237216
0.008298 0.849740 -0.243216
-0.008894 0.846196 -0.249236
-0.026068 0.842331 -0.255274
-0.043214 0.838148 -0.261327
-0.060323 0.833651 -0.267391
-0.077384 0.828844 -0.273466
-0.094390 0.823730 -0.279547
-0.111330 0.818314 -0.285632
-0.128196 0.812601 -0.291718
-0.144978 0.806596 -0.297803
-0.161667 0.800305 -0.303885
-0.178256 0.793734 -0.309959
-0.194735 0.786888 -0.316024
-0.211095 0.779776 -0.322076
-0.227330 0.772403 -0.328114
-0.243430 0.764776 -0.334134
-0.259389 0.756904 -0.340135
-0.275199 0.748794 -0.346112
-0.290852 0.740455 -0.352063
-0.306342 0.731893 -0.357987
-0.321661 0.723118 -0.363880
-0.336803 0.714139 -0.369739
-0.351762 0.704964 -0.375562
-0.366532 0.695603 -0.381347
-0.381107 0.686064 -0.387090
-0.395481 0.676358 -0.392790
-0.409649 0.666492 -0.398443
-0.423606 0.656478 -0.404048
-0.437348 0.646325 -0.409601
-0.450870 0.636042 -0.415100
-0.464167 0.625639 -0.420544
-0.477235 0.615126 -0.425928
-0.490071 0.604513 -0.431252
-0.502672 0.593811 -0.436512
-0.515034 0.583028 -0.441707
-0.527154 0.572174 -0.446834
-0.539029 0.561260 -0.451890
-0.550657 0.550295 -0.456873
-0.562036 0.539289 -0.461782
-0.573163 0.528251 -0.466614
-0.584037 0.517192 -0.471367
-0.594656 0.506119 -0.476039
-0.605018 0.495044 -0.480627
-0.615124 0.483974 -0.485130
-0.624970 0.472919 -0.489546
-0.634558 0.461887 -0.493872
-0.643885 0.450888 -0.498108
-0.652952 0.439930 -0.502250
-0.661758 0.429020 -0.506297
-0.670304 0.418168 -0.510247
-0.678589 0.407381 -0.514099
-0.686613 0.396666 -0.517851
-0.694377 0.386031 -0.521501
-0.701881 0.375484 -0.525047
-0.709126 0.365030 -0.528488
-0.716112 0.354678 -0.531823
-0.722841 0.344433 -0.535049
-0.729313 0.334301 -0.538166
-0.735529 0.324289 -0.541172
-0.741491 0.314401 -0.544066
-0.747199 0.304644 -0.546847
-0.752655 0.295023 -0.549512
-0.757860 0.285542 -0.552062
-0.762815 0.276205 -0.554494
-0.767522 0.267018 -0.556809
-0.771983 0.257984 -0.559004
-0.776199 0.249106 -0.561079
-0.780172 0.240389 -0.563033
-0.783903 0.231835 -0.564865
-0.787393 0.223447 -0.566574
-0.790646 0.215228 -0.568160
-0.793662 0.207180 -0.569621
-0.796444 0.199305 -0.570957
-0.798992 0.191604 -0.572168
-0.801309 0.184081 -0.573253
-0.803398 0.176734 -0.574212
-0.805258 0.169566 -0.575043
-0.806893 0.162578 -0.575748
-0.808305 0.155769 -0.576324
-0.809495 0.149140 -0.576773
-0.810465 0.142691 -0.577094
-0.811217 0.136422 -0.577286
-0.811753 0.130333 -0.577350
-0.812166 0.124425 -0.577350
-0.812445 0.118697 -0.577278
-0.812490 0.113144 -0.577060
-0.812302 0.107765 -0.576696
-0.811884 0.102558 -0.576188
-0.811236 0.097522 -0.575534
-0.810362 0.092655 -0.574736
-0.809262 0.087957 -0.573793
-0.807938 0.083425 -0.572705
-0.806393 0.079056 -0.571474
-0.804627 0.074849 -0.570098
-0.802642 0.070801 -0.568579
-0.800441 0.066911 -0.566917
-0.798024 0.063174 -0.565112
-0.795394 0.059588 -0.563165
-0.792552 0.056151 -0.561076
-0.789499 0.052859 -0.558845
-0.786238 0.049709 -0.556475
-0.782769 0.046698 -0.553964
-0.779095 0.043823 -0.551313
-0.775218 0.041080 -0.548524
-0.771138 0.038466 -0.545596
-0.766858 0.035978 -0.542532
-0.762379 0.033612 -0.539331
-0.757702 0.031364 -0.535993
-0.752831 0.029231 -0.532521
-0.747765 0.027209 -0.528915
-0.742507 0.025295 -0.525176
-0.737059 0.023485 -0.521305
-0.731422 0.021775 -0.517302
-0.725598 0.020162 -0.513169
-0.719589 0.018643 -0.508907
-0.713396 0.017213 -0.504517
-0.707022 0.015869 -0.500000
-0.700468 0.014609 -0.495357
-0.693736 0.013427 -0.490589
-0.686828 0.012321 -0.485698
-0.679746 0.011287 -0.480684
-0.672491 0.010323 -0.475550
-0.665066 0.009424 -0.470296
-0.657473 0.008588 -0.464923
-0.649714 0.007812 -0.459433
-0.641791 0.007092 -0.453828
-0.633705 0.006426 -0.448108
-0.625460 0.005811 -0.442276
-0.617056 0.005243 -0.436332
-0.608497 0.004720 -0.430279
-0.599784 0.004240 -0.424117
-0.590920 0.003800 -0.417848
-0.581908 0.003397 -0.411474
-0.572748 0.003029 -0.404997
-0.563444 0.002694 -0.398417
-0.553998 0.002389 -0.391738
-0.544413 0.002113 -0.384959
-0.534690 0.001863 -0.378084
-0.524833 0.001638 -0.371114
-0.514843 0.001435 -0.364050
-0.504724 0.001253 -0.356894
-0.494478 0.001090 -0.349649
-0.484107 0.000945 -0.342316
-0.473614 0.000816 -0.334896
-0.463002 0.000702 -0.327392
-0.452274 0.000601 -0.319806
-0.441431 0.000513 -0.312139
-0.430478 0.000435 -0.304394
-0.419416 0.000367 -0.296572
-0.408248 0.000308 -0.288675
-0.396978 0.000258 -0.280706
-0.385608 0.000214 -0.272666
-0.374140 0.000176 -0.264557
-0.362579 0.000144 -0.256382
-0.350926 0.000117 -0.248142
-0.339185 0.000095 -0.239840
-0.327358 0.000076 -0.231477
-0.315449 0.000060 -0.223056
-0.303461 0.000047 -0.214579
-0.291396 0.000037 -0.206048
-0.279258 0.000028 -0.197465
-0.267050 0.000021 -0.188833
-0.254774 0.000016 -0.180153
-0.242434 0.000012 -0.171427
-0.230034 0.000009 -0.162658
-0.217575 0.000006 -0.153849
-0.205061 0.000004 -0.145000
-0.192496 0.000003 -0.136115
-0.179883 0.000002 -0.127196
-0.167224 0.000001 -0.118245
-0.154523 0.000001 -0.109264
-0.141783 0.000001 -0.100256
-0.129008 0.000000 -0.091222
-0.116200 0.000000 -0.082166
-0.103362 0.000000 -0.073088
-0.090499 0.000000 -0.063992
-0.077613 0.000000 -0.054881
-0.064707 0.000000 -0.045755
-0.051785 0.000000 -0.036618
-0.038850 0.000000 -0.027471
-0.025906 0.000000 -0.018318
-0.012955 0.000000 -0.009160
0.000000 0.000000 0.000000
##END
