##TITLE= Waveform for axisymmetric diffusion encoding. b_delta = 0.5
##JCAMP-DX= 5.00 Bruker JCAMP library
##DATA TYPE= Shape Data
##ORIGIN= Bruker Analytik GmbH
##OWNER= <nmrsu>
##DATE= 2018-12-06
##TIME= 15:52:34
##MINX= 0
##MAXX= 1
##MINY= 0
##MAXY= 1
##$SHAPE_EXMODE= Gradient
##$SHAPE_TOTROT= 0
##$SHAPE_BWFAC= 0
##$SHAPE_INTEGFAC= 0
##$SHAPE_MODE= 0
##BFACTOR=1001024731449726
##DURATION=0.01
##DIRECTIONVEC= 0 0 1
##NPOINTS=1000
##XYDATA= (T X Y Z)
0.000000 0.000000 0.000000
0.009160 0.000000 0.012955
0.018318 0.000000 0.025906
0.027471 0.000000 0.038850
0.036618 0.000000 0.051785
0.045755 0.000000 0.064707
0.054881 0.000000 0.077613
0.063992 0.000000 0.090499
0.073088 0.000000 0.103362
0.082166 0.000000 0.116200
0.091222 0.000000 0.129008
0.100256 0.000000 0.141783
0.109264 0.000001 0.154523
0.118245 0.000001 0.167224
0.127196 0.000001 0.179883
0.136115 0.000002 0.192496
0.145000 0.000003 0.205061
0.153849 0.000004 0.217575
0.162658 0.000006 0.230034
0.171427 0.000008 0.242434
0.180153 0.000011 0.254774
0.188833 0.000015 0.267050
0.197465 0.000020 0.279258
0.206048 0.000026 0.291396
0.214579 0.000033 0.303461
0.223056 0.000043 0.315449
0.231477 0.000054 0.327358
0.239840 0.000067 0.339185
0.248142 0.000083 0.350926
0.256382 0.000102 0.362579
0.264557 0.000125 0.374140
0.272666 0.000151 0.385608
0.280706 0.000182 0.396978
0.288675 0.000218 0.408248
0.296572 0.000260 0.419416
0.304394 0.000308 0.430478
0.312139 0.000363 0.441431
0.319806 0.000425 0.452274
0.327392 0.000497 0.463002
0.334896 0.000577 0.473614
0.342315 0.000668 0.484107
0.349649 0.000771 0.494478
0.356894 0.000886 0.504725
0.364049 0.001015 0.514844
0.371113 0.001158 0.524834
0.378083 0.001317 0.534692
0.384958 0.001494 0.544415
0.391736 0.001689 0.554001
0.398415 0.001905 0.563447
0.404994 0.002142 0.572752
0.411471 0.002402 0.581912
0.417844 0.002687 0.590926
0.424112 0.002998 0.599792
0.430272 0.003338 0.608506
0.436325 0.003707 0.617067
0.442267 0.004109 0.625473
0.448097 0.004544 0.633721
0.453815 0.005015 0.641810
0.459417 0.005524 0.649737
0.464904 0.006073 0.657500
0.470273 0.006664 0.665098
0.475523 0.007299 0.672529
0.480653 0.007981 0.679790
0.485661 0.008712 0.686881
0.490545 0.009494 0.693798
0.495306 0.010330 0.700541
0.499940 0.011221 0.707107
0.504447 0.012172 0.713495
0.508826 0.013183 0.719704
0.513075 0.014257 0.725731
0.517193 0.015397 0.731576
0.521179 0.016606 0.737236
0.525032 0.017886 0.742711
0.528750 0.019240 0.747999
0.532332 0.020669 0.753099
0.535777 0.022177 0.758009
0.539083 0.023767 0.762729
0.542250 0.025440 0.767256
0.545277 0.027200 0.771590
0.548162 0.029048 0.775730
0.550904 0.030987 0.779674
0.553501 0.033020 0.783423
0.555954 0.035149 0.786974
0.558260 0.037377 0.790327
0.560419 0.039704 0.793481
0.562428 0.042135 0.796435
0.564288 0.044671 0.799189
0.565997 0.047313 0.801741
0.567554 0.050064 0.804092
0.568957 0.052926 0.806240
0.570206 0.055901 0.808186
0.571299 0.058990 0.809928
0.572235 0.062195 0.811466
0.573012 0.065517 0.812799
0.573631 0.068958 0.813929
0.574088 0.072519 0.814853
0.574384 0.076201 0.815572
0.574517 0.080005 0.816086
0.574485 0.083932 0.816394
0.574288 0.087982 0.816497
0.573996 0.092159 0.816497
0.573617 0.096465 0.816406
0.573085 0.100898 0.816134
0.572399 0.105458 0.815680
0.571558 0.110145 0.815046
0.570560 0.114960 0.814230
0.569404 0.119901 0.813234
0.568088 0.124970 0.812058
0.566611 0.130165 0.810703
0.564973 0.135485 0.809168
0.563171 0.140930 0.807456
0.561204 0.146498 0.805566
0.559071 0.152189 0.803499
0.556771 0.158001 0.801256
0.554303 0.163932 0.798839
0.551665 0.169981 0.796249
0.548856 0.176145 0.793485
0.545875 0.182422 0.790551
0.542720 0.188810 0.787446
0.539392 0.195307 0.784173
0.535888 0.201908 0.780733
0.532207 0.208613 0.777128
0.528349 0.215416 0.773358
0.524313 0.222315 0.769426
0.520098 0.229307 0.765333
0.515702 0.236387 0.761082
0.511126 0.243551 0.756674
0.506368 0.250795 0.752111
0.501428 0.258115 0.747395
0.496305 0.265507 0.742529
0.490999 0.272965 0.737513
0.485509 0.280485 0.732352
0.479835 0.288062 0.727046
0.473976 0.295689 0.721599
0.467934 0.303363 0.716012
0.461707 0.311077 0.710288
0.455295 0.318826 0.704431
0.448700 0.326604 0.698441
0.441921 0.334404 0.692323
0.434958 0.342221 0.686078
0.427813 0.350049 0.679710
0.420485 0.357880 0.673221
0.412976 0.365710 0.666614
0.405287 0.373530 0.659892
0.397419 0.381335 0.653059
0.389373 0.389117 0.646117
0.381151 0.396871 0.639069
0.372754 0.404588 0.631918
0.364184 0.412263 0.624668
0.355443 0.419888 0.617322
0.346533 0.427456 0.609883
0.337456 0.434960 0.602354
0.328215 0.442393 0.594739
0.318813 0.449749 0.587041
0.309252 0.457021 0.579263
0.299535 0.464200 0.571410
0.289666 0.471281 0.563484
0.279647 0.478257 0.555488
0.269483 0.485121 0.547428
0.259177 0.491866 0.539306
0.248733 0.498485 0.531125
0.238156 0.504973 0.522890
0.227448 0.511322 0.514603
0.216616 0.517527 0.506270
0.205663 0.523580 0.497893
0.194595 0.529478 0.489476
0.183416 0.535212 0.481023
0.172131 0.540778 0.472537
0.160746 0.546171 0.464023
0.149267 0.551385 0.455485
0.137698 0.556414 0.446925
0.126046 0.561254 0.438348
0.114316 0.565901 0.429758
0.102515 0.570349 0.421158
0.090648 0.574596 0.412552
0.078722 0.578635 0.403945
0.066744 0.582465 0.395339
0.054719 0.586081 0.386739
0.042654 0.589481 0.378149
0.030557 0.592660 0.369572
0.018433 0.595618 0.361012
0.006289 0.598351 0.352473
-0.005868 0.600857 0.343959
-0.018030 0.603135 0.335474
-0.030192 0.605183 0.327021
-0.042346 0.606999 0.318604
-0.054485 0.608584 0.310227
-0.066603 0.609936 0.301893
-0.078692 0.611055 0.293607
-0.090745 0.611941 0.285372
-0.102756 0.612595 0.277191
-0.114718 0.613017 0.269069
-0.126624 0.613209 0.261008
-0.138468 0.613170 0.253013
-0.150242 0.612903 0.245087
-0.161941 0.612410 0.237233
-0.173558 0.611693 0.229456
-0.185086 0.610755 0.221758
-0.196520 0.609597 0.214143
-0.207854 0.608223 0.206614
-0.219080 0.606636 0.199175
-0.230195 0.604840 0.191829
-0.241192 0.602839 0.184579
-0.252066 0.600636 0.177428
-0.262811 0.598235 0.170380
-0.273422 0.595642 0.163438
-0.283896 0.592861 0.156604
-0.294226 0.589897 0.149883
-0.304409 0.586754 0.143276
-0.314440 0.583439 0.136787
-0.324315 0.579957 0.130419
-0.334031 0.576313 0.124174
-0.343584 0.572513 0.118056
-0.352971 0.568564 0.112066
-0.362189 0.564471 0.106208
-0.371234 0.560242 0.100485
-0.380105 0.555881 0.094898
-0.388799 0.551396 0.089451
-0.397314 0.546793 0.084145
-0.405649 0.542079 0.078983
-0.413801 0.537261 0.073968
-0.421770 0.532345 0.069101
-0.429554 0.527339 0.064386
-0.437153 0.522249 0.059823
-0.444567 0.517082 0.055414
-0.451795 0.511845 0.051163
-0.458837 0.506545 0.047071
-0.465695 0.501190 0.043139
-0.472367 0.495785 0.039369
-0.478855 0.490338 0.035763
-0.485161 0.484855 0.032323
-0.491285 0.479344 0.029050
-0.497230 0.473812 0.025946
-0.502997 0.468264 0.023011
-0.508588 0.462707 0.020248
-0.514005 0.457148 0.017657
-0.519252 0.451594 0.015240
-0.524330 0.446050 0.012998
-0.529244 0.440522 0.010931
-0.533995 0.435017 0.009041
-0.538589 0.429541 0.007328
-0.543027 0.424099 0.005794
-0.547315 0.418697 0.004438
-0.551455 0.413340 0.003262
-0.555453 0.408034 0.002267
-0.559313 0.402783 0.001451
-0.563039 0.397593 0.000816
-0.566636 0.392468 0.000363
-0.570109 0.387413 0.000091
-0.573463 0.382433 0.000000
-0.576738 0.377476 0.000000
-0.579969 0.372491 0.000000
-0.583158 0.367479 0.000000
-0.586304 0.362440 0.000000
-0.589406 0.357373 0.000000
-0.592464 0.352280 0.000000
-0.595478 0.347161 0.000000
-0.598448 0.342016 0.000000
-0.601373 0.336845 0.000000
-0.604254 0.331650 0.000000
-0.607090 0.326430 0.000000
-0.609880 0.321186 0.000000
-0.612626 0.315918 0.000000
-0.615326 0.310626 0.000000
-0.617980 0.305311 0.000000
-0.620588 0.299974 0.000000
-0.623151 0.294614 0.000000
-0.625667 0.289233 0.000000
-0.628136 0.283830 0.000000
-0.630559 0.278406 0.000000
-0.632935 0.272961 0.000000
-0.635264 0.267496 0.000000
-0.637546 0.262011 0.000000
-0.639780 0.256506 0.000000
-0.641967 0.250983 0.000000
-0.644106 0.245441 0.000000
-0.646198 0.239881 0.000000
-0.648241 0.234302 0.000000
-0.650236 0.228707 0.000000
-0.652183 0.223094 0.000000
-0.654082 0.217465 0.000000
-0.655932 0.211820 0.000000
-0.657733 0.206159 0.000000
-0.659485 0.200483 0.000000
-0.661189 0.194792 0.000000
-0.662843 0.189086 0.000000
-0.664448 0.183366 0.000000
-0.666004 0.177633 0.000000
-0.667510 0.171886 0.000000
-0.668966 0.166127 0.000000
-0.670373 0.160355 0.000000
-0.671730 0.154572 0.000000
-0.673038 0.148777 0.000000
-0.674295 0.142971 0.000000
-0.675502 0.137154 0.000000
-0.676659 0.131327 0.000000
-0.677766 0.125491 0.000000
-0.678822 0.119645 0.000000
-0.679828 0.113790 0.000000
-0.680784 0.107927 0.000000
-0.681688 0.102055 0.000000
-0.682543 0.096176 0.000000
-0.683346 0.090290 0.000000
-0.684099 0.084398 0.000000
-0.684801 0.078499 0.000000
-0.685452 0.072594 0.000000
-0.686052 0.066684 0.000000
-0.686601 0.060768 0.000000
-0.687100 0.054849 0.000000
-0.687547 0.048925 0.000000
-0.687943 0.042997 0.000000
-0.688288 0.037067 0.000000
-0.688582 0.031134 0.000000
-0.688825 0.025198 0.000000
-0.689016 0.019260 0.000000
-0.689157 0.013321 0.000000
-0.689246 0.007381 0.000000
-0.689284 0.001441 0.000000
-0.689271 -0.004500 0.000000
-0.689206 -0.010440 0.000000
-0.689091 -0.016380 0.000000
-0.688924 -0.022318 0.000000
-0.688706 -0.028254 0.000000
-0.688437 -0.034189 0.000000
-0.688117 -0.040121 0.000000
-0.687745 -0.046050 0.000000
-0.687323 -0.051976 0.000000
-0.686849 -0.057897 0.000000
-0.686325 -0.063815 0.000000
-0.685750 -0.069727 0.000000
-0.685123 -0.075635 0.000000
-0.684446 -0.081537 0.000000
-0.683718 -0.087433 0.000000
-0.682939 -0.093322 0.000000
-0.682109 -0.099204 0.000000
-0.681229 -0.105079 0.000000
-0.680298 -0.110947 0.000000
-0.679316 -0.116806 0.000000
-0.678284 -0.122656 0.000000
-0.677202 -0.128497 0.000000
-0.676070 -0.134329 0.000000
-0.674887 -0.140150 0.000000
-0.673654 -0.145962 0.000000
-0.672371 -0.151762 0.000000
-0.671038 -0.157551 0.000000
-0.669655 -0.163329 0.000000
-0.668223 -0.169094 0.000000
-0.666740 -0.174847 0.000000
-0.665209 -0.180587 0.000000
-0.663628 -0.186313 0.000000
-0.661997 -0.192026 0.000000
-0.660318 -0.197724 0.000000
-0.658589 -0.203407 0.000000
-0.656812 -0.209076 0.000000
-0.654985 -0.214729 0.000000
-0.653110 -0.220366 0.000000
-0.651187 -0.225986 0.000000
-0.649215 -0.231590 0.000000
-0.647195 -0.237177 0.000000
-0.645127 -0.242746 0.000000
-0.643011 -0.248297 0.000000
-0.640847 -0.253829 0.000000
-0.638636 -0.259343 0.000000
-0.636377 -0.264837 0.000000
-0.634071 -0.270312 0.000000
-0.631717 -0.275767 0.000000
-0.629317 -0.281201 0.000000
-0.626870 -0.286614 0.000000
-0.624377 -0.292006 0.000000
-0.621837 -0.297377 0.000000
-0.619251 -0.302725 0.000000
-0.616619 -0.308051 0.000000
-0.613941 -0.313354 0.000000
-0.611218 -0.318633 0.000000
-0.608449 -0.323889 0.000000
-0.605635 -0.329121 0.000000
-0.602776 -0.334328 0.000000
-0.599872 -0.339511 0.000000
-0.596924 -0.344668 0.000000
-0.593931 -0.349800 0.000000
-0.590894 -0.354906 0.000000
-0.587814 -0.359985 0.000000
-0.584689 -0.365038 0.000000
-0.581522 -0.370063 0.000000
-0.578311 -0.375061 0.000000
-0.575057 -0.380032 0.000000
-0.571760 -0.384974 0.000000
-0.568421 -0.389887 0.000000
-0.565040 -0.394771 0.000000
-0.561616 -0.399627 0.000000
-0.558151 -0.404452 0.000000
-0.554645 -0.409247 0.000000
-0.551097 -0.414012 0.000000
-0.547509 -0.418747 0.000000
-0.543879 -0.423450 0.000000
-0.540210 -0.428121 0.000000
-0.536500 -0.432761 0.000000
-0.532750 -0.437369 0.000000
-0.528961 -0.441944 0.000000
-0.525132 -0.446487 0.000000
-0.521265 -0.450996 0.000000
-0.517359 -0.455472 0.000000
-0.513414 -0.459914 0.000000
-0.509431 -0.464321 0.000000
-0.505410 -0.468695 0.000000
-0.501352 -0.473033 0.000000
-0.497257 -0.477336 0.000000
-0.493124 -0.481604 0.000000
-0.488955 -0.485836 0.000000
-0.484750 -0.490032 0.000000
-0.480509 -0.494192 0.000000
-0.476232 -0.498315 0.000000
-0.471919 -0.502401 0.000000
-0.467572 -0.506449 0.000000
-0.463190 -0.510460 0.000000
-0.458773 -0.514433 0.000000
-0.454323 -0.518368 0.000000
-0.449838 -0.522264 0.000000
-0.445320 -0.526122 0.000000
-0.440769 -0.529940 0.000000
-0.436186 -0.533719 0.000000
-0.431570 -0.537459 0.000000
-0.426922 -0.541158 0.000000
-0.422242 -0.544817 0.000000
-0.417531 -0.548436 0.000000
-0.412789 -0.552014 0.000000
-0.408016 -0.555551 0.000000
-0.403213 -0.559047 0.000000
-0.398379 -0.562502 0.000000
-0.393517 -0.565914 0.000000
-0.388625 -0.569285 0.000000
-0.383704 -0.572613 0.000000
-0.378755 -0.575898 0.000000
-0.373777 -0.579141 0.000000
-0.368772 -0.582341 0.000000
-0.363740 -0.585498 0.000000
-0.358680 -0.588611 0.000000
-0.353594 -0.591680 0.000000
-0.348481 -0.594706 0.000000
-0.343343 -0.597687 0.000000
-0.338179 -0.600624 0.000000
-0.332990 -0.603516 0.000000
-0.327776 -0.606364 0.000000
-0.322538 -0.609166 0.000000
-0.317276 -0.611923 0.000000
-0.311990 -0.614635 0.000000
-0.306682 -0.617301 0.000000
-0.301350 -0.619921 0.000000
-0.295996 -0.622495 0.000000
-0.290620 -0.625023 0.000000
-0.285223 -0.627505 0.000000
-0.279804 -0.629940 0.000000
-0.274365 -0.632328 0.000000
-0.268905 -0.634669 0.000000
-0.263425 -0.636963 0.000000
-0.257925 -0.639209 0.000000
-0.252407 -0.641409 0.000000
-0.246869 -0.643560 0.000000
-0.241314 -0.645664 0.000000
-0.235740 -0.647720 0.000000
-0.230149 -0.649727 0.000000
-0.224541 -0.651687 0.000000
-0.218916 -0.653598 0.000000
-0.213275 -0.655460 0.000000
-0.207618 -0.657274 0.000000
-0.201946 -0.659039 0.000000
-0.196258 -0.660755 0.000000
-0.190556 -0.662422 0.000000
-0.184840 -0.664039 0.000000
-0.179110 -0.665608 0.000000
-0.173367 -0.667127 0.000000
-0.167611 -0.668596 0.000000
-0.161843 -0.670016 0.000000
-0.156062 -0.671386 0.000000
-0.150270 -0.672706 0.000000
-0.144467 -0.673976 0.000000
-0.138653 -0.675196 0.000000
-0.132828 -0.676366 0.000000
-0.126994 -0.677486 0.000000
-0.121151 -0.678555 0.000000
-0.115298 -0.679574 0.000000
-0.109437 -0.680542 0.000000
-0.103568 -0.681460 0.000000
-0.097691 -0.682327 0.000000
-0.091806 -0.683144 0.000000
-0.085915 -0.683910 0.000000
-0.080018 -0.684625 0.000000
-0.074115 -0.685289 0.000000
-0.068206 -0.685902 0.000000
-0.062292 -0.686465 0.000000
-0.056373 -0.686976 0.000000
-0.050450 -0.687437 0.000000
-0.044524 -0.687846 0.000000
-0.038594 -0.688204 0.000000
-0.032661 -0.688511 0.000000
-0.026726 -0.688767 0.000000
-0.020789 -0.688972 0.000000
-0.014850 -0.689125 0.000000
-0.008911 -0.689228 0.000000
-0.002970 -0.689279 0.000000
0.002970 -0.689279 0.000000
0.008911 -0.689228 0.000000
0.014850 -0.689125 0.000000
0.020789 -0.688972 0.000000
0.026726 -0.688767 0.000000
0.032661 -0.688511 0.000000
0.038594 -0.688204 0.000000
0.044524 -0.687846 0.000000
0.050450 -0.687437 0.000000
0.056373 -0.686976 0.000000
0.062292 -0.686465 0.000000
0.068206 -0.685902 0.000000
0.074115 -0.685289 0.000000
0.080018 -0.684625 0.000000
0.085915 -0.683910 0.000000
0.091806 -0.683144 0.000000
0.097691 -0.682327 0.000000
0.103568 -0.681460 0.000000
0.109437 -0.680542 0.000000
0.115298 -0.679574 0.000000
0.121151 -0.678555 0.000000
0.126994 -0.677486 0.000000
0.132828 -0.676366 0.000000
0.138653 -0.675196 0.000000
0.144467 -0.673976 0.000000
0.150270 -0.672706 0.000000
0.156062 -0.671386 0.000000
0.161843 -0.670016 0.000000
0.167611 -0.668596 0.000000
0.173367 -0.667127 0.000000
0.179110 -0.665608 0.000000
0.184840 -0.664039 0.000000
0.190556 -0.662422 0.000000
0.196258 -0.660755 0.000000
0.201946 -0.659039 0.000000
0.207618 -0.657274 0.000000
0.213275 -0.655460 0.000000
0.218916 -0.653598 0.000000
0.224541 -0.651687 0.000000
0.230149 -0.649727 0.000000
0.235740 -0.647720 0.000000
0.241314 -0.645664 0.000000
0.246869 -0.643560 0.000000
0.252407 -0.641409 0.000000
0.257925 -0.639209 0.000000
0.263425 -0.636963 0.000000
0.268905 -0.634669 0.000000
0.274365 -0.632328 0.000000
0.279804 -0.629940 0.000000
0.285223 -0.627505 0.000000
0.290620 -0.625023 0.000000
0.295996 -0.622495 0.000000
0.301350 -0.619921 0.000000
0.306682 -0.617301 0.000000
0.311990 -0.614635 0.000000
0.317276 -0.611923 0.000000
0.322538 -0.609166 0.000000
0.327776 -0.606364 0.000000
0.332990 -0.603516 0.000000
0.338179 -0.600624 0.000000
0.343343 -0.597687 0.000000
0.348481 -0.594706 0.000000
0.353594 -0.591680 0.000000
0.358680 -0.588611 0.000000
0.363740 -0.585498 0.000000
0.368772 -0.582341 0.000000
0.373777 -0.579141 0.000000
0.378755 -0.575898 0.000000
0.383704 -0.572613 0.000000
0.388625 -0.569285 0.000000
0.393517 -0.565914 0.000000
0.398379 -0.562502 0.000000
0.403213 -0.559047 0.000000
0.408016 -0.555551 0.000000
0.412789 -0.552014 0.000000
0.417531 -0.548436 0.000000
0.422242 -0.544817 0.000000
0.426922 -0.541158 0.000000
0.431570 -0.537459 0.000000
0.436186 -0.533719 0.000000
0.440769 -0.529940 0.000000
0.445320 -0.526122 0.000000
0.449838 -0.522264 0.000000
0.454323 -0.518368 0.000000
0.458773 -0.514433 0.000000
0.463190 -0.510460 0.000000
0.467572 -0.506449 0.000000
0.471919 -0.502401 0.000000
0.476232 -0.498315 0.000000
0.480509 -0.494192 0.000000
0.484750 -0.490032 0.000000
0.488955 -0.485836 0.000000
0.493124 -0.481604 0.000000
0.497257 -0.477336 0.000000
0.501352 -0.473033 0.000000
0.505410 -0.468695 0.000000
0.509431 -0.464321 0.000000
0.513414 -0.459914 0.000000
0.517359 -0.455472 0.000000
0.521265 -0.450996 0.000000
0.525132 -0.446487 0.000000
0.528961 -0.441944 0.000000
0.532750 -0.437369 0.000000
0.536500 -0.432761 0.000000
0.540210 -0.428121 0.000000
0.543879 -0.423450 0.000000
0.547509 -0.418747 0.000000
0.551097 -0.414012 0.000000
0.554645 -0.409247 0.000000
0.558151 -0.404452 0.000000
0.561616 -0.399627 0.000000
0.565040 -0.394771 0.000000
0.568421 -0.389887 0.000000
0.571760 -0.384974 0.000000
0.575057 -0.380032 0.000000
0.578311 -0.375061 0.000000
0.581522 -0.370063 0.000000
0.584689 -0.365038 0.000000
0.587814 -0.359985 0.000000
0.590894 -0.354906 0.000000
0.593931 -0.349800 0.000000
0.596924 -0.344668 0.000000
0.599872 -0.339511 0.000000
0.602776 -0.334328 0.000000
0.605635 -0.329121 0.000000
0.608449 -0.323889 0.000000
0.611218 -0.318633 0.000000
0.613941 -0.313354 0.000000
0.616619 -0.308051 0.000000
0.619251 -0.302725 0.000000
0.621837 -0.297377 0.000000
0.624377 -0.292006 0.000000
0.626870 -0.286614 0.000000
0.629317 -0.281201 0.000000
0.631717 -0.275767 0.000000
0.634071 -0.270312 0.000000
0.636377 -0.264837 0.000000
0.638636 -0.259343 0.000000
0.640847 -0.253829 0.000000
0.643011 -0.248297 0.000000
0.645127 -0.242746 0.000000
0.647195 -0.237177 0.000000
0.649215 -0.231590 0.000000
0.651187 -0.225986 0.000000
0.653110 -0.220366 0.000000
0.654985 -0.214729 0.000000
0.656812 -0.209076 0.000000
0.658589 -0.203407 0.000000
0.660318 -0.197724 0.000000
0.661997 -0.192026 0.000000
0.663628 -0.186313 0.000000
0.665209 -0.180587 0.000000
0.666740 -0.174847 0.000000
0.668223 -0.169094 0.000000
0.669655 -0.163329 0.000000
0.671038 -0.157551 0.000000
0.672371 -0.151762 0.000000
0.673654 -0.145962 0.000000
0.674887 -0.140150 0.000000
0.676070 -0.134329 0.000000
0.677202 -0.128497 0.000000
0.678284 -0.122656 0.000000
0.679316 -0.116806 0.000000
0.680298 -0.110947 0.000000
0.681229 -0.105079 0.000000
0.682109 -0.099204 0.000000
0.682939 -0.093322 0.000000
0.683718 -0.087433 0.000000
0.684446 -0.081537 0.000000
0.685123 -0.075635 0.000000
0.685750 -0.069727 0.000000
0.686325 -0.063815 0.000000
0.686849 -0.057897 0.000000
0.687323 -0.051976 0.000000
0.687745 -0.046050 0.000000
0.688117 -0.040121 0.000000
0.688437 -0.034189 0.000000
0.688706 -0.028254 0.000000
0.688924 -0.022318 0.000000
0.689091 -0.016380 0.000000
0.689206 -0.010440 0.000000
0.689271 -0.004500 0.000000
0.689284 0.001441 0.000000
0.689246 0.007381 0.000000
0.689157 0.013321 0.000000
0.689016 0.019260 0.000000
0.688825 0.025198 0.000000
0.688582 0.031134 0.000000
0.688288 0.037067 0.000000
0.687943 0.042997 0.000000
0.687547 0.048925 0.000000
0.687100 0.054849 0.000000
0.686601 0.060768 0.000000
0.686052 0.066684 0.000000
0.685452 0.072594 0.000000
0.684801 0.078499 0.000000
0.684099 0.084398 0.000000
0.683346 0.090290 0.000000
0.682543 0.096176 0.000000
0.681688 0.102055 0.000000
0.680784 0.107927 0.000000
0.679828 0.113790 0.000000
0.678822 0.119645 0.000000
0.677766 0.125491 0.000000
0.676659 0.131327 0.000000
0.675502 0.137154 0.000000
0.674295 0.142971 0.000000
0.673038 0.148777 0.000000
0.671730 0.154572 0.000000
0.670373 0.160355 0.000000
0.668966 0.166127 0.000000
0.667510 0.171886 0.000000
0.666004 0.177633 0.000000
0.664448 0.183366 0.000000
0.662843 0.189086 0.000000
0.661189 0.194792 0.000000
0.659485 0.200483 0.000000
0.657733 0.206159 0.000000
0.655932 0.211820 0.000000
0.654082 0.217465 0.000000
0.652183 0.223094 0.000000
0.650236 0.228707 0.000000
0.648241 0.234302 0.000000
0.646198 0.239881 0.000000
0.644106 0.245441 0.000000
0.641967 0.250983 0.000000
0.639780 0.256506 0.000000
0.637546 0.262011 0.000000
0.635264 0.267496 0.000000
0.632935 0.272961 0.000000
0.630559 0.278406 0.000000
0.628136 0.283830 0.000000
0.625667 0.289233 0.000000
0.623151 0.294614 0.000000
0.620588 0.299974 0.000000
0.617980 0.305311 0.000000
0.615326 0.310626 0.000000
0.612626 0.315918 0.000000
0.609880 0.321186 0.000000
0.607090 0.326430 0.000000
0.604254 0.331650 0.000000
0.601373 0.336845 0.000000
0.598448 0.342016 0.000000
0.595478 0.347161 0.000000
0.592464 0.352280 0.000000
0.589406 0.357373 0.000000
0.586304 0.362440 0.000000
0.583158 0.367479 0.000000
0.579969 0.372491 0.000000
0.576738 0.377476 0.000000
0.573463 0.382433 0.000000
0.570109 0.387413 -0.000091
0.566636 0.392468 -0.000363
0.563039 0.397593 -0.000816
0.559313 0.402783 -0.001451
0.555453 0.408034 -0.002267
0.551455 0.413340 -0.003262
0.547315 0.418697 -0.004438
0.543027 0.424099 -0.005794
0.538589 0.429541 -0.007328
0.533995 0.435017 -0.009041
0.529244 0.440522 -0.010931
0.524330 0.446050 -0.012998
0.519252 0.451594 -0.015240
0.514005 0.457148 -0.017657
0.508588 0.462707 -0.020248
0.502997 0.468264 -0.023011
0.497230 0.473812 -0.025946
0.491285 0.479344 -0.029050
0.485161 0.484855 -0.032323
0.478855 0.490338 -0.035763
0.472367 0.495785 -0.039369
0.465695 0.501190 -0.043139
0.458837 0.506545 -0.047071
0.451795 0.511845 -0.051163
0.444567 0.517082 -0.055414
0.437153 0.522249 -0.059823
0.429554 0.527339 -0.064386
0.421770 0.532345 -0.069101
0.413801 0.537261 -0.073968
0.405649 0.542079 -0.078983
0.397314 0.546793 -0.084145
0.388799 0.551396 -0.089451
0.380105 0.555881 -0.094898
0.371234 0.560242 -0.100485
0.362189 0.564471 -0.106208
0.352971 0.568564 -0.112066
0.343584 0.572513 -0.118056
0.334031 0.576313 -0.124174
0.324315 0.579957 -0.130419
0.314440 0.583439 -0.136787
0.304409 0.586754 -0.143276
0.294226 0.589897 -0.149883
0.283896 0.592861 -0.156604
0.273422 0.595642 -0.163438
0.262811 0.598235 -0.170380
0.252066 0.600636 -0.177428
0.241192 0.602839 -0.184579
0.230195 0.604840 -0.191829
0.219080 0.606636 -0.199175
0.207854 0.608223 -0.206614
0.196520 0.609597 -0.214143
0.185086 0.610755 -0.221758
0.173558 0.611693 -0.229456
0.161941 0.612410 -0.237233
0.150242 0.612903 -0.245087
0.138468 0.613170 -0.253013
0.126624 0.613209 -0.261008
0.114718 0.613017 -0.269069
0.102756 0.612595 -0.277191
0.090745 0.611941 -0.285372
0.078692 0.611055 -0.293607
0.066603 0.609936 -0.301893
0.054485 0.608584 -0.310227
0.042346 0.606999 -0.318604
0.030192 0.605183 -0.327021
0.018030 0.603135 -0.335474
0.005868 0.600857 -0.343959
-0.006289 0.598351 -0.352473
-0.018433 0.595618 -0.361012
-0.030557 0.592660 -0.369572
-0.042654 0.589481 -0.378149
-0.054719 0.586081 -0.386739
-0.066744 0.582465 -0.395339
-0.078722 0.578635 -0.403945
-0.090648 0.574596 -0.412552
-0.102515 0.570349 -0.421158
-0.114316 0.565901 -0.429758
-0.126046 0.561254 -0.438348
-0.137698 0.556414 -0.446925
-0.149267 0.551385 -0.455485
-0.160746 0.546171 -0.464023
-0.172131 0.540778 -0.472537
-0.183416 0.535212 -0.481023
-0.194595 0.529478 -0.489476
-0.205663 0.523580 -0.497893
-0.216616 0.517527 -0.506270
-0.227448 0.511322 -0.514603
-0.238156 0.504973 -0.522890
-0.248733 0.498485 -0.531125
-0.259177 0.491866 -0.539306
-0.269483 0.485121 -0.547428
-0.279647 0.478257 -0.555488
-0.289666 0.471281 -0.563484
-0.299535 0.464200 -0.571410
-0.309252 0.457021 -0.579263
-0.318813 0.449749 -0.587041
-0.328215 0.442393 -0.594739
-0.337456 0.434960 -0.602354
-0.346533 0.427456 -0.609883
-0.355443 0.419888 -0.617322
-0.364184 0.412263 -0.624668
-0.372754 0.404588 -0.631918
-0.381151 0.396871 -0.639069
-0.389373 0.389117 -0.646117
-0.397419 0.381335 -0.653059
-0.405287 0.373530 -0.659892
-0.412976 0.365710 -0.666614
-0.420485 0.357880 -0.673221
-0.427813 0.350049 -0.679710
-0.434958 0.342221 -0.686078
-0.441921 0.334404 -0.692323
-0.448700 0.326604 -0.698441
-0.455295 0.318826 -0.704431
-0.461707 0.311077 -0.710288
-0.467934 0.303363 -0.716012
-0.473976 0.295689 -0.721599
-0.479835 0.288062 -0.727046
-0.485509 0.280485 -0.732352
-0.490999 0.272965 -0.737513
-0.496305 0.265507 -0.742529
-0.501428 0.258115 -0.747395
-0.506368 0.250795 -0.752111
-0.511126 0.243551 -0.756674
-0.515702 0.236387 -0.761082
-0.520098 0.229307 -0.765333
-0.524313 0.222315 -0.769426
-0.528349 0.215416 -0.773358
-0.532207 0.208613 -0.777128
-0.535888 0.201908 -0.780733
-0.539392 0.195307 -0.784173
-0.542720 0.188810 -0.787446
-0.545875 0.182422 -0.790551
-0.548856 0.176145 -0.793485
-0.551665 0.169981 -0.796249
-0.554303 0.163932 -0.798839
-0.556771 0.158001 -0.801256
-0.559071 0.152189 -0.803499
-0.561204 0.146498 -0.805566
-0.563171 0.140930 -0.807456
-0.564973 0.135485 -0.809168
-0.566611 0.130165 -0.810703
-0.568088 0.124970 -0.812058
-0.569404 0.119901 -0.813234
-0.570560 0.114960 -0.814230
-0.571558 0.110145 -0.815046
-0.572399 0.105458 -0.815680
-0.573085 0.100898 -0.816134
-0.573617 0.096465 -0.816406
-0.573996 0.092159 -0.816497
-0.574288 0.087982 -0.816497
-0.574485 0.083932 -0.816394
-0.574517 0.080005 -0.816086
-0.574384 0.076201 -0.815572
-0.574088 0.072519 -0.814853
-0.573631 0.068958 -0.813929
-0.573012 0.065517 -0.812799
-0.572235 0.062195 -0.811466
-0.571299 0.058990 -0.809928
-0.570206 0.055901 -0.808186
-0.568957 0.052926 -0.806240
-0.567554 0.050064 -0.804092
-0.565997 0.047313 -0.801741
-0.564288 0.044671 -0.799189
-0.562428 0.042135 -0.796435
-0.560419 0.039704 -0.793481
-0.558260 0.037377 -0.790327
-0.555954 0.035149 -0.786974
-0.553501 0.033020 -0.783423
-0.550904 0.030987 -0.779674
-0.548162 0.029048 -0.775730
-0.545277 0.027200 -0.771590
-0.542250 0.025440 -0.767256
-0.539083 0.023767 -0.762729
-0.535777 0.022177 -0.758009
-0.532332 0.020669 -0.753099
-0.528750 0.019240 -0.747999
-0.525032 0.017886 -0.742711
-0.521179 0.016606 -0.737236
-0.517193 0.015397 -0.731576
-0.513075 0.014257 -0.725731
-0.508826 0.013183 -0.719704
-0.504447 0.012172 -0.713495
-0.499940 0.011221 -0.707107
-0.495306 0.010330 -0.700541
-0.490545 0.009494 -0.693798
-0.485661 0.008712 -0.686881
-0.480653 0.007981 -0.679790
-0.475523 0.007299 -0.672529
-0.470273 0.006664 -0.665098
-0.464904 0.006073 -0.657500
-0.459417 0.005524 -0.649737
-0.453815 0.005015 -0.641810
-0.448097 0.004544 -0.633721
-0.442267 0.004109 -0.625473
-0.436325 0.003707 -0.617067
-0.430272 0.003338 -0.608506
-0.424112 0.002998 -0.599792
-0.417844 0.002687 -0.590926
-0.411471 0.002402 -0.581912
-0.404994 0.002142 -0.572752
-0.398415 0.001905 -0.563447
-0.391736 0.001689 -0.554001
-0.384958 0.001494 -0.544415
-0.378083 0.001317 -0.534692
-0.371113 0.001158 -0.524834
-0.364049 0.001015 -0.514844
-0.356894 0.000886 -0.504725
-0.349649 0.000771 -0.494478
-0.342315 0.000668 -0.484107
-0.334896 0.000577 -0.473614
-0.327392 0.000497 -0.463002
-0.319806 0.000425 -0.452274
-0.312139 0.000363 -0.441431
-0.304394 0.000308 -0.430478
-0.296572 0.000260 -0.419416
-0.288675 0.000218 -0.408248
-0.280706 0.000182 -0.396978
-0.272666 0.000151 -0.385608
-0.264557 0.000125 -0.374140
-0.256382 0.000102 -0.362579
-0.248142 0.000083 -0.350926
-0.239840 0.000067 -0.339185
-0.231477 0.000054 -0.327358
-0.223056 0.000043 -0.315449
-0.214579 0.000033 -0.303461
-0.206048 0.000026 -0.291396
-0.197465 0.000020 -0.279258
-0.188833 0.000015 -0.267050
-0.180153 0.000011 -0.254774
-0.171427 0.000008 -0.242434
-0.162658 0.000006 -0.230034
-0.153849 0.000004 -0.217575
-0.145000 0.000003 -0.205061
-0.136115 0.000002 -0.192496
-0.127196 0.000001 -0.179883
-0.118245 0.000001 -0.167224
-0.109264 0.000001 -0.154523
-0.100256 0.000000 -0.141783
-0.091222 0.000000 -0.129008
-0.082166 0.000000 -0.116200
-0.073088 0.000000 -0.103362
-0.063992 0.000000 -0.090499
-0.054881 0.000000 -0.077613
-0.045755 0.000000 -0.064707
-0.036618 0.000000 -0.051785
-0.027471 0.000000 -0.038850
-0.018318 0.000000 -0.025906
-0.009160 0.000000 -0.012955
0.000000 0.000000 0.000000
##END
