##TITLE= xc
##JCAMP-DX= 5.00 Bruker JCAMP library
##DATA TYPE= Shape Data
##ORIGIN= Bruker Analytik GmbH
##OWNER= <nmrsu>
##DATE= xx
##TIME= xx
##MINX= 0
##MAXX= 1
##MINY= 0
##MAXY= 1
##$SHAPE_EXMODE= Gradient
##$SHAPE_TOTROT= 0
##$SHAPE_BWFAC= 0
##$SHAPE_INTEGFAC= 0
##$SHAPE_MODE= 0
##NPOINTS=960
##XYDATA= (X++(Y..Y))
-0.005054
-0.011552
-0.018050
-0.024548
-0.031046
-0.037545
-0.044043
-0.050541
-0.004127
-0.009432
-0.014738
-0.020044
-0.025349
-0.030655
-0.035961
-0.041266
-0.002918
-0.006670
-0.010421
-0.014173
-0.017925
-0.021676
-0.025428
-0.029180
-0.000000
-0.000000
-0.000000
-0.000000
-0.000000
-0.000000
-0.000000
-0.000000
0.078238
0.178829
0.279421
0.380013
0.480604
0.581196
0.681787
0.782379
0.063881
0.146014
0.228146
0.310279
0.392412
0.474544
0.556677
0.638810
0.045171
0.103247
0.161324
0.219400
0.277477
0.335553
0.393630
0.451707
0.000000
0.000000
0.000000
0.000000
0.000000
0.000000
0.000000
0.000000
0.040194
0.091872
0.143551
0.195229
0.246907
0.298585
0.350264
0.401942
0.032818
0.075014
0.117209
0.159404
0.201599
0.243794
0.285989
0.328184
0.023206
0.053043
0.082879
0.112715
0.142552
0.172388
0.202225
0.232061
0.000000
0.000000
0.000000
0.000000
0.000000
0.000000
0.000000
0.000000
-0.018811
-0.042996
-0.067182
-0.091368
-0.115553
-0.139739
-0.163924
-0.188110
-0.015359
-0.035106
-0.054854
-0.074601
-0.094349
-0.114096
-0.133843
-0.153591
-0.010861
-0.024824
-0.038788
-0.052751
-0.066715
-0.080678
-0.094642
-0.108605
-0.000000
-0.000000
-0.000000
-0.000000
-0.000000
-0.000000
-0.000000
-0.000000
0.046785
0.106938
0.167091
0.227243
0.287396
0.347548
0.407701
0.467853
0.038200
0.087314
0.136429
0.185543
0.234658
0.283772
0.332886
0.382001
0.027012
0.061741
0.096470
0.131199
0.165928
0.200657
0.235386
0.270115
0.000000
0.000000
0.000000
0.000000
0.000000
0.000000
0.000000
0.000000
-0.091617
-0.209410
-0.327204
-0.444997
-0.562791
-0.680584
-0.798377
-0.916171
-0.074805
-0.170983
-0.267161
-0.363339
-0.459517
-0.555695
-0.651872
-0.748050
-0.052895
-0.120903
-0.188911
-0.256919
-0.324927
-0.392935
-0.460943
-0.528951
-0.000000
-0.000000
-0.000000
-0.000000
-0.000000
-0.000000
-0.000000
-0.000000
-0.056596
-0.129362
-0.202128
-0.274895
-0.347661
-0.420427
-0.493193
-0.565960
-0.046210
-0.105624
-0.165037
-0.224451
-0.283864
-0.343277
-0.402691
-0.462104
-0.032676
-0.074687
-0.116699
-0.158710
-0.200722
-0.242734
-0.284745
-0.326757
-0.000000
-0.000000
-0.000000
-0.000000
-0.000000
-0.000000
-0.000000
-0.000000
-0.045132
-0.103160
-0.161187
-0.219214
-0.277241
-0.335268
-0.393296
-0.451323
-0.036850
-0.084229
-0.131608
-0.178987
-0.226366
-0.273746
-0.321125
-0.368504
-0.026057
-0.059559
-0.093061
-0.126563
-0.160065
-0.193567
-0.227069
-0.260571
-0.000000
-0.000000
-0.000000
-0.000000
-0.000000
-0.000000
-0.000000
-0.000000
-0.058702
-0.134176
-0.209650
-0.285124
-0.360598
-0.436072
-0.511546
-0.587020
-0.047930
-0.109554
-0.171178
-0.232803
-0.294427
-0.356051
-0.417676
-0.479300
-0.033892
-0.077467
-0.121041
-0.164616
-0.208191
-0.251766
-0.295341
-0.338916
-0.000000
-0.000000
-0.000000
-0.000000
-0.000000
-0.000000
-0.000000
-0.000000
0.013178
0.030122
0.047066
0.064010
0.080953
0.097897
0.114841
0.131784
0.010760
0.024595
0.038429
0.052264
0.066098
0.079933
0.093767
0.107602
0.007609
0.017391
0.027173
0.036956
0.046738
0.056521
0.066303
0.076086
0.000000
0.000000
0.000000
0.000000
0.000000
0.000000
0.000000
0.000000
-0.084027
-0.192061
-0.300096
-0.408130
-0.516165
-0.624199
-0.732234
-0.840268
-0.068608
-0.156817
-0.245027
-0.333237
-0.421447
-0.509657
-0.597866
-0.686076
-0.048513
-0.110887
-0.173260
-0.235634
-0.298008
-0.360382
-0.422755
-0.485129
-0.000000
-0.000000
-0.000000
-0.000000
-0.000000
-0.000000
-0.000000
-0.000000
0.027438
0.062714
0.097991
0.133268
0.168545
0.203822
0.239099
0.274376
0.022403
0.051206
0.080010
0.108813
0.137616
0.166420
0.195223
0.224027
0.015841
0.036208
0.056575
0.076942
0.097310
0.117677
0.138044
0.158411
0.000000
0.000000
0.000000
0.000000
0.000000
0.000000
0.000000
0.000000
0.093103
0.212806
0.332510
0.452213
0.571917
0.691620
0.811324
0.931027
0.076018
0.173756
0.271493
0.369231
0.466968
0.564706
0.662443
0.760181
0.053753
0.122864
0.191975
0.261085
0.330196
0.399307
0.468418
0.537529
0.000000
0.000000
0.000000
0.000000
0.000000
0.000000
0.000000
0.000000
-0.012776
-0.029203
-0.045629
-0.062056
-0.078482
-0.094909
-0.111336
-0.127762
-0.010432
-0.023844
-0.037256
-0.050668
-0.064081
-0.077493
-0.090905
-0.104317
-0.007376
-0.016860
-0.026344
-0.035828
-0.045312
-0.054796
-0.064280
-0.073763
-0.000000
-0.000000
-0.000000
-0.000000
-0.000000
-0.000000
-0.000000
-0.000000
0.073791
0.168664
0.263538
0.358411
0.453285
0.548158
0.643032
0.737906
0.060250
0.137714
0.215178
0.292642
0.370106
0.447570
0.525033
0.602497
0.042603
0.097378
0.152154
0.206929
0.261704
0.316479
0.371255
0.426030
0.000000
0.000000
0.000000
0.000000
0.000000
0.000000
0.000000
0.000000
-0.005054
-0.011552
-0.018050
-0.024548
-0.031046
-0.037545
-0.044043
-0.050541
-0.004127
-0.009432
-0.014738
-0.020044
-0.025349
-0.030655
-0.035961
-0.041266
-0.002918
-0.006670
-0.010421
-0.014173
-0.017925
-0.021676
-0.025428
-0.029180
-0.000000
-0.000000
-0.000000
-0.000000
-0.000000
-0.000000
-0.000000
-0.000000
0.078238
0.178829
0.279421
0.380013
0.480604
0.581196
0.681787
0.782379
0.063881
0.146014
0.228146
0.310279
0.392412
0.474544
0.556677
0.638810
0.045171
0.103247
0.161324
0.219400
0.277477
0.335553
0.393630
0.451707
0.000000
0.000000
0.000000
0.000000
0.000000
0.000000
0.000000
0.000000
0.040194
0.091872
0.143551
0.195229
0.246907
0.298585
0.350264
0.401942
0.032818
0.075014
0.117209
0.159404
0.201599
0.243794
0.285989
0.328184
0.023206
0.053043
0.082879
0.112715
0.142552
0.172388
0.202225
0.232061
0.000000
0.000000
0.000000
0.000000
0.000000
0.000000
0.000000
0.000000
-0.018811
-0.042996
-0.067182
-0.091368
-0.115553
-0.139739
-0.163924
-0.188110
-0.015359
-0.035106
-0.054854
-0.074601
-0.094349
-0.114096
-0.133843
-0.153591
-0.010861
-0.024824
-0.038788
-0.052751
-0.066715
-0.080678
-0.094642
-0.108605
-0.000000
-0.000000
-0.000000
-0.000000
-0.000000
-0.000000
-0.000000
-0.000000
0.046785
0.106938
0.167091
0.227243
0.287396
0.347548
0.407701
0.467853
0.038200
0.087314
0.136429
0.185543
0.234658
0.283772
0.332886
0.382001
0.027012
0.061741
0.096470
0.131199
0.165928
0.200657
0.235386
0.270115
0.000000
0.000000
0.000000
0.000000
0.000000
0.000000
0.000000
0.000000
-0.091617
-0.209410
-0.327204
-0.444997
-0.562791
-0.680584
-0.798377
-0.916171
-0.074805
-0.170983
-0.267161
-0.363339
-0.459517
-0.555695
-0.651872
-0.748050
-0.052895
-0.120903
-0.188911
-0.256919
-0.324927
-0.392935
-0.460943
-0.528951
-0.000000
-0.000000
-0.000000
-0.000000
-0.000000
-0.000000
-0.000000
-0.000000
-0.056596
-0.129362
-0.202128
-0.274895
-0.347661
-0.420427
-0.493193
-0.565960
-0.046210
-0.105624
-0.165037
-0.224451
-0.283864
-0.343277
-0.402691
-0.462104
-0.032676
-0.074687
-0.116699
-0.158710
-0.200722
-0.242734
-0.284745
-0.326757
-0.000000
-0.000000
-0.000000
-0.000000
-0.000000
-0.000000
-0.000000
-0.000000
-0.045132
-0.103160
-0.161187
-0.219214
-0.277241
-0.335268
-0.393296
-0.451323
-0.036850
-0.084229
-0.131608
-0.178987
-0.226366
-0.273746
-0.321125
-0.368504
-0.026057
-0.059559
-0.093061
-0.126563
-0.160065
-0.193567
-0.227069
-0.260571
-0.000000
-0.000000
-0.000000
-0.000000
-0.000000
-0.000000
-0.000000
-0.000000
-0.058702
-0.134176
-0.209650
-0.285124
-0.360598
-0.436072
-0.511546
-0.587020
-0.047930
-0.109554
-0.171178
-0.232803
-0.294427
-0.356051
-0.417676
-0.479300
-0.033892
-0.077467
-0.121041
-0.164616
-0.208191
-0.251766
-0.295341
-0.338916
-0.000000
-0.000000
-0.000000
-0.000000
-0.000000
-0.000000
-0.000000
-0.000000
0.013178
0.030122
0.047066
0.064010
0.080953
0.097897
0.114841
0.131784
0.010760
0.024595
0.038429
0.052264
0.066098
0.079933
0.093767
0.107602
0.007609
0.017391
0.027173
0.036956
0.046738
0.056521
0.066303
0.076086
0.000000
0.000000
0.000000
0.000000
0.000000
0.000000
0.000000
0.000000
-0.084027
-0.192061
-0.300096
-0.408130
-0.516165
-0.624199
-0.732234
-0.840268
-0.068608
-0.156817
-0.245027
-0.333237
-0.421447
-0.509657
-0.597866
-0.686076
-0.048513
-0.110887
-0.173260
-0.235634
-0.298008
-0.360382
-0.422755
-0.485129
-0.000000
-0.000000
-0.000000
-0.000000
-0.000000
-0.000000
-0.000000
-0.000000
0.027438
0.062714
0.097991
0.133268
0.168545
0.203822
0.239099
0.274376
0.022403
0.051206
0.080010
0.108813
0.137616
0.166420
0.195223
0.224027
0.015841
0.036208
0.056575
0.076942
0.097310
0.117677
0.138044
0.158411
0.000000
0.000000
0.000000
0.000000
0.000000
0.000000
0.000000
0.000000
0.093103
0.212806
0.332510
0.452213
0.571917
0.691620
0.811324
0.931027
0.076018
0.173756
0.271493
0.369231
0.466968
0.564706
0.662443
0.760181
0.053753
0.122864
0.191975
0.261085
0.330196
0.399307
0.468418
0.537529
0.000000
0.000000
0.000000
0.000000
0.000000
0.000000
0.000000
0.000000
-0.012776
-0.029203
-0.045629
-0.062056
-0.078482
-0.094909
-0.111336
-0.127762
-0.010432
-0.023844
-0.037256
-0.050668
-0.064081
-0.077493
-0.090905
-0.104317
-0.007376
-0.016860
-0.026344
-0.035828
-0.045312
-0.054796
-0.064280
-0.073763
-0.000000
-0.000000
-0.000000
-0.000000
-0.000000
-0.000000
-0.000000
-0.000000
0.073791
0.168664
0.263538
0.358411
0.453285
0.548158
0.643032
0.737906
0.060250
0.137714
0.215178
0.292642
0.370106
0.447570
0.525033
0.602497
0.042603
0.097378
0.152154
0.206929
0.261704
0.316479
0.371255
0.426030
0.000000
0.000000
0.000000
0.000000
0.000000
0.000000
0.000000
0.000000
##END
