##TITLE= ya
##JCAMP-DX= 5.00 Bruker JCAMP library
##DATA TYPE= Shape Data
##ORIGIN= Bruker Analytik GmbH
##OWNER= <nmrsu>
##DATE= xx
##TIME= xx
##MINX= 0
##MAXX= 1
##MINY= 0
##MAXY= 1
##$SHAPE_EXMODE= Gradient
##$SHAPE_TOTROT= 0
##$SHAPE_BWFAC= 0
##$SHAPE_INTEGFAC= 0
##$SHAPE_MODE= 0
##NPOINTS=960
##XYDATA= (X++(Y..Y))
0.000000
0.000000
0.000000
0.000000
0.000000
0.000000
0.000000
0.000000
0.023961
0.054767
0.085573
0.116380
0.147186
0.177992
0.208799
0.239605
0.033885
0.077452
0.121019
0.164586
0.208152
0.251719
0.295286
0.338853
0.041501
0.094859
0.148217
0.201575
0.254934
0.308292
0.361650
0.415008
0.000000
0.000000
0.000000
0.000000
0.000000
0.000000
0.000000
0.000000
0.003554
0.008123
0.012692
0.017261
0.021830
0.026399
0.030968
0.035537
0.005026
0.011487
0.017949
0.024410
0.030872
0.037334
0.043795
0.050257
0.006155
0.014069
0.021983
0.029897
0.037810
0.045724
0.053638
0.061552
0.000000
0.000000
0.000000
0.000000
0.000000
0.000000
0.000000
0.000000
0.026435
0.060422
0.094410
0.128398
0.162385
0.196373
0.230360
0.264348
0.037384
0.085450
0.133516
0.181582
0.229647
0.277713
0.325779
0.373845
0.045786
0.104655
0.163523
0.222391
0.281260
0.340128
0.398996
0.457864
-0.000000
-0.000000
-0.000000
-0.000000
-0.000000
-0.000000
-0.000000
-0.000000
-0.023286
-0.053225
-0.083164
-0.113103
-0.143042
-0.172981
-0.202921
-0.232860
-0.032931
-0.075272
-0.117612
-0.159952
-0.202292
-0.244633
-0.286973
-0.329313
-0.040332
-0.092188
-0.144045
-0.195901
-0.247757
-0.299613
-0.351469
-0.403325
-0.000000
-0.000000
-0.000000
-0.000000
-0.000000
-0.000000
-0.000000
-0.000000
-0.030043
-0.068670
-0.107297
-0.145924
-0.184551
-0.223178
-0.261806
-0.300433
-0.042488
-0.097114
-0.151741
-0.206368
-0.260995
-0.315622
-0.370249
-0.424876
-0.052036
-0.118940
-0.185844
-0.252748
-0.319652
-0.386556
-0.453460
-0.520364
-0.000000
-0.000000
-0.000000
-0.000000
-0.000000
-0.000000
-0.000000
-0.000000
-0.002299
-0.005255
-0.008210
-0.011166
-0.014122
-0.017077
-0.020033
-0.022989
-0.003251
-0.007431
-0.011611
-0.015791
-0.019971
-0.024151
-0.028331
-0.032511
-0.003982
-0.009101
-0.014221
-0.019340
-0.024459
-0.029579
-0.034698
-0.039818
0.000000
0.000000
0.000000
0.000000
0.000000
0.000000
0.000000
0.000000
0.020128
0.046008
0.071887
0.097766
0.123646
0.149525
0.175404
0.201284
0.028466
0.065065
0.101664
0.138263
0.174862
0.211460
0.248059
0.284658
0.034863
0.079688
0.124512
0.169336
0.214161
0.258985
0.303809
0.348634
-0.000000
-0.000000
-0.000000
-0.000000
-0.000000
-0.000000
-0.000000
-0.000000
-0.014163
-0.032374
-0.050584
-0.068794
-0.087004
-0.105214
-0.123424
-0.141635
-0.020030
-0.045783
-0.071536
-0.097289
-0.123042
-0.148795
-0.174548
-0.200302
-0.024532
-0.056073
-0.087614
-0.119155
-0.150696
-0.182236
-0.213777
-0.245318
0.000000
0.000000
0.000000
0.000000
0.000000
0.000000
0.000000
0.000000
0.020780
0.047497
0.074214
0.100931
0.127649
0.154366
0.181083
0.207800
0.029387
0.067171
0.104955
0.142739
0.180522
0.218306
0.256090
0.293874
0.035992
0.082268
0.128543
0.174818
0.221094
0.267369
0.313645
0.359920
-0.000000
-0.000000
-0.000000
-0.000000
-0.000000
-0.000000
-0.000000
-0.000000
-0.000151
-0.000345
-0.000539
-0.000733
-0.000927
-0.001121
-0.001315
-0.001509
-0.000213
-0.000488
-0.000762
-0.001036
-0.001311
-0.001585
-0.001859
-0.002133
-0.000261
-0.000597
-0.000933
-0.001269
-0.001605
-0.001941
-0.002277
-0.002613
-0.000000
-0.000000
-0.000000
-0.000000
-0.000000
-0.000000
-0.000000
-0.000000
-0.008002
-0.018289
-0.028577
-0.038865
-0.049153
-0.059441
-0.069728
-0.080016
-0.011316
-0.025865
-0.040414
-0.054963
-0.069513
-0.084062
-0.098611
-0.113160
-0.013859
-0.031678
-0.049497
-0.067316
-0.085135
-0.102954
-0.120773
-0.138592
0.000000
0.000000
0.000000
0.000000
0.000000
0.000000
0.000000
0.000000
0.041246
0.094276
0.147306
0.200336
0.253366
0.306396
0.359426
0.412456
0.058330
0.133326
0.208322
0.283318
0.358313
0.433309
0.508305
0.583301
0.071439
0.163290
0.255141
0.346992
0.438842
0.530693
0.622544
0.714395
0.000000
0.000000
0.000000
0.000000
0.000000
0.000000
0.000000
0.000000
0.003867
0.008839
0.013812
0.018784
0.023756
0.028728
0.033700
0.038673
0.005469
0.012501
0.019533
0.026564
0.033596
0.040628
0.047659
0.054691
0.006698
0.015310
0.023922
0.032534
0.041147
0.049759
0.058371
0.066983
-0.000000
-0.000000
-0.000000
-0.000000
-0.000000
-0.000000
-0.000000
-0.000000
-0.045602
-0.104232
-0.162863
-0.221493
-0.280124
-0.338754
-0.397385
-0.456015
-0.064490
-0.147406
-0.230322
-0.313239
-0.396155
-0.479071
-0.561987
-0.644903
-0.078984
-0.180535
-0.282086
-0.383637
-0.485188
-0.586739
-0.688290
-0.789841
-0.000000
-0.000000
-0.000000
-0.000000
-0.000000
-0.000000
-0.000000
-0.000000
-0.015022
-0.034336
-0.053650
-0.072964
-0.092278
-0.111592
-0.130906
-0.150219
-0.021244
-0.048558
-0.075872
-0.103186
-0.130500
-0.157814
-0.185128
-0.212442
-0.026019
-0.059471
-0.092924
-0.126377
-0.159830
-0.193282
-0.226735
-0.260188
0.000000
0.000000
0.000000
0.000000
0.000000
0.000000
0.000000
0.000000
0.023961
0.054767
0.085573
0.116380
0.147186
0.177992
0.208799
0.239605
0.033885
0.077452
0.121019
0.164586
0.208152
0.251719
0.295286
0.338853
0.041501
0.094859
0.148217
0.201575
0.254934
0.308292
0.361650
0.415008
0.000000
0.000000
0.000000
0.000000
0.000000
0.000000
0.000000
0.000000
0.003554
0.008123
0.012692
0.017261
0.021830
0.026399
0.030968
0.035537
0.005026
0.011487
0.017949
0.024410
0.030872
0.037334
0.043795
0.050257
0.006155
0.014069
0.021983
0.029897
0.037810
0.045724
0.053638
0.061552
0.000000
0.000000
0.000000
0.000000
0.000000
0.000000
0.000000
0.000000
0.026435
0.060422
0.094410
0.128398
0.162385
0.196373
0.230360
0.264348
0.037384
0.085450
0.133516
0.181582
0.229647
0.277713
0.325779
0.373845
0.045786
0.104655
0.163523
0.222391
0.281260
0.340128
0.398996
0.457864
-0.000000
-0.000000
-0.000000
-0.000000
-0.000000
-0.000000
-0.000000
-0.000000
-0.023286
-0.053225
-0.083164
-0.113103
-0.143042
-0.172981
-0.202921
-0.232860
-0.032931
-0.075272
-0.117612
-0.159952
-0.202292
-0.244633
-0.286973
-0.329313
-0.040332
-0.092188
-0.144045
-0.195901
-0.247757
-0.299613
-0.351469
-0.403325
-0.000000
-0.000000
-0.000000
-0.000000
-0.000000
-0.000000
-0.000000
-0.000000
-0.030043
-0.068670
-0.107297
-0.145924
-0.184551
-0.223178
-0.261806
-0.300433
-0.042488
-0.097114
-0.151741
-0.206368
-0.260995
-0.315622
-0.370249
-0.424876
-0.052036
-0.118940
-0.185844
-0.252748
-0.319652
-0.386556
-0.453460
-0.520364
-0.000000
-0.000000
-0.000000
-0.000000
-0.000000
-0.000000
-0.000000
-0.000000
-0.002299
-0.005255
-0.008210
-0.011166
-0.014122
-0.017077
-0.020033
-0.022989
-0.003251
-0.007431
-0.011611
-0.015791
-0.019971
-0.024151
-0.028331
-0.032511
-0.003982
-0.009101
-0.014221
-0.019340
-0.024459
-0.029579
-0.034698
-0.039818
0.000000
0.000000
0.000000
0.000000
0.000000
0.000000
0.000000
0.000000
0.020128
0.046008
0.071887
0.097766
0.123646
0.149525
0.175404
0.201284
0.028466
0.065065
0.101664
0.138263
0.174862
0.211460
0.248059
0.284658
0.034863
0.079688
0.124512
0.169336
0.214161
0.258985
0.303809
0.348634
-0.000000
-0.000000
-0.000000
-0.000000
-0.000000
-0.000000
-0.000000
-0.000000
-0.014163
-0.032374
-0.050584
-0.068794
-0.087004
-0.105214
-0.123424
-0.141635
-0.020030
-0.045783
-0.071536
-0.097289
-0.123042
-0.148795
-0.174548
-0.200302
-0.024532
-0.056073
-0.087614
-0.119155
-0.150696
-0.182236
-0.213777
-0.245318
0.000000
0.000000
0.000000
0.000000
0.000000
0.000000
0.000000
0.000000
0.020780
0.047497
0.074214
0.100931
0.127649
0.154366
0.181083
0.207800
0.029387
0.067171
0.104955
0.142739
0.180522
0.218306
0.256090
0.293874
0.035992
0.082268
0.128543
0.174818
0.221094
0.267369
0.313645
0.359920
-0.000000
-0.000000
-0.000000
-0.000000
-0.000000
-0.000000
-0.000000
-0.000000
-0.000151
-0.000345
-0.000539
-0.000733
-0.000927
-0.001121
-0.001315
-0.001509
-0.000213
-0.000488
-0.000762
-0.001036
-0.001311
-0.001585
-0.001859
-0.002133
-0.000261
-0.000597
-0.000933
-0.001269
-0.001605
-0.001941
-0.002277
-0.002613
-0.000000
-0.000000
-0.000000
-0.000000
-0.000000
-0.000000
-0.000000
-0.000000
-0.008002
-0.018289
-0.028577
-0.038865
-0.049153
-0.059441
-0.069728
-0.080016
-0.011316
-0.025865
-0.040414
-0.054963
-0.069513
-0.084062
-0.098611
-0.113160
-0.013859
-0.031678
-0.049497
-0.067316
-0.085135
-0.102954
-0.120773
-0.138592
0.000000
0.000000
0.000000
0.000000
0.000000
0.000000
0.000000
0.000000
0.041246
0.094276
0.147306
0.200336
0.253366
0.306396
0.359426
0.412456
0.058330
0.133326
0.208322
0.283318
0.358313
0.433309
0.508305
0.583301
0.071439
0.163290
0.255141
0.346992
0.438842
0.530693
0.622544
0.714395
0.000000
0.000000
0.000000
0.000000
0.000000
0.000000
0.000000
0.000000
0.003867
0.008839
0.013812
0.018784
0.023756
0.028728
0.033700
0.038673
0.005469
0.012501
0.019533
0.026564
0.033596
0.040628
0.047659
0.054691
0.006698
0.015310
0.023922
0.032534
0.041147
0.049759
0.058371
0.066983
-0.000000
-0.000000
-0.000000
-0.000000
-0.000000
-0.000000
-0.000000
-0.000000
-0.045602
-0.104232
-0.162863
-0.221493
-0.280124
-0.338754
-0.397385
-0.456015
-0.064490
-0.147406
-0.230322
-0.313239
-0.396155
-0.479071
-0.561987
-0.644903
-0.078984
-0.180535
-0.282086
-0.383637
-0.485188
-0.586739
-0.688290
-0.789841
-0.000000
-0.000000
-0.000000
-0.000000
-0.000000
-0.000000
-0.000000
-0.000000
-0.015022
-0.034336
-0.053650
-0.072964
-0.092278
-0.111592
-0.130906
-0.150219
-0.021244
-0.048558
-0.075872
-0.103186
-0.130500
-0.157814
-0.185128
-0.212442
-0.026019
-0.059471
-0.092924
-0.126377
-0.159830
-0.193282
-0.226735
-0.260188
##END
