##TITLE= yb
##JCAMP-DX= 5.00 Bruker JCAMP library
##DATA TYPE= Shape Data
##ORIGIN= Bruker Analytik GmbH
##OWNER= <nmrsu>
##DATE= xx
##TIME= xx
##MINX= 0
##MAXX= 1
##MINY= 0
##MAXY= 1
##$SHAPE_EXMODE= Gradient
##$SHAPE_TOTROT= 0
##$SHAPE_BWFAC= 0
##$SHAPE_INTEGFAC= 0
##$SHAPE_MODE= 0
##NPOINTS=960
##XYDATA= (X++(Y..Y))
-0.000000
-0.000000
-0.000000
-0.000000
-0.000000
-0.000000
-0.000000
-0.000000
-0.003208
-0.007333
-0.011458
-0.015583
-0.019708
-0.023833
-0.027958
-0.032082
-0.004537
-0.010371
-0.016204
-0.022038
-0.027871
-0.033704
-0.039538
-0.045371
-0.005557
-0.012701
-0.019846
-0.026990
-0.034135
-0.041279
-0.048424
-0.055568
0.000000
0.000000
0.000000
0.000000
0.000000
0.000000
0.000000
0.000000
0.045396
0.103763
0.162130
0.220497
0.278864
0.337231
0.395598
0.453965
0.064200
0.146744
0.229287
0.311830
0.394373
0.476917
0.559460
0.642003
0.078629
0.179723
0.280818
0.381912
0.483007
0.584101
0.685196
0.786290
0.000000
0.000000
0.000000
0.000000
0.000000
0.000000
0.000000
0.000000
0.049358
0.112819
0.176279
0.239740
0.303200
0.366661
0.430121
0.493582
0.069803
0.159550
0.249297
0.339043
0.428790
0.518537
0.608284
0.698030
0.085491
0.195408
0.305325
0.415242
0.525158
0.635075
0.744992
0.854909
-0.000000
-0.000000
-0.000000
-0.000000
-0.000000
-0.000000
-0.000000
-0.000000
-0.011920
-0.027246
-0.042573
-0.057899
-0.073225
-0.088551
-0.103877
-0.119203
-0.016858
-0.038532
-0.060207
-0.081881
-0.103556
-0.125230
-0.146905
-0.168579
-0.020647
-0.047192
-0.073738
-0.100284
-0.126829
-0.153375
-0.179921
-0.206466
0.000000
0.000000
0.000000
0.000000
0.000000
0.000000
0.000000
0.000000
0.042836
0.097911
0.152985
0.208060
0.263135
0.318210
0.373284
0.428359
0.060579
0.138467
0.216354
0.294242
0.372129
0.450016
0.527904
0.605791
0.074194
0.169586
0.264979
0.360371
0.455763
0.551155
0.646548
0.741940
-0.000000
-0.000000
-0.000000
-0.000000
-0.000000
-0.000000
-0.000000
-0.000000
-0.053174
-0.121540
-0.189906
-0.258272
-0.326638
-0.395004
-0.463370
-0.531736
-0.075199
-0.171883
-0.268567
-0.365251
-0.461936
-0.558620
-0.655304
-0.751988
-0.092099
-0.210513
-0.328926
-0.447340
-0.565753
-0.684167
-0.802580
-0.920994
-0.000000
-0.000000
-0.000000
-0.000000
-0.000000
-0.000000
-0.000000
-0.000000
-0.051534
-0.117793
-0.184051
-0.250310
-0.316568
-0.382827
-0.449085
-0.515344
-0.072881
-0.166584
-0.260288
-0.353991
-0.447695
-0.541399
-0.635102
-0.728806
-0.089260
-0.204023
-0.318786
-0.433549
-0.548312
-0.663075
-0.777838
-0.892601
-0.000000
-0.000000
-0.000000
-0.000000
-0.000000
-0.000000
-0.000000
-0.000000
-0.055461
-0.126768
-0.198074
-0.269381
-0.340688
-0.411995
-0.483302
-0.554608
-0.078433
-0.179277
-0.280120
-0.380963
-0.481806
-0.582649
-0.683492
-0.784335
-0.096061
-0.219568
-0.343075
-0.466582
-0.590089
-0.713596
-0.837103
-0.960610
-0.000000
-0.000000
-0.000000
-0.000000
-0.000000
-0.000000
-0.000000
-0.000000
-0.038774
-0.088626
-0.138477
-0.188329
-0.238181
-0.288033
-0.337885
-0.387737
-0.054834
-0.125335
-0.195837
-0.266338
-0.336839
-0.407340
-0.477841
-0.548342
-0.067158
-0.153504
-0.239850
-0.326196
-0.412542
-0.498888
-0.585234
-0.671580
0.000000
0.000000
0.000000
0.000000
0.000000
0.000000
0.000000
0.000000
0.007609
0.017391
0.027174
0.036956
0.046739
0.056521
0.066304
0.076086
0.010760
0.024595
0.038429
0.052264
0.066098
0.079933
0.093767
0.107602
0.013178
0.030122
0.047066
0.064010
0.080954
0.097897
0.114841
0.131785
-0.000000
-0.000000
-0.000000
-0.000000
-0.000000
-0.000000
-0.000000
-0.000000
-0.050681
-0.115841
-0.181002
-0.246163
-0.311324
-0.376485
-0.441646
-0.506806
-0.071673
-0.163825
-0.255976
-0.348127
-0.440279
-0.532430
-0.624581
-0.716733
-0.087781
-0.200643
-0.313505
-0.426367
-0.539229
-0.652091
-0.764953
-0.877815
0.000000
0.000000
0.000000
0.000000
0.000000
0.000000
0.000000
0.000000
0.026793
0.061242
0.095690
0.130138
0.164587
0.199035
0.233483
0.267932
0.037891
0.086609
0.135326
0.184043
0.232761
0.281478
0.330195
0.378913
0.046407
0.106073
0.165740
0.225406
0.285072
0.344739
0.404405
0.464071
0.000000
0.000000
0.000000
0.000000
0.000000
0.000000
0.000000
0.000000
0.056185
0.128423
0.200661
0.272900
0.345138
0.417376
0.489614
0.561852
0.079458
0.181618
0.283778
0.385938
0.488098
0.590259
0.692419
0.794579
0.097316
0.222436
0.347556
0.472676
0.597796
0.722916
0.848036
0.973156
-0.000000
-0.000000
-0.000000
-0.000000
-0.000000
-0.000000
-0.000000
-0.000000
-0.012555
-0.028697
-0.044839
-0.060981
-0.077123
-0.093265
-0.109407
-0.125550
-0.017755
-0.040584
-0.063412
-0.086240
-0.109069
-0.131897
-0.154726
-0.177554
-0.021746
-0.049705
-0.077664
-0.105623
-0.133581
-0.161540
-0.189499
-0.217458
0.000000
0.000000
0.000000
0.000000
0.000000
0.000000
0.000000
0.000000
0.048693
0.111297
0.173902
0.236507
0.299112
0.361717
0.424322
0.486926
0.068862
0.157398
0.245935
0.334472
0.423008
0.511545
0.600081
0.688618
0.084338
0.192773
0.301208
0.409642
0.518077
0.626512
0.734947
0.843381
-0.000000
-0.000000
-0.000000
-0.000000
-0.000000
-0.000000
-0.000000
-0.000000
-0.003208
-0.007333
-0.011458
-0.015583
-0.019708
-0.023833
-0.027958
-0.032082
-0.004537
-0.010371
-0.016204
-0.022038
-0.027871
-0.033704
-0.039538
-0.045371
-0.005557
-0.012701
-0.019846
-0.026990
-0.034135
-0.041279
-0.048424
-0.055568
0.000000
0.000000
0.000000
0.000000
0.000000
0.000000
0.000000
0.000000
0.045396
0.103763
0.162130
0.220497
0.278864
0.337231
0.395598
0.453965
0.064200
0.146744
0.229287
0.311830
0.394373
0.476917
0.559460
0.642003
0.078629
0.179723
0.280818
0.381912
0.483007
0.584101
0.685196
0.786290
0.000000
0.000000
0.000000
0.000000
0.000000
0.000000
0.000000
0.000000
0.049358
0.112819
0.176279
0.239740
0.303200
0.366661
0.430121
0.493582
0.069803
0.159550
0.249297
0.339043
0.428790
0.518537
0.608284
0.698030
0.085491
0.195408
0.305325
0.415242
0.525158
0.635075
0.744992
0.854909
-0.000000
-0.000000
-0.000000
-0.000000
-0.000000
-0.000000
-0.000000
-0.000000
-0.011920
-0.027246
-0.042573
-0.057899
-0.073225
-0.088551
-0.103877
-0.119203
-0.016858
-0.038532
-0.060207
-0.081881
-0.103556
-0.125230
-0.146905
-0.168579
-0.020647
-0.047192
-0.073738
-0.100284
-0.126829
-0.153375
-0.179921
-0.206466
0.000000
0.000000
0.000000
0.000000
0.000000
0.000000
0.000000
0.000000
0.042836
0.097911
0.152985
0.208060
0.263135
0.318210
0.373284
0.428359
0.060579
0.138467
0.216354
0.294242
0.372129
0.450016
0.527904
0.605791
0.074194
0.169586
0.264979
0.360371
0.455763
0.551155
0.646548
0.741940
-0.000000
-0.000000
-0.000000
-0.000000
-0.000000
-0.000000
-0.000000
-0.000000
-0.053174
-0.121540
-0.189906
-0.258272
-0.326638
-0.395004
-0.463370
-0.531736
-0.075199
-0.171883
-0.268567
-0.365251
-0.461936
-0.558620
-0.655304
-0.751988
-0.092099
-0.210513
-0.328926
-0.447340
-0.565753
-0.684167
-0.802580
-0.920994
-0.000000
-0.000000
-0.000000
-0.000000
-0.000000
-0.000000
-0.000000
-0.000000
-0.051534
-0.117793
-0.184051
-0.250310
-0.316568
-0.382827
-0.449085
-0.515344
-0.072881
-0.166584
-0.260288
-0.353991
-0.447695
-0.541399
-0.635102
-0.728806
-0.089260
-0.204023
-0.318786
-0.433549
-0.548312
-0.663075
-0.777838
-0.892601
-0.000000
-0.000000
-0.000000
-0.000000
-0.000000
-0.000000
-0.000000
-0.000000
-0.055461
-0.126768
-0.198074
-0.269381
-0.340688
-0.411995
-0.483302
-0.554608
-0.078433
-0.179277
-0.280120
-0.380963
-0.481806
-0.582649
-0.683492
-0.784335
-0.096061
-0.219568
-0.343075
-0.466582
-0.590089
-0.713596
-0.837103
-0.960610
-0.000000
-0.000000
-0.000000
-0.000000
-0.000000
-0.000000
-0.000000
-0.000000
-0.038774
-0.088626
-0.138477
-0.188329
-0.238181
-0.288033
-0.337885
-0.387737
-0.054834
-0.125335
-0.195837
-0.266338
-0.336839
-0.407340
-0.477841
-0.548342
-0.067158
-0.153504
-0.239850
-0.326196
-0.412542
-0.498888
-0.585234
-0.671580
0.000000
0.000000
0.000000
0.000000
0.000000
0.000000
0.000000
0.000000
0.007609
0.017391
0.027174
0.036956
0.046739
0.056521
0.066304
0.076086
0.010760
0.024595
0.038429
0.052264
0.066098
0.079933
0.093767
0.107602
0.013178
0.030122
0.047066
0.064010
0.080954
0.097897
0.114841
0.131785
-0.000000
-0.000000
-0.000000
-0.000000
-0.000000
-0.000000
-0.000000
-0.000000
-0.050681
-0.115841
-0.181002
-0.246163
-0.311324
-0.376485
-0.441646
-0.506806
-0.071673
-0.163825
-0.255976
-0.348127
-0.440279
-0.532430
-0.624581
-0.716733
-0.087781
-0.200643
-0.313505
-0.426367
-0.539229
-0.652091
-0.764953
-0.877815
0.000000
0.000000
0.000000
0.000000
0.000000
0.000000
0.000000
0.000000
0.026793
0.061242
0.095690
0.130138
0.164587
0.199035
0.233483
0.267932
0.037891
0.086609
0.135326
0.184043
0.232761
0.281478
0.330195
0.378913
0.046407
0.106073
0.165740
0.225406
0.285072
0.344739
0.404405
0.464071
0.000000
0.000000
0.000000
0.000000
0.000000
0.000000
0.000000
0.000000
0.056185
0.128423
0.200661
0.272900
0.345138
0.417376
0.489614
0.561852
0.079458
0.181618
0.283778
0.385938
0.488098
0.590259
0.692419
0.794579
0.097316
0.222436
0.347556
0.472676
0.597796
0.722916
0.848036
0.973156
-0.000000
-0.000000
-0.000000
-0.000000
-0.000000
-0.000000
-0.000000
-0.000000
-0.012555
-0.028697
-0.044839
-0.060981
-0.077123
-0.093265
-0.109407
-0.125550
-0.017755
-0.040584
-0.063412
-0.086240
-0.109069
-0.131897
-0.154726
-0.177554
-0.021746
-0.049705
-0.077664
-0.105623
-0.133581
-0.161540
-0.189499
-0.217458
0.000000
0.000000
0.000000
0.000000
0.000000
0.000000
0.000000
0.000000
0.048693
0.111297
0.173902
0.236507
0.299112
0.361717
0.424322
0.486926
0.068862
0.157398
0.245935
0.334472
0.423008
0.511545
0.600081
0.688618
0.084338
0.192773
0.301208
0.409642
0.518077
0.626512
0.734947
0.843381
##END
