##TITLE= za
##JCAMP-DX= 5.00 Bruker JCAMP library
##DATA TYPE= Shape Data
##ORIGIN= Bruker Analytik GmbH
##OWNER= <nmrsu>
##DATE= xx
##TIME= xx
##MINX= 0
##MAXX= 1
##MINY= 0
##MAXY= 1
##$SHAPE_EXMODE= Gradient
##$SHAPE_TOTROT= 0
##$SHAPE_BWFAC= 0
##$SHAPE_INTEGFAC= 0
##$SHAPE_MODE= 0
##NPOINTS=960
##XYDATA= (X++(Y..Y))
-0.000000
-0.000000
-0.000000
-0.000000
-0.000000
-0.000000
-0.000000
-0.000000
-0.052511
-0.120026
-0.187541
-0.255055
-0.322570
-0.390085
-0.457600
-0.525114
-0.074262
-0.169743
-0.265223
-0.360703
-0.456183
-0.551663
-0.647143
-0.742624
-0.090952
-0.207891
-0.324830
-0.441769
-0.558708
-0.675647
-0.792586
-0.909525
-0.000000
-0.000000
-0.000000
-0.000000
-0.000000
-0.000000
-0.000000
-0.000000
-0.057448
-0.131309
-0.205171
-0.279032
-0.352894
-0.426755
-0.500617
-0.574478
-0.081243
-0.185699
-0.290155
-0.394611
-0.499067
-0.603523
-0.707979
-0.812435
-0.099503
-0.227434
-0.355366
-0.483298
-0.611230
-0.739162
-0.867094
-0.995025
-0.000000
-0.000000
-0.000000
-0.000000
-0.000000
-0.000000
-0.000000
-0.000000
-0.027145
-0.062045
-0.096945
-0.131845
-0.166745
-0.201645
-0.236545
-0.271446
-0.038388
-0.087744
-0.137101
-0.186457
-0.235813
-0.285169
-0.334526
-0.383882
-0.047016
-0.107465
-0.167913
-0.228362
-0.288811
-0.349260
-0.409709
-0.470157
-0.000000
-0.000000
-0.000000
-0.000000
-0.000000
-0.000000
-0.000000
-0.000000
-0.052602
-0.120233
-0.187864
-0.255495
-0.323126
-0.390757
-0.458387
-0.526018
-0.074390
-0.170035
-0.265679
-0.361324
-0.456969
-0.552613
-0.648258
-0.743902
-0.091109
-0.208249
-0.325389
-0.442530
-0.559670
-0.676810
-0.793950
-0.911091
-0.000000
-0.000000
-0.000000
-0.000000
-0.000000
-0.000000
-0.000000
-0.000000
-0.036407
-0.083215
-0.130024
-0.176832
-0.223641
-0.270449
-0.317258
-0.364066
-0.051487
-0.117684
-0.183881
-0.250079
-0.316276
-0.382473
-0.448670
-0.514868
-0.063058
-0.144133
-0.225208
-0.306282
-0.387357
-0.468432
-0.549507
-0.630581
-0.000000
-0.000000
-0.000000
-0.000000
-0.000000
-0.000000
-0.000000
-0.000000
-0.057433
-0.131275
-0.205117
-0.278959
-0.352801
-0.426643
-0.500485
-0.574327
-0.081222
-0.185650
-0.290079
-0.394507
-0.498936
-0.603364
-0.707792
-0.812221
-0.099476
-0.227374
-0.355273
-0.483171
-0.611069
-0.738967
-0.866865
-0.994763
-0.000000
-0.000000
-0.000000
-0.000000
-0.000000
-0.000000
-0.000000
-0.000000
-0.036607
-0.083674
-0.130740
-0.177807
-0.224873
-0.271940
-0.319006
-0.366073
-0.051770
-0.118333
-0.184895
-0.251457
-0.318019
-0.384581
-0.451143
-0.517705
-0.063406
-0.144927
-0.226449
-0.307970
-0.389492
-0.471013
-0.552535
-0.634056
-0.000000
-0.000000
-0.000000
-0.000000
-0.000000
-0.000000
-0.000000
-0.000000
-0.027126
-0.062001
-0.096877
-0.131753
-0.166629
-0.201505
-0.236380
-0.271256
-0.038361
-0.087683
-0.137005
-0.186327
-0.235649
-0.284970
-0.334292
-0.383614
-0.046983
-0.107390
-0.167796
-0.228203
-0.288610
-0.349016
-0.409423
-0.469829
-0.000000
-0.000000
-0.000000
-0.000000
-0.000000
-0.000000
-0.000000
-0.000000
-0.050466
-0.115350
-0.180234
-0.245118
-0.310002
-0.374887
-0.439771
-0.504655
-0.071369
-0.163129
-0.254889
-0.346650
-0.438410
-0.530170
-0.621930
-0.713690
-0.087409
-0.199792
-0.312174
-0.424557
-0.536940
-0.649323
-0.761706
-0.874088
-0.000000
-0.000000
-0.000000
-0.000000
-0.000000
-0.000000
-0.000000
-0.000000
-0.057735
-0.131965
-0.206196
-0.280426
-0.354657
-0.428887
-0.503118
-0.577348
-0.081649
-0.186627
-0.291605
-0.396583
-0.501560
-0.606538
-0.711516
-0.816494
-0.100000
-0.228571
-0.357142
-0.485713
-0.614284
-0.742855
-0.871426
-0.999997
-0.000000
-0.000000
-0.000000
-0.000000
-0.000000
-0.000000
-0.000000
-0.000000
-0.055266
-0.126321
-0.197377
-0.268433
-0.339488
-0.410544
-0.481600
-0.552656
-0.078157
-0.178645
-0.279133
-0.379621
-0.480109
-0.580597
-0.681085
-0.781573
-0.095723
-0.218795
-0.341867
-0.464939
-0.588011
-0.711083
-0.834156
-0.957228
-0.000000
-0.000000
-0.000000
-0.000000
-0.000000
-0.000000
-0.000000
-0.000000
-0.034135
-0.078023
-0.121911
-0.165799
-0.209687
-0.253575
-0.297463
-0.341350
-0.048274
-0.110341
-0.172408
-0.234475
-0.296542
-0.358609
-0.420676
-0.482742
-0.059124
-0.135140
-0.211156
-0.287172
-0.363188
-0.439204
-0.515220
-0.591236
-0.000000
-0.000000
-0.000000
-0.000000
-0.000000
-0.000000
-0.000000
-0.000000
-0.055236
-0.126253
-0.197270
-0.268287
-0.339304
-0.410322
-0.481339
-0.552356
-0.078115
-0.178548
-0.278982
-0.379415
-0.479849
-0.580283
-0.680716
-0.781150
-0.095671
-0.218676
-0.341682
-0.464687
-0.587693
-0.710698
-0.833703
-0.956709
-0.000000
-0.000000
-0.000000
-0.000000
-0.000000
-0.000000
-0.000000
-0.000000
-0.033921
-0.077533
-0.121146
-0.164758
-0.208370
-0.251983
-0.295595
-0.339208
-0.047971
-0.109648
-0.171326
-0.233003
-0.294680
-0.356358
-0.418035
-0.479712
-0.058752
-0.134291
-0.209830
-0.285369
-0.360908
-0.436447
-0.511986
-0.587525
-0.000000
-0.000000
-0.000000
-0.000000
-0.000000
-0.000000
-0.000000
-0.000000
-0.050515
-0.115462
-0.180409
-0.245356
-0.310303
-0.375251
-0.440198
-0.505145
-0.071438
-0.163288
-0.255137
-0.346986
-0.438835
-0.530685
-0.622534
-0.714383
-0.087494
-0.199986
-0.312478
-0.424969
-0.537461
-0.649953
-0.762445
-0.874937
-0.000000
-0.000000
-0.000000
-0.000000
-0.000000
-0.000000
-0.000000
-0.000000
-0.052511
-0.120026
-0.187541
-0.255055
-0.322570
-0.390085
-0.457600
-0.525114
-0.074262
-0.169743
-0.265223
-0.360703
-0.456183
-0.551663
-0.647143
-0.742624
-0.090952
-0.207891
-0.324830
-0.441769
-0.558708
-0.675647
-0.792586
-0.909525
-0.000000
-0.000000
-0.000000
-0.000000
-0.000000
-0.000000
-0.000000
-0.000000
-0.057448
-0.131309
-0.205171
-0.279032
-0.352894
-0.426755
-0.500617
-0.574478
-0.081243
-0.185699
-0.290155
-0.394611
-0.499067
-0.603523
-0.707979
-0.812435
-0.099503
-0.227434
-0.355366
-0.483298
-0.611230
-0.739162
-0.867094
-0.995025
-0.000000
-0.000000
-0.000000
-0.000000
-0.000000
-0.000000
-0.000000
-0.000000
-0.027145
-0.062045
-0.096945
-0.131845
-0.166745
-0.201645
-0.236545
-0.271446
-0.038388
-0.087744
-0.137101
-0.186457
-0.235813
-0.285169
-0.334526
-0.383882
-0.047016
-0.107465
-0.167913
-0.228362
-0.288811
-0.349260
-0.409709
-0.470157
-0.000000
-0.000000
-0.000000
-0.000000
-0.000000
-0.000000
-0.000000
-0.000000
-0.052602
-0.120233
-0.187864
-0.255495
-0.323126
-0.390757
-0.458387
-0.526018
-0.074390
-0.170035
-0.265679
-0.361324
-0.456969
-0.552613
-0.648258
-0.743902
-0.091109
-0.208249
-0.325389
-0.442530
-0.559670
-0.676810
-0.793950
-0.911091
-0.000000
-0.000000
-0.000000
-0.000000
-0.000000
-0.000000
-0.000000
-0.000000
-0.036407
-0.083215
-0.130024
-0.176832
-0.223641
-0.270449
-0.317258
-0.364066
-0.051487
-0.117684
-0.183881
-0.250079
-0.316276
-0.382473
-0.448670
-0.514868
-0.063058
-0.144133
-0.225208
-0.306282
-0.387357
-0.468432
-0.549507
-0.630581
-0.000000
-0.000000
-0.000000
-0.000000
-0.000000
-0.000000
-0.000000
-0.000000
-0.057433
-0.131275
-0.205117
-0.278959
-0.352801
-0.426643
-0.500485
-0.574327
-0.081222
-0.185650
-0.290079
-0.394507
-0.498936
-0.603364
-0.707792
-0.812221
-0.099476
-0.227374
-0.355273
-0.483171
-0.611069
-0.738967
-0.866865
-0.994763
-0.000000
-0.000000
-0.000000
-0.000000
-0.000000
-0.000000
-0.000000
-0.000000
-0.036607
-0.083674
-0.130740
-0.177807
-0.224873
-0.271940
-0.319006
-0.366073
-0.051770
-0.118333
-0.184895
-0.251457
-0.318019
-0.384581
-0.451143
-0.517705
-0.063406
-0.144927
-0.226449
-0.307970
-0.389492
-0.471013
-0.552535
-0.634056
-0.000000
-0.000000
-0.000000
-0.000000
-0.000000
-0.000000
-0.000000
-0.000000
-0.027126
-0.062001
-0.096877
-0.131753
-0.166629
-0.201505
-0.236380
-0.271256
-0.038361
-0.087683
-0.137005
-0.186327
-0.235649
-0.284970
-0.334292
-0.383614
-0.046983
-0.107390
-0.167796
-0.228203
-0.288610
-0.349016
-0.409423
-0.469829
-0.000000
-0.000000
-0.000000
-0.000000
-0.000000
-0.000000
-0.000000
-0.000000
-0.050466
-0.115350
-0.180234
-0.245118
-0.310002
-0.374887
-0.439771
-0.504655
-0.071369
-0.163129
-0.254889
-0.346650
-0.438410
-0.530170
-0.621930
-0.713690
-0.087409
-0.199792
-0.312174
-0.424557
-0.536940
-0.649323
-0.761706
-0.874088
-0.000000
-0.000000
-0.000000
-0.000000
-0.000000
-0.000000
-0.000000
-0.000000
-0.057735
-0.131965
-0.206196
-0.280426
-0.354657
-0.428887
-0.503118
-0.577348
-0.081649
-0.186627
-0.291605
-0.396583
-0.501560
-0.606538
-0.711516
-0.816494
-0.100000
-0.228571
-0.357142
-0.485713
-0.614284
-0.742855
-0.871426
-0.999997
-0.000000
-0.000000
-0.000000
-0.000000
-0.000000
-0.000000
-0.000000
-0.000000
-0.055266
-0.126321
-0.197377
-0.268433
-0.339488
-0.410544
-0.481600
-0.552656
-0.078157
-0.178645
-0.279133
-0.379621
-0.480109
-0.580597
-0.681085
-0.781573
-0.095723
-0.218795
-0.341867
-0.464939
-0.588011
-0.711083
-0.834156
-0.957228
-0.000000
-0.000000
-0.000000
-0.000000
-0.000000
-0.000000
-0.000000
-0.000000
-0.034135
-0.078023
-0.121911
-0.165799
-0.209687
-0.253575
-0.297463
-0.341350
-0.048274
-0.110341
-0.172408
-0.234475
-0.296542
-0.358609
-0.420676
-0.482742
-0.059124
-0.135140
-0.211156
-0.287172
-0.363188
-0.439204
-0.515220
-0.591236
-0.000000
-0.000000
-0.000000
-0.000000
-0.000000
-0.000000
-0.000000
-0.000000
-0.055236
-0.126253
-0.197270
-0.268287
-0.339304
-0.410322
-0.481339
-0.552356
-0.078115
-0.178548
-0.278982
-0.379415
-0.479849
-0.580283
-0.680716
-0.781150
-0.095671
-0.218676
-0.341682
-0.464687
-0.587693
-0.710698
-0.833703
-0.956709
-0.000000
-0.000000
-0.000000
-0.000000
-0.000000
-0.000000
-0.000000
-0.000000
-0.033921
-0.077533
-0.121146
-0.164758
-0.208370
-0.251983
-0.295595
-0.339208
-0.047971
-0.109648
-0.171326
-0.233003
-0.294680
-0.356358
-0.418035
-0.479712
-0.058752
-0.134291
-0.209830
-0.285369
-0.360908
-0.436447
-0.511986
-0.587525
-0.000000
-0.000000
-0.000000
-0.000000
-0.000000
-0.000000
-0.000000
-0.000000
-0.050515
-0.115462
-0.180409
-0.245356
-0.310303
-0.375251
-0.440198
-0.505145
-0.071438
-0.163288
-0.255137
-0.346986
-0.438835
-0.530685
-0.622534
-0.714383
-0.087494
-0.199986
-0.312478
-0.424969
-0.537461
-0.649953
-0.762445
-0.874937
##END
