##TITLE= zc
##JCAMP-DX= 5.00 Bruker JCAMP library
##DATA TYPE= Shape Data
##ORIGIN= Bruker Analytik GmbH
##OWNER= <nmrsu>
##DATE= xx
##TIME= xx
##MINX= 0
##MAXX= 1
##MINY= 0
##MAXY= 1
##$SHAPE_EXMODE= Gradient
##$SHAPE_TOTROT= 0
##$SHAPE_BWFAC= 0
##$SHAPE_INTEGFAC= 0
##$SHAPE_MODE= 0
##NPOINTS=960
##XYDATA= (X++(Y..Y))
0.041565
0.095006
0.148447
0.201887
0.255328
0.308769
0.362210
0.415650
0.033938
0.077572
0.121206
0.164840
0.208474
0.252109
0.295743
0.339377
0.023998
0.054852
0.085706
0.116560
0.147414
0.178268
0.209122
0.239976
0.000000
0.000000
0.000000
0.000000
0.000000
0.000000
0.000000
0.000000
0.009962
0.022771
0.035579
0.048388
0.061196
0.074004
0.086813
0.099621
0.008134
0.018592
0.029050
0.039508
0.049966
0.060424
0.070882
0.081341
0.005752
0.013147
0.020542
0.027937
0.035332
0.042726
0.050121
0.057516
0.000000
0.000000
0.000000
0.000000
0.000000
0.000000
0.000000
0.000000
0.088258
0.201733
0.315208
0.428683
0.542158
0.655633
0.769108
0.882583
0.072063
0.164714
0.257366
0.350018
0.442670
0.535322
0.627974
0.720626
0.050956
0.116471
0.181985
0.247500
0.313015
0.378530
0.444045
0.509559
0.000000
0.000000
0.000000
0.000000
0.000000
0.000000
0.000000
0.000000
-0.041221
-0.094219
-0.147216
-0.200214
-0.253212
-0.306210
-0.359208
-0.412206
-0.033656
-0.076929
-0.120202
-0.163474
-0.206747
-0.250020
-0.293292
-0.336565
-0.023799
-0.054397
-0.084995
-0.115594
-0.146192
-0.176791
-0.207389
-0.237987
-0.000000
-0.000000
-0.000000
-0.000000
-0.000000
-0.000000
-0.000000
-0.000000
-0.077612
-0.177400
-0.277187
-0.376974
-0.476761
-0.576549
-0.676336
-0.776123
-0.063370
-0.144846
-0.226322
-0.307798
-0.389274
-0.470750
-0.552226
-0.633702
-0.044809
-0.102422
-0.160034
-0.217646
-0.275258
-0.332870
-0.390483
-0.448095
-0.000000
-0.000000
-0.000000
-0.000000
-0.000000
-0.000000
-0.000000
-0.000000
-0.010221
-0.023362
-0.036503
-0.049644
-0.062785
-0.075925
-0.089066
-0.102207
-0.008345
-0.019075
-0.029804
-0.040534
-0.051263
-0.061993
-0.072722
-0.083452
-0.005901
-0.013488
-0.021075
-0.028662
-0.036249
-0.043836
-0.051423
-0.059009
-0.000000
-0.000000
-0.000000
-0.000000
-0.000000
-0.000000
-0.000000
-0.000000
0.077329
0.176751
0.276174
0.375597
0.475019
0.574442
0.673864
0.773287
0.063139
0.144317
0.225495
0.306673
0.387851
0.469030
0.550208
0.631386
0.044646
0.102047
0.159449
0.216851
0.274252
0.331654
0.389056
0.446457
0.000000
0.000000
0.000000
0.000000
0.000000
0.000000
0.000000
0.000000
-0.088276
-0.201773
-0.315270
-0.428768
-0.542265
-0.655763
-0.769260
-0.882757
-0.072077
-0.164747
-0.257417
-0.350087
-0.442758
-0.535428
-0.628098
-0.720768
-0.050966
-0.116494
-0.182021
-0.247549
-0.313077
-0.378605
-0.444132
-0.509660
-0.000000
-0.000000
-0.000000
-0.000000
-0.000000
-0.000000
-0.000000
-0.000000
-0.048577
-0.111032
-0.173488
-0.235944
-0.298400
-0.360855
-0.423311
-0.485767
-0.039663
-0.090658
-0.141652
-0.192647
-0.243642
-0.294637
-0.345632
-0.396627
-0.028046
-0.064105
-0.100163
-0.136222
-0.172281
-0.208340
-0.244399
-0.280458
-0.000000
-0.000000
-0.000000
-0.000000
-0.000000
-0.000000
-0.000000
-0.000000
0.000264
0.000603
0.000941
0.001280
0.001619
0.001958
0.002297
0.002636
0.000215
0.000492
0.000769
0.001045
0.001322
0.001599
0.001876
0.002152
0.000152
0.000348
0.000544
0.000739
0.000935
0.001131
0.001326
0.001522
0.000000
0.000000
0.000000
0.000000
0.000000
0.000000
0.000000
0.000000
0.028934
0.066134
0.103334
0.140535
0.177735
0.214935
0.252135
0.289336
0.023624
0.053998
0.084372
0.114746
0.145120
0.175494
0.205868
0.236242
0.016705
0.038182
0.059660
0.081138
0.102615
0.124093
0.145570
0.167048
0.000000
0.000000
0.000000
0.000000
0.000000
0.000000
0.000000
0.000000
-0.080650
-0.184342
-0.288035
-0.391728
-0.495420
-0.599113
-0.702806
-0.806498
-0.065850
-0.150515
-0.235180
-0.319844
-0.404509
-0.489174
-0.573838
-0.658503
-0.046563
-0.106430
-0.166297
-0.226164
-0.286031
-0.345898
-0.405765
-0.465632
-0.000000
-0.000000
-0.000000
-0.000000
-0.000000
-0.000000
-0.000000
-0.000000
-0.029105
-0.066525
-0.103945
-0.141365
-0.178786
-0.216206
-0.253626
-0.291046
-0.023764
-0.054317
-0.084871
-0.115424
-0.145978
-0.176531
-0.207085
-0.237638
-0.016804
-0.038408
-0.060013
-0.081617
-0.103222
-0.124827
-0.146431
-0.168036
-0.000000
-0.000000
-0.000000
-0.000000
-0.000000
-0.000000
-0.000000
-0.000000
0.080921
0.184961
0.289002
0.393043
0.497084
0.601125
0.705165
0.809206
0.066071
0.151020
0.235969
0.320918
0.405867
0.490816
0.575765
0.660714
0.046720
0.106788
0.166855
0.226923
0.286991
0.347059
0.407127
0.467195
0.000000
0.000000
0.000000
0.000000
0.000000
0.000000
0.000000
0.000000
0.048424
0.110683
0.172942
0.235201
0.297460
0.359718
0.421977
0.484236
0.039538
0.090372
0.141206
0.192040
0.242875
0.293709
0.344543
0.395377
0.027957
0.063903
0.099848
0.135793
0.171738
0.207684
0.243629
0.279574
0.000000
0.000000
0.000000
0.000000
0.000000
0.000000
0.000000
0.000000
0.041565
0.095006
0.148447
0.201887
0.255328
0.308769
0.362210
0.415650
0.033938
0.077572
0.121206
0.164840
0.208474
0.252109
0.295743
0.339377
0.023998
0.054852
0.085706
0.116560
0.147414
0.178268
0.209122
0.239976
0.000000
0.000000
0.000000
0.000000
0.000000
0.000000
0.000000
0.000000
0.009962
0.022771
0.035579
0.048388
0.061196
0.074004
0.086813
0.099621
0.008134
0.018592
0.029050
0.039508
0.049966
0.060424
0.070882
0.081341
0.005752
0.013147
0.020542
0.027937
0.035332
0.042726
0.050121
0.057516
0.000000
0.000000
0.000000
0.000000
0.000000
0.000000
0.000000
0.000000
0.088258
0.201733
0.315208
0.428683
0.542158
0.655633
0.769108
0.882583
0.072063
0.164714
0.257366
0.350018
0.442670
0.535322
0.627974
0.720626
0.050956
0.116471
0.181985
0.247500
0.313015
0.378530
0.444045
0.509559
0.000000
0.000000
0.000000
0.000000
0.000000
0.000000
0.000000
0.000000
-0.041221
-0.094219
-0.147216
-0.200214
-0.253212
-0.306210
-0.359208
-0.412206
-0.033656
-0.076929
-0.120202
-0.163474
-0.206747
-0.250020
-0.293292
-0.336565
-0.023799
-0.054397
-0.084995
-0.115594
-0.146192
-0.176791
-0.207389
-0.237987
-0.000000
-0.000000
-0.000000
-0.000000
-0.000000
-0.000000
-0.000000
-0.000000
-0.077612
-0.177400
-0.277187
-0.376974
-0.476761
-0.576549
-0.676336
-0.776123
-0.063370
-0.144846
-0.226322
-0.307798
-0.389274
-0.470750
-0.552226
-0.633702
-0.044809
-0.102422
-0.160034
-0.217646
-0.275258
-0.332870
-0.390483
-0.448095
-0.000000
-0.000000
-0.000000
-0.000000
-0.000000
-0.000000
-0.000000
-0.000000
-0.010221
-0.023362
-0.036503
-0.049644
-0.062785
-0.075925
-0.089066
-0.102207
-0.008345
-0.019075
-0.029804
-0.040534
-0.051263
-0.061993
-0.072722
-0.083452
-0.005901
-0.013488
-0.021075
-0.028662
-0.036249
-0.043836
-0.051423
-0.059009
-0.000000
-0.000000
-0.000000
-0.000000
-0.000000
-0.000000
-0.000000
-0.000000
0.077329
0.176751
0.276174
0.375597
0.475019
0.574442
0.673864
0.773287
0.063139
0.144317
0.225495
0.306673
0.387851
0.469030
0.550208
0.631386
0.044646
0.102047
0.159449
0.216851
0.274252
0.331654
0.389056
0.446457
0.000000
0.000000
0.000000
0.000000
0.000000
0.000000
0.000000
0.000000
-0.088276
-0.201773
-0.315270
-0.428768
-0.542265
-0.655763
-0.769260
-0.882757
-0.072077
-0.164747
-0.257417
-0.350087
-0.442758
-0.535428
-0.628098
-0.720768
-0.050966
-0.116494
-0.182021
-0.247549
-0.313077
-0.378605
-0.444132
-0.509660
-0.000000
-0.000000
-0.000000
-0.000000
-0.000000
-0.000000
-0.000000
-0.000000
-0.048577
-0.111032
-0.173488
-0.235944
-0.298400
-0.360855
-0.423311
-0.485767
-0.039663
-0.090658
-0.141652
-0.192647
-0.243642
-0.294637
-0.345632
-0.396627
-0.028046
-0.064105
-0.100163
-0.136222
-0.172281
-0.208340
-0.244399
-0.280458
-0.000000
-0.000000
-0.000000
-0.000000
-0.000000
-0.000000
-0.000000
-0.000000
0.000264
0.000603
0.000941
0.001280
0.001619
0.001958
0.002297
0.002636
0.000215
0.000492
0.000769
0.001045
0.001322
0.001599
0.001876
0.002152
0.000152
0.000348
0.000544
0.000739
0.000935
0.001131
0.001326
0.001522
0.000000
0.000000
0.000000
0.000000
0.000000
0.000000
0.000000
0.000000
0.028934
0.066134
0.103334
0.140535
0.177735
0.214935
0.252135
0.289336
0.023624
0.053998
0.084372
0.114746
0.145120
0.175494
0.205868
0.236242
0.016705
0.038182
0.059660
0.081138
0.102615
0.124093
0.145570
0.167048
0.000000
0.000000
0.000000
0.000000
0.000000
0.000000
0.000000
0.000000
-0.080650
-0.184342
-0.288035
-0.391728
-0.495420
-0.599113
-0.702806
-0.806498
-0.065850
-0.150515
-0.235180
-0.319844
-0.404509
-0.489174
-0.573838
-0.658503
-0.046563
-0.106430
-0.166297
-0.226164
-0.286031
-0.345898
-0.405765
-0.465632
-0.000000
-0.000000
-0.000000
-0.000000
-0.000000
-0.000000
-0.000000
-0.000000
-0.029105
-0.066525
-0.103945
-0.141365
-0.178786
-0.216206
-0.253626
-0.291046
-0.023764
-0.054317
-0.084871
-0.115424
-0.145978
-0.176531
-0.207085
-0.237638
-0.016804
-0.038408
-0.060013
-0.081617
-0.103222
-0.124827
-0.146431
-0.168036
-0.000000
-0.000000
-0.000000
-0.000000
-0.000000
-0.000000
-0.000000
-0.000000
0.080921
0.184961
0.289002
0.393043
0.497084
0.601125
0.705165
0.809206
0.066071
0.151020
0.235969
0.320918
0.405867
0.490816
0.575765
0.660714
0.046720
0.106788
0.166855
0.226923
0.286991
0.347059
0.407127
0.467195
0.000000
0.000000
0.000000
0.000000
0.000000
0.000000
0.000000
0.000000
0.048424
0.110683
0.172942
0.235201
0.297460
0.359718
0.421977
0.484236
0.039538
0.090372
0.141206
0.192040
0.242875
0.293709
0.344543
0.395377
0.027957
0.063903
0.099848
0.135793
0.171738
0.207684
0.243629
0.279574
0.000000
0.000000
0.000000
0.000000
0.000000
0.000000
0.000000
0.000000
##END
