##TITLE= dor1.5 radial a cnst1=35.978
##JCAMP-DX= 5.00 Bruker JCAMP library
##DATA TYPE= Shape Data
##ORIGIN= Bruker Analytik GmbH
##OWNER= <nmrsu>
##DATE= xx
##TIME= xx
##MINX= 0
##MAXX= 1
##MINY= 0
##MAXY= 1
##$SHAPE_EXMODE= Gradient
##$SHAPE_TOTROT= 0
##$SHAPE_BWFAC= 0
##$SHAPE_INTEGFAC= 0
##$SHAPE_MODE= 0
##NPOINTS=1000
##XYDATA= (X++(Y..Y))
0.000000
0.025993
0.051910
0.077675
0.103212
0.128447
0.153304
0.177712
0.201599
0.224894
0.247529
0.269439
0.290558
0.310825
0.330180
0.348567
0.365931
0.382222
0.397392
0.411395
0.424192
0.435744
0.446016
0.454980
0.462607
0.468874
0.473764
0.477260
0.479350
0.480205
0.480327
0.480179
0.479873
0.479386
0.478715
0.477858
0.476812
0.475573
0.474138
0.472503
0.470664
0.468616
0.466354
0.463872
0.461165
0.458226
0.455049
0.451627
0.447951
0.444015
0.439809
0.435326
0.430555
0.425488
0.420114
0.414425
0.408410
0.402058
0.395359
0.388303
0.380880
0.373078
0.364888
0.356300
0.347304
0.337890
0.328050
0.317776
0.307058
0.295891
0.284268
0.272183
0.259632
0.246611
0.233117
0.219149
0.204707
0.189792
0.174405
0.158552
0.142236
0.125464
0.108245
0.090589
0.072505
0.054008
0.035110
0.015829
-0.003819
-0.023816
-0.044140
-0.064770
-0.085684
-0.106857
-0.128263
-0.149877
-0.171669
-0.193612
-0.215676
-0.237831
-0.260046
-0.282289
-0.304529
-0.326733
-0.348870
-0.370906
-0.392810
-0.414550
-0.436094
-0.457412
-0.478472
-0.499245
-0.519702
-0.539816
-0.559560
-0.578907
-0.597835
-0.616319
-0.634340
-0.651876
-0.668910
-0.685425
-0.701407
-0.716842
-0.731720
-0.746031
-0.759767
-0.772923
-0.785496
-0.797483
-0.808884
-0.819701
-0.829938
-0.839599
-0.848692
-0.857226
-0.865209
-0.872654
-0.879575
-0.885985
-0.891899
-0.897336
-0.902312
-0.906848
-0.910962
-0.914675
-0.918010
-0.920988
-0.923631
-0.925959
-0.927978
-0.929683
-0.931072
-0.932143
-0.932897
-0.933334
-0.933452
-0.933252
-0.932734
-0.931898
-0.930744
-0.929272
-0.927484
-0.925379
-0.922959
-0.920223
-0.917173
-0.913810
-0.910135
-0.906148
-0.901852
-0.897248
-0.892337
-0.887121
-0.881601
-0.875779
-0.869657
-0.863238
-0.856523
-0.849514
-0.842214
-0.834625
-0.826750
-0.818591
-0.810151
-0.801432
-0.792438
-0.783172
-0.773636
-0.763834
-0.753768
-0.743443
-0.732862
-0.722027
-0.710944
-0.699615
-0.688044
-0.676235
-0.664191
-0.651918
-0.639419
-0.626697
-0.613758
-0.600606
-0.587244
-0.573678
-0.559911
-0.545949
-0.531796
-0.517457
-0.502936
-0.488239
-0.473369
-0.458333
-0.443135
-0.427780
-0.412273
-0.396620
-0.380825
-0.364895
-0.348833
-0.332646
-0.316338
-0.299916
-0.283385
-0.266750
-0.250017
-0.233191
-0.216277
-0.199283
-0.182212
-0.165072
-0.147867
-0.130603
-0.113286
-0.095923
-0.078517
-0.061076
-0.043605
-0.026110
-0.008597
0.008929
0.026461
0.043994
0.061521
0.079038
0.096539
0.114016
0.131465
0.148880
0.166255
0.183585
0.200862
0.218083
0.235240
0.252329
0.269344
0.286278
0.303127
0.319884
0.336544
0.353102
0.369553
0.385889
0.402107
0.418201
0.434165
0.449994
0.465684
0.481227
0.496621
0.511858
0.526935
0.541846
0.556587
0.571152
0.585536
0.599735
0.613745
0.627560
0.641175
0.654587
0.667791
0.680782
0.693557
0.706110
0.718438
0.730537
0.742402
0.754030
0.765417
0.776559
0.787452
0.798093
0.808478
0.818604
0.828468
0.838066
0.847394
0.856451
0.865232
0.873735
0.881958
0.889897
0.897550
0.904914
0.911987
0.918767
0.925251
0.931437
0.937323
0.942907
0.948188
0.953164
0.957832
0.962192
0.966242
0.969981
0.973407
0.976519
0.979317
0.981800
0.983966
0.985815
0.987347
0.988560
0.989456
0.990032
0.990290
0.990228
0.989848
0.989149
0.988132
0.986797
0.985144
0.983174
0.980888
0.978286
0.975370
0.972141
0.968599
0.964745
0.960582
0.956110
0.951332
0.946248
0.940860
0.935171
0.929182
0.922896
0.916313
0.909438
0.902271
0.894816
0.887075
0.879050
0.870745
0.862161
0.853303
0.844173
0.834774
0.825109
0.815181
0.804995
0.794553
0.783859
0.772916
0.761729
0.750301
0.738635
0.726737
0.714609
0.702256
0.689682
0.676891
0.663889
0.650678
0.637263
0.623650
0.609842
0.595845
0.581662
0.567299
0.552761
0.538053
0.523178
0.508144
0.492954
0.477613
0.462128
0.446502
0.430742
0.414852
0.398838
0.382706
0.366461
0.350108
0.333652
0.317100
0.300457
0.283728
0.266920
0.250037
0.233086
0.216072
0.199001
0.181878
0.164710
0.147502
0.130261
0.112991
0.095698
0.078389
0.061069
0.043745
0.026421
0.009104
-0.008200
-0.025486
-0.042748
-0.059980
-0.077176
-0.094330
-0.111437
-0.128491
-0.145486
-0.162417
-0.179277
-0.196061
-0.212764
-0.229380
-0.245902
-0.262327
-0.278647
-0.294858
-0.310955
-0.326931
-0.342781
-0.358501
-0.374084
-0.389526
-0.404821
-0.419965
-0.434951
-0.449776
-0.464434
-0.478920
-0.493229
-0.507357
-0.521298
-0.535049
-0.548604
-0.561958
-0.575109
-0.588050
-0.600777
-0.613288
-0.625576
-0.637638
-0.649470
-0.661068
-0.672428
-0.683547
-0.694419
-0.705043
-0.715414
-0.725529
-0.735384
-0.744976
-0.754302
-0.763359
-0.772144
-0.780653
-0.788884
-0.796834
-0.804501
-0.811881
-0.818973
-0.825774
-0.832281
-0.838493
-0.844408
-0.850023
-0.855336
-0.860346
-0.865051
-0.869450
-0.873541
-0.877322
-0.880793
-0.883952
-0.886798
-0.889330
-0.891548
-0.893450
-0.895036
-0.896306
-0.897258
-0.897893
-0.898211
-0.898211
-0.897893
-0.897258
-0.896306
-0.895036
-0.893450
-0.891548
-0.889330
-0.886798
-0.883952
-0.880793
-0.877322
-0.873541
-0.869450
-0.865051
-0.860346
-0.855336
-0.850023
-0.844408
-0.838493
-0.832281
-0.825774
-0.818973
-0.811881
-0.804501
-0.796834
-0.788884
-0.780653
-0.772144
-0.763359
-0.754302
-0.744976
-0.735384
-0.725529
-0.715414
-0.705043
-0.694419
-0.683547
-0.672428
-0.661068
-0.649470
-0.637638
-0.625576
-0.613288
-0.600777
-0.588050
-0.575109
-0.561958
-0.548604
-0.535049
-0.521298
-0.507357
-0.493229
-0.478920
-0.464434
-0.449776
-0.434951
-0.419965
-0.404821
-0.389526
-0.374084
-0.358501
-0.342781
-0.326931
-0.310955
-0.294858
-0.278647
-0.262327
-0.245902
-0.229380
-0.212764
-0.196061
-0.179277
-0.162417
-0.145486
-0.128491
-0.111437
-0.094330
-0.077176
-0.059980
-0.042748
-0.025486
-0.008200
0.009104
0.026421
0.043745
0.061069
0.078389
0.095698
0.112991
0.130261
0.147502
0.164710
0.181878
0.199001
0.216072
0.233086
0.250037
0.266920
0.283728
0.300457
0.317100
0.333652
0.350108
0.366461
0.382706
0.398838
0.414852
0.430742
0.446502
0.462128
0.477613
0.492954
0.508144
0.523178
0.538053
0.552761
0.567299
0.581662
0.595845
0.609842
0.623650
0.637263
0.650678
0.663889
0.676891
0.689682
0.702256
0.714609
0.726737
0.738635
0.750301
0.761729
0.772916
0.783859
0.794553
0.804995
0.815181
0.825109
0.834774
0.844173
0.853303
0.862161
0.870745
0.879050
0.887075
0.894816
0.902271
0.909438
0.916313
0.922896
0.929182
0.935171
0.940860
0.946248
0.951332
0.956110
0.960582
0.964745
0.968599
0.972141
0.975370
0.978286
0.980888
0.983174
0.985144
0.986797
0.988132
0.989149
0.989848
0.990228
0.990290
0.990032
0.989456
0.988560
0.987347
0.985815
0.983966
0.981800
0.979317
0.976519
0.973407
0.969981
0.966242
0.962192
0.957832
0.953164
0.948188
0.942907
0.937323
0.931437
0.925251
0.918767
0.911987
0.904914
0.897550
0.889897
0.881958
0.873735
0.865232
0.856451
0.847394
0.838066
0.828468
0.818604
0.808478
0.798093
0.787452
0.776559
0.765417
0.754030
0.742402
0.730537
0.718438
0.706110
0.693557
0.680782
0.667791
0.654587
0.641175
0.627560
0.613745
0.599735
0.585536
0.571152
0.556587
0.541846
0.526935
0.511858
0.496621
0.481227
0.465684
0.449994
0.434165
0.418201
0.402107
0.385889
0.369553
0.353102
0.336544
0.319884
0.303127
0.286278
0.269344
0.252329
0.235240
0.218083
0.200862
0.183585
0.166255
0.148880
0.131465
0.114016
0.096539
0.079038
0.061521
0.043994
0.026461
0.008929
-0.008597
-0.026110
-0.043605
-0.061076
-0.078517
-0.095923
-0.113286
-0.130603
-0.147867
-0.165072
-0.182212
-0.199283
-0.216277
-0.233191
-0.250017
-0.266750
-0.283385
-0.299916
-0.316338
-0.332646
-0.348833
-0.364895
-0.380825
-0.396620
-0.412273
-0.427780
-0.443135
-0.458333
-0.473369
-0.488239
-0.502936
-0.517457
-0.531796
-0.545949
-0.559911
-0.573678
-0.587244
-0.600606
-0.613758
-0.626697
-0.639419
-0.651918
-0.664191
-0.676235
-0.688044
-0.699615
-0.710944
-0.722027
-0.732862
-0.743443
-0.753768
-0.763834
-0.773636
-0.783172
-0.792438
-0.801432
-0.810151
-0.818591
-0.826750
-0.834625
-0.842214
-0.849514
-0.856523
-0.863238
-0.869657
-0.875779
-0.881601
-0.887121
-0.892337
-0.897248
-0.901852
-0.906148
-0.910135
-0.913810
-0.917173
-0.920223
-0.922959
-0.925379
-0.927484
-0.929272
-0.930744
-0.931898
-0.932734
-0.933252
-0.933452
-0.933334
-0.932897
-0.932143
-0.931072
-0.929683
-0.927978
-0.925959
-0.923631
-0.920988
-0.918010
-0.914675
-0.910962
-0.906848
-0.902312
-0.897336
-0.891899
-0.885985
-0.879575
-0.872654
-0.865209
-0.857226
-0.848692
-0.839599
-0.829938
-0.819701
-0.808884
-0.797483
-0.785496
-0.772923
-0.759767
-0.746031
-0.731720
-0.716842
-0.701407
-0.685425
-0.668910
-0.651876
-0.634340
-0.616319
-0.597835
-0.578907
-0.559560
-0.539816
-0.519702
-0.499245
-0.478472
-0.457412
-0.436094
-0.414550
-0.392810
-0.370906
-0.348870
-0.326733
-0.304529
-0.282289
-0.260046
-0.237831
-0.215676
-0.193612
-0.171669
-0.149877
-0.128263
-0.106857
-0.085684
-0.064770
-0.044140
-0.023816
-0.003819
0.015829
0.035110
0.054008
0.072505
0.090589
0.108245
0.125464
0.142236
0.158552
0.174405
0.189792
0.204707
0.219149
0.233117
0.246611
0.259632
0.272183
0.284268
0.295891
0.307058
0.317776
0.328050
0.337890
0.347304
0.356300
0.364888
0.373078
0.380880
0.388303
0.395359
0.402058
0.408410
0.414425
0.420114
0.425488
0.430555
0.435326
0.439809
0.444015
0.447951
0.451627
0.455049
0.458226
0.461165
0.463872
0.466354
0.468616
0.470664
0.472503
0.474138
0.475573
0.476812
0.477858
0.478715
0.479386
0.479873
0.480179
0.480327
0.480205
0.479350
0.477260
0.473764
0.468874
0.462607
0.454980
0.446016
0.435744
0.424192
0.411395
0.397392
0.382222
0.365931
0.348567
0.330180
0.310825
0.290558
0.269439
0.247529
0.224894
0.201599
0.177712
0.153304
0.128447
0.103212
0.077675
0.051910
0.025993
0.000000
##END
