##TITLE= dor1.5 radial b cnst1=35.978
##JCAMP-DX= 5.00 Bruker JCAMP library
##DATA TYPE= Shape Data
##ORIGIN= Bruker Analytik GmbH
##OWNER= <nmrsu>
##DATE= xx
##TIME= xx
##MINX= 0
##MAXX= 1
##MINY= 0
##MAXY= 1
##$SHAPE_EXMODE= Gradient
##$SHAPE_TOTROT= 0
##$SHAPE_BWFAC= 0
##$SHAPE_INTEGFAC= 0
##$SHAPE_MODE= 0
##NPOINTS=1000
##XYDATA= (X++(Y..Y))
0.000000
0.000000
0.000000
0.000000
0.000000
0.000001
0.000003
0.000007
0.000015
0.000030
0.000055
0.000095
0.000157
0.000247
0.000376
0.000554
0.000793
0.001110
0.001518
0.002036
0.002682
0.003475
0.004435
0.005582
0.006935
0.008513
0.010334
0.012411
0.014759
0.017387
0.020313
0.023552
0.027119
0.031029
0.035293
0.039926
0.044938
0.050339
0.056141
0.062351
0.068978
0.076028
0.083508
0.091421
0.099772
0.108563
0.117794
0.127465
0.137575
0.148120
0.159096
0.170497
0.182316
0.194544
0.207171
0.220186
0.233574
0.247322
0.261414
0.275831
0.290556
0.305567
0.320844
0.336363
0.352099
0.368027
0.384121
0.400351
0.416690
0.433106
0.449569
0.466046
0.482505
0.498912
0.515233
0.531433
0.547476
0.563328
0.578952
0.594312
0.609372
0.624098
0.638452
0.652400
0.665908
0.678941
0.691466
0.703450
0.714863
0.725673
0.735852
0.745372
0.754207
0.762332
0.769725
0.776363
0.782227
0.787301
0.791569
0.795017
0.797634
0.799412
0.800343
0.800423
0.799650
0.798024
0.795546
0.792222
0.788058
0.783063
0.777248
0.770627
0.763214
0.755027
0.746084
0.736407
0.726018
0.714941
0.703202
0.690827
0.677845
0.664285
0.650177
0.635552
0.620443
0.604881
0.588899
0.572530
0.555808
0.538767
0.521439
0.503857
0.486055
0.468064
0.449917
0.431644
0.413275
0.394841
0.376369
0.357887
0.339420
0.320994
0.302633
0.284358
0.266191
0.248150
0.230254
0.212519
0.194959
0.177556
0.160230
0.142896
0.125530
0.108137
0.090724
0.073296
0.055859
0.038419
0.020981
0.003552
-0.013862
-0.031257
-0.048625
-0.065962
-0.083261
-0.100517
-0.117723
-0.134875
-0.151966
-0.168991
-0.185944
-0.202819
-0.219611
-0.236314
-0.252922
-0.269430
-0.285833
-0.302125
-0.318300
-0.334353
-0.350279
-0.366073
-0.381729
-0.397241
-0.412606
-0.427816
-0.442869
-0.457758
-0.472479
-0.487026
-0.501395
-0.515581
-0.529579
-0.543385
-0.556993
-0.570400
-0.583602
-0.596592
-0.609368
-0.621925
-0.634259
-0.646365
-0.658241
-0.669880
-0.681281
-0.692438
-0.703349
-0.714010
-0.724417
-0.734566
-0.744455
-0.754080
-0.763437
-0.772524
-0.781338
-0.789876
-0.798134
-0.806111
-0.813803
-0.821209
-0.828325
-0.835148
-0.841678
-0.847912
-0.853847
-0.859483
-0.864816
-0.869845
-0.874568
-0.878985
-0.883093
-0.886891
-0.890378
-0.893553
-0.896414
-0.898962
-0.901194
-0.903110
-0.904711
-0.905994
-0.906960
-0.907609
-0.907939
-0.907953
-0.907648
-0.907025
-0.906086
-0.904829
-0.903256
-0.901366
-0.899162
-0.896642
-0.893810
-0.890664
-0.887207
-0.883439
-0.879362
-0.874978
-0.870287
-0.865292
-0.859994
-0.854395
-0.848497
-0.842302
-0.835811
-0.829028
-0.821954
-0.814593
-0.806946
-0.799015
-0.790805
-0.782317
-0.773555
-0.764521
-0.755218
-0.745650
-0.735820
-0.725732
-0.715388
-0.704792
-0.693948
-0.682859
-0.671530
-0.659963
-0.648164
-0.636135
-0.623882
-0.611407
-0.598717
-0.585813
-0.572702
-0.559388
-0.545875
-0.532167
-0.518269
-0.504187
-0.489924
-0.475486
-0.460877
-0.446102
-0.431167
-0.416077
-0.400836
-0.385449
-0.369923
-0.354262
-0.338471
-0.322556
-0.306522
-0.290375
-0.274120
-0.257762
-0.241308
-0.224762
-0.208131
-0.191419
-0.174633
-0.157779
-0.140861
-0.123886
-0.106859
-0.089786
-0.072673
-0.055526
-0.038351
-0.021153
-0.003937
0.013289
0.030520
0.047751
0.064975
0.082187
0.099381
0.116551
0.133691
0.150796
0.167860
0.184876
0.201840
0.218745
0.235586
0.252356
0.269052
0.285665
0.302192
0.318627
0.334963
0.351196
0.367319
0.383328
0.399217
0.414981
0.430614
0.446111
0.461466
0.476676
0.491733
0.506634
0.521373
0.535945
0.550346
0.564570
0.578613
0.592469
0.606135
0.619605
0.632875
0.645941
0.658797
0.671440
0.683866
0.696069
0.708047
0.719794
0.731307
0.742582
0.753616
0.764404
0.774942
0.785228
0.795257
0.805026
0.814533
0.823773
0.832743
0.841441
0.849863
0.858007
0.865869
0.873448
0.880740
0.887744
0.894455
0.900873
0.906995
0.912819
0.918343
0.923565
0.928484
0.933097
0.937402
0.941399
0.945087
0.948462
0.951526
0.954276
0.956711
0.958831
0.960635
0.962122
0.963292
0.964143
0.964677
0.964892
0.964789
0.964367
0.963627
0.962568
0.961192
0.959498
0.957486
0.955159
0.952515
0.949557
0.946285
0.942700
0.938803
0.934595
0.930079
0.925254
0.920124
0.914689
0.908951
0.902912
0.896575
0.889940
0.883011
0.875790
0.868279
0.860480
0.852396
0.844029
0.835383
0.826460
0.817264
0.807796
0.798061
0.788062
0.777801
0.767282
0.756509
0.745486
0.734215
0.722700
0.710947
0.698957
0.686735
0.674286
0.661613
0.648721
0.635614
0.622295
0.608771
0.595044
0.581120
0.567003
0.552698
0.538210
0.523543
0.508702
0.493693
0.478520
0.463188
0.447702
0.432068
0.416290
0.400374
0.384326
0.368149
0.351851
0.335435
0.318909
0.302276
0.285544
0.268716
0.251799
0.234799
0.217720
0.200570
0.183353
0.166075
0.148741
0.131359
0.113933
0.096469
0.078973
0.061450
0.043908
0.026350
0.008784
-0.008784
-0.026350
-0.043908
-0.061450
-0.078973
-0.096469
-0.113933
-0.131359
-0.148741
-0.166075
-0.183353
-0.200570
-0.217720
-0.234799
-0.251799
-0.268716
-0.285544
-0.302276
-0.318909
-0.335435
-0.351851
-0.368149
-0.384326
-0.400374
-0.416290
-0.432068
-0.447702
-0.463188
-0.478520
-0.493693
-0.508702
-0.523543
-0.538210
-0.552698
-0.567003
-0.581120
-0.595044
-0.608771
-0.622295
-0.635614
-0.648721
-0.661613
-0.674286
-0.686735
-0.698957
-0.710947
-0.722700
-0.734215
-0.745486
-0.756509
-0.767282
-0.777801
-0.788062
-0.798061
-0.807796
-0.817264
-0.826460
-0.835383
-0.844029
-0.852396
-0.860480
-0.868279
-0.875790
-0.883011
-0.889940
-0.896575
-0.902912
-0.908951
-0.914689
-0.920124
-0.925254
-0.930079
-0.934595
-0.938803
-0.942700
-0.946285
-0.949557
-0.952515
-0.955159
-0.957486
-0.959498
-0.961192
-0.962568
-0.963627
-0.964367
-0.964789
-0.964892
-0.964677
-0.964143
-0.963292
-0.962122
-0.960635
-0.958831
-0.956711
-0.954276
-0.951526
-0.948462
-0.945087
-0.941399
-0.937402
-0.933097
-0.928484
-0.923565
-0.918343
-0.912819
-0.906995
-0.900873
-0.894455
-0.887744
-0.880740
-0.873448
-0.865869
-0.858007
-0.849863
-0.841441
-0.832743
-0.823773
-0.814533
-0.805026
-0.795257
-0.785228
-0.774942
-0.764404
-0.753616
-0.742582
-0.731307
-0.719794
-0.708047
-0.696069
-0.683866
-0.671440
-0.658797
-0.645941
-0.632875
-0.619605
-0.606135
-0.592469
-0.578613
-0.564570
-0.550346
-0.535945
-0.521373
-0.506634
-0.491733
-0.476676
-0.461466
-0.446111
-0.430614
-0.414981
-0.399217
-0.383328
-0.367319
-0.351196
-0.334963
-0.318627
-0.302192
-0.285665
-0.269052
-0.252356
-0.235586
-0.218745
-0.201840
-0.184876
-0.167860
-0.150796
-0.133691
-0.116551
-0.099381
-0.082187
-0.064975
-0.047751
-0.030520
-0.013289
0.003937
0.021153
0.038351
0.055526
0.072673
0.089786
0.106859
0.123886
0.140861
0.157779
0.174633
0.191419
0.208131
0.224762
0.241308
0.257762
0.274120
0.290375
0.306522
0.322556
0.338471
0.354262
0.369923
0.385449
0.400836
0.416077
0.431167
0.446102
0.460877
0.475486
0.489924
0.504187
0.518269
0.532167
0.545875
0.559388
0.572702
0.585813
0.598717
0.611407
0.623882
0.636135
0.648164
0.659963
0.671530
0.682859
0.693948
0.704792
0.715388
0.725732
0.735820
0.745650
0.755218
0.764521
0.773555
0.782317
0.790805
0.799015
0.806946
0.814593
0.821954
0.829028
0.835811
0.842302
0.848497
0.854395
0.859994
0.865292
0.870287
0.874978
0.879362
0.883439
0.887207
0.890664
0.893810
0.896642
0.899162
0.901366
0.903256
0.904829
0.906086
0.907025
0.907648
0.907953
0.907939
0.907609
0.906960
0.905994
0.904711
0.903110
0.901194
0.898962
0.896414
0.893553
0.890378
0.886891
0.883093
0.878985
0.874568
0.869845
0.864816
0.859483
0.853847
0.847912
0.841678
0.835148
0.828325
0.821209
0.813803
0.806111
0.798134
0.789876
0.781338
0.772524
0.763437
0.754080
0.744455
0.734566
0.724417
0.714010
0.703349
0.692438
0.681281
0.669880
0.658241
0.646365
0.634259
0.621925
0.609368
0.596592
0.583602
0.570400
0.556993
0.543385
0.529579
0.515581
0.501395
0.487026
0.472479
0.457758
0.442869
0.427816
0.412606
0.397241
0.381729
0.366073
0.350279
0.334353
0.318300
0.302125
0.285833
0.269430
0.252922
0.236314
0.219611
0.202819
0.185944
0.168991
0.151966
0.134875
0.117723
0.100517
0.083261
0.065962
0.048625
0.031257
0.013862
-0.003552
-0.020981
-0.038419
-0.055859
-0.073296
-0.090724
-0.108137
-0.125530
-0.142896
-0.160230
-0.177556
-0.194959
-0.212519
-0.230254
-0.248150
-0.266191
-0.284358
-0.302633
-0.320994
-0.339420
-0.357887
-0.376369
-0.394841
-0.413275
-0.431644
-0.449917
-0.468064
-0.486055
-0.503857
-0.521439
-0.538767
-0.555808
-0.572530
-0.588899
-0.604881
-0.620443
-0.635552
-0.650177
-0.664285
-0.677845
-0.690827
-0.703202
-0.714941
-0.726018
-0.736407
-0.746084
-0.755027
-0.763214
-0.770627
-0.777248
-0.783063
-0.788058
-0.792222
-0.795546
-0.798024
-0.799650
-0.800423
-0.800343
-0.799412
-0.797634
-0.795017
-0.791569
-0.787301
-0.782227
-0.776363
-0.769725
-0.762332
-0.754207
-0.745372
-0.735852
-0.725673
-0.714863
-0.703450
-0.691466
-0.678941
-0.665908
-0.652400
-0.638452
-0.624098
-0.609372
-0.594312
-0.578952
-0.563328
-0.547476
-0.531433
-0.515233
-0.498912
-0.482505
-0.466046
-0.449569
-0.433106
-0.416690
-0.400351
-0.384121
-0.368027
-0.352099
-0.336363
-0.320844
-0.305567
-0.290556
-0.275831
-0.261414
-0.247322
-0.233574
-0.220186
-0.207171
-0.194544
-0.182316
-0.170497
-0.159096
-0.148120
-0.137575
-0.127465
-0.117794
-0.108563
-0.099772
-0.091421
-0.083508
-0.076028
-0.068978
-0.062351
-0.056141
-0.050339
-0.044938
-0.039926
-0.035293
-0.031029
-0.027119
-0.023552
-0.020313
-0.017387
-0.014759
-0.012411
-0.010334
-0.008513
-0.006935
-0.005582
-0.004435
-0.003475
-0.002682
-0.002036
-0.001518
-0.001110
-0.000793
-0.000554
-0.000376
-0.000247
-0.000157
-0.000095
-0.000055
-0.000030
-0.000015
-0.000007
-0.000003
-0.000001
-0.000000
-0.000000
-0.000000
-0.000000
0.000000
##END
