##TITLE= dor1.5 axial c cnst1=35.978
##JCAMP-DX= 5.00 Bruker JCAMP library
##DATA TYPE= Shape Data
##ORIGIN= Bruker Analytik GmbH
##OWNER= <nmrsu>
##DATE= xx
##TIME= xx
##MINX= 0
##MAXX= 1
##MINY= 0
##MAXY= 1
##$SHAPE_EXMODE= Gradient
##$SHAPE_TOTROT= 0
##$SHAPE_BWFAC= 0
##$SHAPE_INTEGFAC= 0
##$SHAPE_MODE= 0
##NPOINTS=1000
##XYDATA= (X++(Y..Y))
0.000000
0.051995
0.103838
0.155376
0.206458
0.256935
0.306658
0.355482
0.403263
0.449861
0.495139
0.538966
0.581211
0.621752
0.660468
0.697248
0.731982
0.764570
0.794914
0.822927
0.848526
0.871636
0.892188
0.910123
0.925387
0.937936
0.947732
0.954747
0.958958
0.960705
0.960997
0.960765
0.960234
0.959360
0.958145
0.956585
0.954681
0.952432
0.949837
0.946895
0.943606
0.939968
0.935981
0.931643
0.926954
0.921912
0.916517
0.910767
0.904660
0.898196
0.891374
0.884190
0.876645
0.868736
0.860462
0.851822
0.842813
0.833434
0.823685
0.813562
0.803066
0.792195
0.780948
0.769325
0.757324
0.744946
0.732191
0.719058
0.705550
0.691666
0.677409
0.662780
0.647783
0.632420
0.616695
0.600613
0.584178
0.567396
0.550273
0.532817
0.515034
0.496934
0.478525
0.459819
0.440824
0.421554
0.402019
0.382234
0.362211
0.341966
0.321513
0.300869
0.280050
0.259072
0.237954
0.216715
0.195372
0.173945
0.152454
0.130919
0.109360
0.087797
0.066253
0.044746
0.023300
0.001933
-0.019332
-0.040474
-0.061474
-0.082310
-0.102963
-0.123412
-0.143639
-0.163625
-0.183351
-0.202800
-0.221955
-0.240800
-0.259318
-0.277496
-0.295320
-0.312776
-0.329853
-0.346539
-0.362825
-0.378702
-0.394162
-0.409197
-0.423802
-0.437972
-0.451704
-0.464995
-0.477844
-0.490249
-0.502213
-0.513737
-0.524824
-0.535477
-0.545703
-0.555506
-0.564895
-0.573877
-0.582460
-0.590656
-0.598475
-0.605929
-0.613030
-0.619792
-0.626229
-0.632382
-0.638344
-0.644201
-0.649981
-0.655682
-0.661303
-0.666845
-0.672307
-0.677687
-0.682985
-0.688201
-0.693334
-0.698383
-0.703347
-0.708227
-0.713022
-0.717730
-0.722351
-0.726885
-0.731332
-0.735690
-0.739960
-0.744140
-0.748230
-0.752230
-0.756139
-0.759956
-0.763682
-0.767316
-0.770857
-0.774305
-0.777659
-0.780920
-0.784086
-0.787158
-0.790134
-0.793015
-0.795801
-0.798490
-0.801083
-0.803579
-0.805978
-0.808280
-0.810484
-0.812590
-0.814598
-0.816508
-0.818320
-0.820032
-0.821645
-0.823160
-0.824574
-0.825890
-0.827105
-0.828221
-0.829236
-0.830152
-0.830967
-0.831682
-0.832296
-0.832810
-0.833224
-0.833536
-0.833749
-0.833860
-0.833871
-0.833781
-0.833590
-0.833299
-0.832907
-0.832415
-0.831822
-0.831129
-0.830335
-0.829441
-0.828447
-0.827352
-0.826158
-0.824864
-0.823471
-0.821978
-0.820386
-0.818695
-0.816905
-0.815016
-0.813029
-0.810943
-0.808760
-0.806479
-0.804101
-0.801626
-0.799053
-0.796385
-0.793620
-0.790759
-0.787803
-0.784752
-0.781606
-0.778366
-0.775031
-0.771603
-0.768082
-0.764468
-0.760762
-0.756964
-0.753074
-0.749094
-0.745023
-0.740862
-0.736612
-0.732273
-0.727845
-0.723330
-0.718727
-0.714037
-0.709261
-0.704400
-0.699453
-0.694422
-0.689307
-0.684109
-0.678828
-0.673466
-0.668022
-0.662497
-0.656892
-0.651208
-0.645446
-0.639605
-0.633687
-0.627693
-0.621623
-0.615478
-0.609258
-0.602965
-0.596599
-0.590161
-0.583652
-0.577073
-0.570423
-0.563705
-0.556919
-0.550065
-0.543145
-0.536160
-0.529110
-0.521995
-0.514818
-0.507579
-0.500278
-0.492917
-0.485497
-0.478017
-0.470480
-0.462887
-0.455237
-0.447532
-0.439774
-0.431962
-0.424098
-0.416183
-0.408218
-0.400203
-0.392140
-0.384030
-0.375873
-0.367671
-0.359424
-0.351135
-0.342802
-0.334429
-0.326015
-0.317561
-0.309069
-0.300540
-0.291975
-0.283374
-0.274739
-0.266071
-0.257371
-0.248640
-0.239879
-0.231088
-0.222270
-0.213425
-0.204555
-0.195659
-0.186740
-0.177798
-0.168835
-0.159852
-0.150849
-0.141828
-0.132790
-0.123736
-0.114667
-0.105584
-0.096488
-0.087381
-0.078263
-0.069136
-0.060000
-0.050857
-0.041708
-0.032554
-0.023396
-0.014235
-0.005072
0.004091
0.013254
0.022415
0.031573
0.040728
0.049877
0.059021
0.068158
0.077286
0.086405
0.095513
0.104610
0.113695
0.122765
0.131821
0.140861
0.149884
0.158889
0.167874
0.176840
0.185784
0.194705
0.203603
0.212477
0.221324
0.230145
0.238939
0.247703
0.256438
0.265141
0.273813
0.282451
0.291055
0.299625
0.308158
0.316654
0.325111
0.333529
0.341907
0.350244
0.358539
0.366790
0.374997
0.383158
0.391274
0.399342
0.407362
0.415332
0.423253
0.431122
0.438940
0.446704
0.454415
0.462070
0.469670
0.477213
0.484698
0.492125
0.499493
0.506800
0.514046
0.521230
0.528351
0.535408
0.542400
0.549327
0.556188
0.562982
0.569707
0.576364
0.582951
0.589468
0.595913
0.602287
0.608588
0.614815
0.620968
0.627047
0.633049
0.638975
0.644824
0.650595
0.656287
0.661901
0.667434
0.672887
0.678258
0.683548
0.688755
0.693878
0.698918
0.703874
0.708745
0.713530
0.718229
0.722841
0.727366
0.731803
0.736152
0.740411
0.744582
0.748662
0.752653
0.756552
0.760360
0.764076
0.767699
0.771231
0.774669
0.778013
0.781263
0.784420
0.787481
0.790447
0.793318
0.796093
0.798772
0.801355
0.803841
0.806229
0.808521
0.810714
0.812810
0.814808
0.816707
0.818508
0.820209
0.821812
0.823316
0.824720
0.826024
0.827229
0.828334
0.829339
0.830244
0.831048
0.831752
0.832356
0.832859
0.833262
0.833564
0.833765
0.833866
0.833866
0.833765
0.833564
0.833262
0.832859
0.832356
0.831752
0.831048
0.830244
0.829339
0.828334
0.827229
0.826024
0.824720
0.823316
0.821812
0.820209
0.818508
0.816707
0.814808
0.812810
0.810714
0.808521
0.806229
0.803841
0.801355
0.798772
0.796093
0.793318
0.790447
0.787481
0.784420
0.781263
0.778013
0.774669
0.771231
0.767699
0.764076
0.760360
0.756552
0.752653
0.748662
0.744582
0.740411
0.736152
0.731803
0.727366
0.722841
0.718229
0.713530
0.708745
0.703874
0.698918
0.693878
0.688755
0.683548
0.678258
0.672887
0.667434
0.661901
0.656287
0.650595
0.644824
0.638975
0.633049
0.627047
0.620968
0.614815
0.608588
0.602287
0.595913
0.589468
0.582951
0.576364
0.569707
0.562982
0.556188
0.549327
0.542400
0.535408
0.528351
0.521230
0.514046
0.506800
0.499493
0.492125
0.484698
0.477213
0.469670
0.462070
0.454415
0.446704
0.438940
0.431122
0.423253
0.415332
0.407362
0.399342
0.391274
0.383158
0.374997
0.366790
0.358539
0.350244
0.341907
0.333529
0.325111
0.316654
0.308158
0.299625
0.291055
0.282451
0.273813
0.265141
0.256438
0.247703
0.238939
0.230145
0.221324
0.212477
0.203603
0.194705
0.185784
0.176840
0.167874
0.158889
0.149884
0.140861
0.131821
0.122765
0.113695
0.104610
0.095513
0.086405
0.077286
0.068158
0.059021
0.049877
0.040728
0.031573
0.022415
0.013254
0.004091
-0.005072
-0.014235
-0.023396
-0.032554
-0.041708
-0.050857
-0.060000
-0.069136
-0.078263
-0.087381
-0.096488
-0.105584
-0.114667
-0.123736
-0.132790
-0.141828
-0.150849
-0.159852
-0.168835
-0.177798
-0.186740
-0.195659
-0.204555
-0.213425
-0.222270
-0.231088
-0.239879
-0.248640
-0.257371
-0.266071
-0.274739
-0.283374
-0.291975
-0.300540
-0.309069
-0.317561
-0.326015
-0.334429
-0.342802
-0.351135
-0.359424
-0.367671
-0.375873
-0.384030
-0.392140
-0.400203
-0.408218
-0.416183
-0.424098
-0.431962
-0.439774
-0.447532
-0.455237
-0.462887
-0.470480
-0.478017
-0.485497
-0.492917
-0.500278
-0.507579
-0.514818
-0.521995
-0.529110
-0.536160
-0.543145
-0.550065
-0.556919
-0.563705
-0.570423
-0.577073
-0.583652
-0.590161
-0.596599
-0.602965
-0.609258
-0.615478
-0.621623
-0.627693
-0.633687
-0.639605
-0.645446
-0.651208
-0.656892
-0.662497
-0.668022
-0.673466
-0.678828
-0.684109
-0.689307
-0.694422
-0.699453
-0.704400
-0.709261
-0.714037
-0.718727
-0.723330
-0.727845
-0.732273
-0.736612
-0.740862
-0.745023
-0.749094
-0.753074
-0.756964
-0.760762
-0.764468
-0.768082
-0.771603
-0.775031
-0.778366
-0.781606
-0.784752
-0.787803
-0.790759
-0.793620
-0.796385
-0.799053
-0.801626
-0.804101
-0.806479
-0.808760
-0.810943
-0.813029
-0.815016
-0.816905
-0.818695
-0.820386
-0.821978
-0.823471
-0.824864
-0.826158
-0.827352
-0.828447
-0.829441
-0.830335
-0.831129
-0.831822
-0.832415
-0.832907
-0.833299
-0.833590
-0.833781
-0.833871
-0.833860
-0.833749
-0.833536
-0.833224
-0.832810
-0.832296
-0.831682
-0.830967
-0.830152
-0.829236
-0.828221
-0.827105
-0.825890
-0.824574
-0.823160
-0.821645
-0.820032
-0.818320
-0.816508
-0.814598
-0.812590
-0.810484
-0.808280
-0.805978
-0.803579
-0.801083
-0.798490
-0.795801
-0.793015
-0.790134
-0.787158
-0.784086
-0.780920
-0.777659
-0.774305
-0.770857
-0.767316
-0.763682
-0.759956
-0.756139
-0.752230
-0.748230
-0.744140
-0.739960
-0.735690
-0.731332
-0.726885
-0.722351
-0.717730
-0.713022
-0.708227
-0.703347
-0.698383
-0.693334
-0.688201
-0.682985
-0.677687
-0.672307
-0.666845
-0.661303
-0.655682
-0.649981
-0.644201
-0.638344
-0.632382
-0.626229
-0.619792
-0.613030
-0.605929
-0.598475
-0.590656
-0.582460
-0.573877
-0.564895
-0.555506
-0.545703
-0.535477
-0.524824
-0.513737
-0.502213
-0.490249
-0.477844
-0.464995
-0.451704
-0.437972
-0.423802
-0.409197
-0.394162
-0.378702
-0.362825
-0.346539
-0.329853
-0.312776
-0.295320
-0.277496
-0.259318
-0.240800
-0.221955
-0.202800
-0.183351
-0.163625
-0.143639
-0.123412
-0.102963
-0.082310
-0.061474
-0.040474
-0.019332
0.001933
0.023300
0.044746
0.066253
0.087797
0.109360
0.130919
0.152454
0.173945
0.195372
0.216715
0.237954
0.259072
0.280050
0.300869
0.321513
0.341966
0.362211
0.382234
0.402019
0.421554
0.440824
0.459819
0.478525
0.496934
0.515034
0.532817
0.550273
0.567396
0.584178
0.600613
0.616695
0.632420
0.647783
0.662780
0.677409
0.691666
0.705550
0.719058
0.732191
0.744946
0.757324
0.769325
0.780948
0.792195
0.803066
0.813562
0.823685
0.833434
0.842813
0.851822
0.860462
0.868736
0.876645
0.884190
0.891374
0.898196
0.904660
0.910767
0.916517
0.921912
0.926954
0.931643
0.935981
0.939968
0.943606
0.946895
0.949837
0.952432
0.954681
0.956585
0.958145
0.959360
0.960234
0.960765
0.960997
0.960705
0.958958
0.954747
0.947732
0.937936
0.925387
0.910123
0.892188
0.871636
0.848526
0.822927
0.794914
0.764570
0.731982
0.697248
0.660468
0.621752
0.581211
0.538966
0.495139
0.449861
0.403263
0.355482
0.306658
0.256935
0.206458
0.155376
0.103838
0.051995
0.000000
##END
