0.677209 0.171722 -0.715472
0.596649 0.524193 -0.607644
0.296100 0.744365 0.598536
0.855487 0.332084 -0.397319
0.972245 0.073335 0.222175
0.362134 -0.818259 -0.446443
0.799220 0.109123 0.591050
0.629845 0.411963 0.658470
0.628322 -0.191045 0.754131
0.923137 0.383111 -0.032308
0.150051 0.047256 -0.987548
0.384767 0.308009 -0.870106
0.381929 0.812928 -0.439634
0.473223 0.873868 -0.111418
0.713644 0.643382 -0.277077
0.854279 0.395459 0.337371
0.604501 0.672741 0.426612
0.397531 0.889457 0.225466
0.323842 0.465194 0.823845
0.489785 0.123639 0.863032
-0.080753 0.692492 -0.716892
-0.370535 0.763757 -0.528564
-0.266407 0.936105 -0.229640
0.032348 0.897919 -0.438970
-0.180123 0.977980 0.105404
0.130817 0.986968 -0.093710
0.076908 0.941551 0.327975
-0.065459 0.782950 0.618631
-0.391690 0.591275 0.704963
0.111680 0.193827 0.974658
-0.365345 0.470813 -0.803030
0.451828 -0.522723 -0.722919
-0.646642 0.512373 -0.565091
-0.610752 0.752132 -0.247549
0.021703 0.395660 -0.918141
-0.524095 0.846772 0.091116
-0.349254 0.840850 0.413513
-0.871905 0.344056 0.348435
-0.977644 -0.024243 0.208863
-0.024824 0.525685 0.850317
-0.252228 0.165073 -0.953484
-0.485278 -0.103994 -0.868154
-0.628950 0.198284 -0.751735
-0.844015 0.459747 -0.276172
-0.491802 -0.868565 0.061030
-0.300515 -0.737273 -0.605078
-0.792585 0.605097 0.075270
-0.835103 0.045904 0.548175
-0.651034 0.338705 0.679289
-0.376333 -0.328402 0.866329
-0.123513 -0.981237 0.148046
-0.763887 -0.162200 -0.624634
0.480323 -0.093454 -0.872099
-0.669556 -0.547040 -0.502436
-0.867766 0.155812 -0.471917
0.257296 -0.942392 0.213764
-0.933702 -0.355919 0.039024
-0.651168 0.629904 0.423321
-0.521596 0.041075 0.852203
-0.761495 -0.636976 -0.119948
-0.479058 -0.431707 -0.764285
0.266447 0.634424 -0.725612
-0.003780 -0.885278 -0.465047
-0.885084 -0.328133 -0.330083
-0.503399 -0.804325 -0.315674
-0.961946 0.273210 -0.003953
-0.722047 -0.646090 0.247416
-0.857493 -0.330718 0.394121
-0.678604 -0.236620 0.695347
-0.263092 -0.647672 0.715055
-0.139404 -0.508734 -0.849563
0.869606 -0.023080 -0.493206
-0.213174 -0.957744 -0.193089
0.164954 -0.977079 -0.134562
0.660911 -0.615608 -0.429213
-0.155769 -0.046786 0.986685
-0.018225 -0.881066 0.472643
-0.981844 -0.027775 -0.187644
0.093326 -0.670022 0.736451
-0.016847 -0.383432 0.923415
0.209057 -0.333505 -0.919276
0.133202 -0.679668 -0.721325
0.509815 -0.852908 -0.112413
0.587887 -0.774114 0.234810
0.786555 -0.611649 -0.084949
0.824386 -0.504726 0.256201
0.370535 -0.763757 0.528564
-0.288835 0.296462 0.910321
0.643287 -0.515659 0.565931
0.372794 -0.454945 0.808733
-0.135368 -0.181205 -0.974084
0.698282 -0.285226 -0.656543
-0.385797 -0.828932 0.405009
0.887709 -0.337217 -0.313461
0.986572 0.043765 -0.157352
0.732399 0.674984 0.089382
0.965312 -0.257894 0.040771
0.870392 -0.206274 0.447066
-0.588265 -0.565038 0.578512
0.256475 -0.142781 0.955947
