0.963379 -0.267241 -0.021996
0.387489 0.918274 0.081396
0.864223 0.282856 -0.416066
0.218311 -0.314581 -0.923785
0.863468 0.491981 -0.111251
0.815451 0.185675 0.548237
0.821273 -0.162657 0.546858
0.986425 0.154049 -0.056877
0.555408 0.235392 0.797567
0.289021 -0.082171 0.953790
-0.289021 0.082171 -0.953790
0.615803 0.367312 -0.697043
0.662384 0.606732 -0.439459
0.633057 0.764039 -0.124436
0.698354 0.683542 0.212300
0.089160 0.794461 0.600734
0.421977 0.795834 0.434263
0.676228 0.513624 0.528116
0.217299 0.254128 0.942444
0.009107 0.636476 -0.771242
0.043427 0.867873 -0.494884
-0.575929 0.585507 0.570515
0.789744 -0.286350 -0.542501
-0.214296 0.971581 0.100536
-0.855535 0.415307 -0.309161
0.077597 0.989786 -0.119592
0.388523 0.561271 0.730770
-0.086442 0.010130 0.996205
-0.898637 -0.367833 -0.239062
-0.335588 0.442386 -0.831670
-0.622742 0.469640 -0.625804
-0.249881 0.922490 -0.294232
-0.309079 0.732484 -0.606578
-0.509060 0.858871 -0.056562
-0.557532 0.781360 0.280419
-0.275193 0.631076 0.725267
0.049130 0.538267 0.841341
-0.589418 0.124781 -0.798133
-0.247276 0.858763 0.448756
0.096499 0.954948 0.280645
-0.593061 0.712681 -0.374651
-0.963379 0.267241 0.021996
-0.779048 0.625400 -0.044274
-0.822471 0.499486 0.272131
0.311956 0.397037 -0.863160
0.011399 -0.320256 0.947262
-0.218309 0.314580 0.923786
-0.789744 0.286350 0.542502
-0.815451 -0.185675 -0.548237
-0.986425 -0.154049 0.056877
-0.968280 0.021661 -0.248926
-0.361703 -0.875076 0.321579
-0.943326 0.066994 0.325034
-0.736887 -0.037897 0.674953
-0.534773 0.282312 0.796440
-0.431822 -0.057631 0.900116
-0.217305 -0.254131 -0.942441
0.361702 0.875077 -0.321577
-0.676228 -0.513624 -0.528116
-0.698354 -0.683542 -0.212300
-0.388523 -0.561271 -0.730770
-0.863468 -0.491981 0.111251
-0.864223 -0.282856 0.416066
0.309079 -0.732484 0.606578
-0.615803 -0.367312 0.697043
-0.311956 -0.397037 0.863160
-0.011374 0.320238 -0.947269
-0.555408 -0.235392 -0.797567
0.779048 -0.625399 0.044271
0.431813 0.057637 -0.900120
-0.089160 -0.794461 -0.600734
-0.387489 -0.918274 -0.081396
-0.821273 0.162657 -0.546858
-0.633057 -0.764039 0.124436
-0.662384 -0.606732 0.439458
-0.359468 -0.683690 0.635099
0.086442 -0.010130 -0.996205
0.247276 -0.858763 -0.448756
0.214296 -0.971581 -0.100536
-0.096524 -0.954931 -0.280696
-0.077598 -0.989786 0.119592
-0.043428 -0.867873 0.494884
-0.009107 -0.636476 0.771242
0.534773 -0.282312 -0.796440
0.898637 0.367833 0.239062
0.275190 -0.631086 -0.725259
0.557532 -0.781360 -0.280419
0.509060 -0.858871 0.056563
-0.049130 -0.538267 -0.841341
0.249878 -0.922490 0.294234
0.593061 -0.712681 0.374651
0.622742 -0.469640 0.625804
0.335588 -0.442386 0.831670
-0.421977 -0.795834 -0.434263
0.736887 0.037897 -0.674953
0.359468 0.683689 -0.635100
0.822475 -0.499476 -0.272136
0.943326 -0.066994 -0.325034
0.968280 -0.021661 0.248926
0.855532 -0.415308 0.309168
0.575929 -0.585507 -0.570515
0.589418 -0.124781 0.798133
