0.569292 0.160341 -0.806348
0.506442 0.615443 0.603943
-0.070773 0.869354 0.489096
0.825897 0.214528 -0.521413
0.131655 -0.902615 -0.409820
0.963047 0.217524 -0.158818
0.846231 0.529381 0.060405
0.845867 0.172695 0.504664
0.597498 0.462781 -0.654851
0.616218 0.298962 0.728627
0.420770 0.031016 0.906637
0.286533 0.430597 -0.855854
0.866493 -0.454509 0.206424
0.816521 0.494411 -0.298079
0.771943 0.491762 0.402833
0.343838 0.938084 0.042109
0.630632 0.771749 -0.081890
0.590906 0.761266 0.267030
0.321626 0.891494 -0.319054
-0.886051 0.396941 0.239482
0.315549 0.379428 0.869749
-0.032179 0.580184 -0.813849
0.291180 0.706784 -0.644726
-0.961253 0.006200 -0.275600
0.029397 0.977276 -0.209921
0.032965 0.983435 0.178237
0.289191 0.862914 0.414425
0.089308 0.067142 0.993738
-0.012497 0.835972 -0.548630
-0.164676 0.653624 0.738687
-0.022027 0.401404 0.915636
-0.044568 0.237266 -0.970422
-0.334595 0.364962 -0.868820
-0.312558 0.875321 -0.368945
-0.752333 -0.169967 0.636480
-0.610281 0.681833 -0.403312
-0.706029 -0.190669 -0.682032
-0.249466 0.968038 -0.025871
-0.453333 0.698788 0.553339
0.184331 0.678785 0.710825
-0.265121 0.154518 0.951754
-0.543687 0.083772 -0.835097
-0.810557 0.113861 -0.574484
-0.341426 0.668819 -0.660385
-0.830898 0.401517 -0.385217
-0.955502 0.283232 -0.082434
-0.798740 0.597002 -0.074860
-0.670856 0.696785 0.253858
-0.710289 0.456737 0.535613
-0.614869 0.418518 -0.668415
-0.639727 -0.525407 -0.560978
-0.340815 -0.661666 -0.667864
-0.553555 0.829912 -0.069440
-0.956167 -0.289174 -0.046082
-0.991542 0.018556 0.128454
-0.908736 -0.258999 0.327290
-0.884429 0.111728 0.453103
-0.360761 0.888669 0.283053
-0.659188 0.176180 0.731049
-0.255296 -0.049576 -0.965591
-0.440713 -0.327435 -0.835798
-0.868305 -0.298281 -0.396326
0.437036 -0.191838 -0.878748
-0.783203 -0.586601 -0.206134
-0.817011 -0.557151 0.148580
-0.577564 -0.748762 0.325232
-0.468890 -0.417891 0.778145
-0.366862 -0.707672 0.603831
-0.424959 0.422470 0.800581
-0.130597 -0.447001 -0.884949
0.229207 -0.487856 -0.842295
-0.573291 -0.819320 -0.007136
-0.260922 -0.963446 -0.060763
-0.281988 -0.914536 0.290011
-0.040043 -0.814300 0.579062
-0.136097 -0.534359 0.834229
-0.173902 -0.206116 0.962951
0.065685 -0.180639 -0.981354
0.632370 -0.703287 0.324799
0.004921 -0.724307 -0.689460
-0.203992 -0.892022 -0.403341
-0.699188 -0.494289 0.516541
0.083892 -0.992980 -0.083388
0.047872 -0.966810 0.250971
0.396258 -0.908738 0.131053
0.297241 -0.832494 0.467548
0.190357 -0.604465 0.773554
0.562874 -0.455452 -0.689736
0.651385 -0.665608 -0.364230
0.695151 -0.718683 -0.016116
0.369925 -0.723019 -0.583436
0.924536 -0.131525 0.357678
0.421996 -0.880978 -0.214003
-0.516249 -0.782826 -0.347377
0.499440 -0.597869 0.626987
-0.491323 -0.088993 0.866419
0.161272 -0.284315 0.945069
0.260810 0.100183 -0.960178
0.735702 -0.106784 -0.668835
0.960625 0.210119 0.181797
0.807395 -0.372979 -0.457165
0.938212 -0.078753 -0.336981
0.891260 -0.433206 -0.134120
0.992123 -0.124408 0.014647
0.577043 0.700784 -0.419432
0.751854 -0.382078 0.537337
0.706488 -0.072476 0.704004
0.476628 -0.313867 0.821166
