-0.242479 -0.382377 -0.891623
0.468732 0.251760 -0.846704
0.874757 -0.087932 -0.476516
0.938938 0.197108 -0.282034
0.939786 -0.187104 0.285997
0.852144 0.416357 0.317014
0.394165 -0.356696 -0.846996
0.705151 0.359640 0.611082
0.871212 0.080080 0.484332
0.494636 0.234840 0.836771
-0.782349 0.350726 0.514706
-0.477241 0.869943 -0.124258
-0.537319 -0.477585 -0.695127
0.512190 0.755734 -0.408077
0.777849 0.478615 -0.407282
0.050456 -0.217783 -0.974692
0.719268 0.679705 -0.143719
0.694332 0.693765 0.191294
0.560335 0.660265 0.500074
0.377569 0.538449 0.753336
-0.034174 -0.002230 0.999413
-0.113104 0.645647 -0.755214
-0.365569 0.803905 -0.469145
0.247687 0.721652 -0.646428
0.227106 0.922443 -0.312283
0.462354 0.885469 -0.046626
0.046732 0.939994 0.337977
-0.413053 0.046109 0.909539
0.188270 0.786622 0.588031
-0.934090 0.097884 0.343357
0.160479 0.286439 0.944563
-0.175270 0.360780 -0.916034
0.905848 0.422638 -0.028584
-0.037257 0.859106 -0.510440
-0.149856 0.967368 -0.204310
-0.192297 0.310949 0.930770
-0.502233 0.830298 0.241593
0.130439 0.991371 0.013034
-0.218888 0.833739 0.506920
0.036800 0.589055 0.807255
0.387924 0.875222 0.288966
-0.477205 0.233708 -0.847146
-0.446943 0.554628 -0.701876
-0.723940 0.382709 -0.573974
-0.651960 0.655481 -0.381173
-0.879193 0.410649 -0.241634
-0.741913 0.669162 -0.042280
-0.923832 0.363502 0.120005
-0.538856 0.643471 0.543672
-0.711749 0.070681 0.698869
-0.525165 0.358152 0.771964
-0.225430 0.964863 0.134983
-0.510590 -0.163755 -0.844086
-0.716464 0.060836 -0.694966
-0.781958 -0.245549 -0.572928
-0.904793 0.097657 -0.414504
-0.942563 -0.213378 -0.256992
-0.991386 0.104701 -0.078691
-0.980166 -0.158392 0.119107
-0.836302 -0.183014 0.516821
-0.580590 -0.249089 0.775158
-0.386639 -0.903008 -0.187312
-0.233968 -0.005322 -0.972230
0.086626 0.156223 -0.983916
-0.751645 0.595799 0.282937
-0.757740 -0.525687 -0.386631
-0.665824 -0.737025 -0.116072
-0.877404 -0.476972 -0.051583
0.338262 -0.039612 0.940218
-0.860327 -0.423851 0.283175
-0.403256 -0.778040 0.481703
-0.489257 -0.734451 -0.470329
-0.659474 -0.516557 0.546136
0.086819 -0.538841 -0.837922
-0.224726 -0.676067 -0.701735
-0.148544 -0.894984 -0.420641
-0.106786 -0.994230 -0.010167
0.149537 -0.306777 0.939961
-0.673505 -0.702399 0.230277
-0.407891 -0.899045 0.159192
0.136202 -0.964460 -0.226418
-0.384360 -0.549541 0.741803
-0.253509 -0.256681 0.932657
0.753736 0.215296 -0.620911
0.110359 -0.789677 -0.603516
0.388804 -0.832395 -0.394904
0.215107 -0.964481 0.153314
-0.089680 -0.938497 0.333438
0.252744 -0.839296 0.481356
-0.070965 -0.779514 0.622351
-0.274671 0.605764 0.746730
-0.066419 -0.533130 0.843422
0.425279 -0.622306 -0.657170
0.669309 -0.651525 -0.357129
0.465363 -0.882565 -0.067201
0.733155 -0.679743 -0.020813
0.916988 -0.397913 0.028236
0.531763 -0.802452 0.270738
0.778353 -0.544506 0.312539
0.550111 -0.610372 0.569934
0.258651 -0.611683 0.747625
0.490567 -0.339751 0.802442
0.350625 -0.042694 -0.935542
0.647799 -0.083067 -0.757269
0.688733 -0.389958 -0.611212
0.870854 -0.385436 -0.305045
0.989169 -0.092613 -0.113875
0.189160 0.465811 -0.864430
0.534608 0.520503 -0.665786
0.981552 0.131405 0.138886
0.765625 -0.308263 0.564617
0.671598 -0.035875 0.740047
