0.084526 0.015251 -0.996305
0.721188 0.476799 -0.502545
0.864199 0.324334 0.384667
0.861595 0.100119 -0.497625
0.906540 0.326971 -0.266976
0.937216 0.343390 0.060902
0.992621 0.029473 -0.117620
-0.091141 0.995573 -0.022968
0.621413 -0.680213 -0.388788
0.554849 0.021514 0.831673
0.240253 0.135987 0.961138
0.330196 0.294268 -0.896871
0.454253 0.564339 -0.689330
0.765218 0.618634 0.178138
0.520033 0.757561 -0.394546
-0.061358 0.931321 -0.358993
0.536164 0.843054 -0.042290
0.506726 0.809105 0.297621
0.689380 0.281885 0.667306
0.633521 0.578358 0.513958
0.341066 0.673077 0.656233
-0.165692 -0.883645 0.437855
-0.019134 0.320405 -0.947087
0.132816 0.580160 -0.803601
0.205975 0.807071 -0.553362
0.254300 0.938902 -0.231935
0.097964 0.498927 0.861089
0.225626 0.968945 0.101187
0.208938 0.880424 0.425674
-0.837602 -0.080629 0.540298
-0.350636 0.772845 0.528928
-0.019531 0.765281 0.643400
0.417287 0.385638 0.822894
0.733491 -0.412649 -0.540103
-0.415068 0.887751 0.199038
-0.358152 0.814861 -0.455772
-0.413709 0.281080 0.865932
0.633756 0.238245 -0.735930
-0.399727 0.906374 -0.136766
-0.785890 0.018084 -0.618102
-0.105507 0.942191 0.318031
-0.568877 0.508445 0.646423
-0.239416 0.556061 0.795912
0.763620 0.623368 -0.168215
-0.861522 0.478952 0.168481
-0.135577 0.722461 -0.677989
-0.648085 0.686505 -0.329692
0.440314 -0.028021 -0.897406
-0.518624 0.571592 -0.635855
-0.976381 0.215673 -0.012828
-0.648299 0.670499 0.360749
0.330589 -0.214323 0.919117
-0.818982 0.333272 0.467116
-0.086882 0.232930 0.968605
0.878291 -0.296833 0.374828
-0.269342 0.070589 -0.960454
-0.561439 0.249256 -0.789087
-0.771281 0.367412 -0.519744
-0.935819 0.118462 -0.331977
-0.421889 -0.887076 0.187368
-0.990995 -0.127122 -0.042057
-0.859410 0.471872 -0.196853
-0.289032 0.451821 -0.843990
-0.956696 0.078123 0.280410
-0.679248 0.733828 0.010882
-0.677846 0.155022 0.718675
-0.061425 -0.991279 0.116592
-0.534154 -0.083518 -0.841252
-0.710127 -0.324645 -0.624760
-0.761920 -0.547155 -0.346552
-0.906150 -0.230557 -0.354592
-0.883698 -0.465969 -0.044164
-0.742337 -0.617802 0.259337
-0.745369 -0.412968 0.523337
-0.923359 -0.288652 0.253158
-0.593913 -0.174622 0.785350
-0.335002 -0.031794 0.941681
-0.141512 -0.274008 -0.951259
-0.506128 -0.622307 -0.597133
-0.223792 -0.850654 -0.475715
-0.520670 -0.794477 -0.312586
-0.659799 -0.751074 -0.023524
-0.493842 -0.730320 0.471967
-0.209280 -0.669374 0.712840
-0.244664 -0.357203 0.901413
-0.493606 -0.491959 0.717168
0.027393 -0.971227 -0.236575
-0.187970 -0.630295 -0.753256
0.095025 -0.820012 -0.564402
-0.297692 -0.946864 -0.121774
0.178692 -0.920783 0.346738
0.408816 -0.740385 0.533572
0.103951 -0.744479 0.659504
0.075986 -0.471105 0.878798
0.202951 -0.284006 -0.937097
0.118610 -0.566274 -0.815638
0.396894 -0.665174 -0.632470
0.347678 -0.880749 -0.321561
0.288461 -0.957379 0.014686
0.915522 -0.205558 -0.345782
0.609800 -0.788965 -0.075353
0.530147 -0.813526 0.238998
0.681147 -0.550077 0.483170
0.405491 -0.502381 0.763669
-0.417287 -0.385638 -0.822894
0.488570 -0.381343 -0.784778
0.708039 -0.114376 -0.696850
0.840917 -0.509147 -0.183381
0.798442 -0.581274 0.156881
0.960012 -0.277748 0.035111
0.971532 0.021005 0.235975
0.828605 -0.011665 0.559712
0.659364 -0.279363 0.697994
0.004205 -0.123637 0.992319
