-0.341297 0.937670 0.065503
0.668909 -0.521144 -0.530066
0.843126 0.158354 -0.513870
0.595797 0.351474 -0.722144
0.893109 0.430370 0.130915
0.990154 0.110996 0.085296
0.020314 -0.708262 0.705657
0.868566 0.268285 0.416672
0.613539 0.362670 0.701455
0.497350 0.084854 0.863390
0.346537 0.213636 -0.913385
0.278184 0.539819 -0.794486
0.236612 0.815731 -0.527824
0.762889 0.476732 -0.436722
0.533511 0.793852 -0.291831
0.690266 0.559728 0.458515
0.467857 0.883574 0.020169
0.437516 0.821857 0.364871
-0.364235 0.889648 -0.275424
0.396177 0.648881 0.649613
0.933554 0.299303 -0.197219
0.030522 0.367771 -0.929416
-0.016724 0.696124 -0.717726
-0.059220 0.995449 -0.074666
0.229457 0.949904 -0.212206
0.694702 0.699273 0.168543
0.508961 0.638988 -0.576761
0.178721 0.968411 0.173895
0.135512 0.840543 0.524523
0.049899 0.617647 0.784871
-0.636447 0.682170 -0.359972
0.304651 0.408953 0.860201
-0.341660 0.738374 -0.581440
-0.067828 0.903856 -0.422426
-0.837988 0.537681 -0.093141
0.771912 0.619952 -0.140756
-0.117069 0.940550 0.318844
0.189722 0.120877 0.974369
-0.612765 0.789123 -0.042459
-0.451786 0.820962 0.349158
-0.514226 0.618695 0.593960
-0.299798 0.494625 0.815762
-0.062263 0.323087 0.944319
-0.263178 0.502364 -0.823631
-0.491619 0.265693 -0.829288
-0.592136 0.503688 -0.629026
0.374112 -0.535566 -0.757106
-0.720273 0.653078 0.233872
-0.756980 -0.517630 0.398798
-0.915230 0.352337 0.195479
-0.198708 0.767858 0.609024
-0.929316 -0.308412 0.203111
-0.592362 0.302835 0.746591
-0.362819 0.137782 0.921617
-0.216248 0.139566 -0.966312
-0.743154 0.157582 -0.650300
-0.727143 -0.182168 -0.661874
-0.873195 -0.299791 -0.384261
-0.969228 0.220132 -0.110181
-0.989881 -0.111810 -0.087370
-0.972744 0.028419 0.230133
-0.761483 0.437195 0.478545
-0.832679 0.382794 -0.400142
-0.839395 0.128512 0.528111
-0.636186 -0.033092 0.770826
-0.454265 -0.379869 -0.805818
-0.386335 -0.657547 -0.646821
-0.666777 -0.512374 -0.541186
-0.206048 -0.962806 0.174779
-0.702611 -0.666533 -0.249140
-0.181305 -0.224000 -0.957576
-0.738969 -0.665857 0.102759
-0.891118 -0.443849 -0.094379
-0.836152 -0.197044 0.511883
-0.605938 -0.362675 0.708029
-0.365317 -0.227776 0.902586
0.078254 0.002453 -0.996930
-0.125213 -0.553621 -0.823302
-0.135512 -0.840543 -0.524523
-0.481499 -0.875605 -0.038393
-0.096328 -0.054682 0.993846
-0.916637 0.034405 -0.398238
-0.489394 -0.061742 -0.869874
-0.500364 -0.816544 0.287910
-0.508507 -0.646805 0.568387
-0.037109 -0.397731 0.916751
-0.283721 -0.553442 0.783074
0.362819 -0.137782 -0.921617
0.125475 -0.724277 -0.677996
0.127643 -0.928379 -0.349028
0.529688 -0.240833 0.813284
-0.173388 -0.968363 -0.179473
0.101132 -0.994602 0.023217
0.062968 -0.919118 0.388919
0.356860 -0.905011 0.231530
-0.227594 -0.826650 0.514637
0.327328 -0.767713 0.550884
0.233228 -0.205138 0.950538
0.130178 -0.372364 -0.918911
0.592784 -0.295025 -0.749378
0.410369 -0.770654 -0.487534
0.665888 -0.698018 -0.263370
0.385215 -0.909976 -0.153470
0.611688 -0.789303 0.053278
0.630881 -0.688042 0.358589
0.566648 -0.530747 0.630252
0.277116 -0.518695 0.808803
0.636926 0.033866 -0.770181
-0.437538 -0.821868 -0.364820
0.827888 -0.177991 -0.531903
0.969433 -0.041030 -0.241902
0.879695 -0.387059 -0.276265
0.971451 -0.233483 0.042066
0.846020 -0.429923 0.315304
0.835556 -0.549275 0.011951
0.768388 -0.266558 0.581830
0.932247 -0.072866 0.354409
0.758292 0.055948 0.649510
