-0.525523 0.808025 -0.266310
0.542919 0.184438 -0.819281
0.857207 0.390472 -0.335749
0.786518 0.139132 -0.601691
0.942380 0.075820 -0.325839
0.293326 0.953513 0.069092
0.975701 -0.020771 0.218118
0.711884 0.411522 0.569097
-0.034143 0.073936 0.996678
0.217875 0.211980 -0.952678
0.378624 0.469742 -0.797488
0.657401 0.453458 -0.601831
0.449486 0.715796 -0.534414
0.679405 0.666114 -0.307734
0.618342 0.785843 -0.010135
0.975872 0.216081 -0.031341
0.736892 0.609677 0.292034
0.417116 0.442818 0.793679
0.297485 0.127066 0.946233
0.017076 0.478624 -0.877854
0.491454 -0.388032 -0.779682
-0.653627 0.689454 0.312129
0.854746 0.113343 0.506520
0.861758 -0.250836 0.440970
-0.024269 -0.482174 0.875739
0.209078 0.878739 0.429073
0.486520 0.664337 0.567411
0.393716 0.885118 -0.248100
-0.136862 0.203888 -0.969380
-0.152113 0.732043 -0.664059
0.904761 0.331136 0.267873
0.169210 0.699242 -0.694570
0.052576 0.987969 -0.145443
0.491817 0.822138 0.286713
-0.256893 0.965036 -0.052073
-0.335807 0.890343 0.307445
-0.024083 0.979037 0.202253
0.171608 0.685911 0.707161
0.114527 0.408982 0.905327
-0.860658 -0.098786 -0.499508
-0.319304 0.481365 -0.816292
-0.462481 0.685120 -0.562781
-0.737199 0.561359 -0.376050
-0.456031 -0.834561 -0.309101
-0.534074 0.843557 0.056359
-0.767049 0.640107 -0.043584
-0.868986 0.445687 0.215006
-0.428135 0.698841 0.572994
-0.217875 -0.211880 0.952700
-0.474832 0.421104 0.772792
-0.199688 0.342136 0.918187
-0.942380 -0.075820 0.325839
-0.625781 0.411016 -0.662920
-0.856908 0.251014 -0.450224
-0.099319 0.843370 0.528075
-0.455052 0.181920 -0.871684
-0.919291 0.367142 -0.141811
-0.983223 0.152376 0.100272
-0.698040 0.466734 0.543046
-0.668446 0.146209 0.729248
-0.163122 -0.722372 0.671989
-0.312621 -0.101310 -0.944460
-0.379577 -0.489166 -0.785263
-0.393664 0.081078 0.915672
-0.904712 -0.331929 -0.267056
-0.219553 0.897781 -0.381820
-0.158174 0.624469 0.764866
-0.976423 -0.213579 0.031332
-0.857207 -0.390472 0.335749
-0.703172 0.078380 -0.706686
-0.786518 -0.139132 0.601691
-0.543979 -0.192662 0.816682
0.116369 0.888677 -0.443522
-0.573813 -0.212610 -0.790908
-0.531538 -0.637779 -0.557409
-0.848587 -0.528478 0.024731
-0.864874 0.206115 0.457721
-0.679916 -0.666607 0.305531
-0.657401 -0.453458 0.601831
-0.368808 -0.476831 0.797880
-0.976856 0.024321 -0.212511
-0.131666 -0.361144 -0.923168
-0.020439 -0.634005 -0.773059
-0.234448 -0.781108 -0.578709
-0.120699 -0.949483 -0.289680
-0.040691 -0.995483 0.085780
-0.106916 -0.907805 0.405536
-0.398214 -0.876922 0.269136
-0.325306 -0.945058 -0.032279
0.152091 -0.718031 0.679191
0.191739 -0.384143 -0.903145
0.322797 -0.644843 -0.692805
0.099308 -0.843374 -0.528070
0.426886 -0.794481 -0.431936
0.196308 -0.955863 -0.218608
0.509033 -0.856034 -0.089948
0.267669 -0.957886 0.103965
0.215017 -0.886964 0.408733
-0.733398 -0.617466 -0.284364
0.462541 -0.685845 0.561847
0.136862 -0.203888 0.969380
0.044464 -0.077089 -0.996032
-0.726705 -0.387553 -0.567188
0.685632 -0.668289 -0.288616
0.878810 -0.427736 -0.211508
0.759096 -0.649309 0.046601
-0.450473 -0.708731 0.542931
0.737447 -0.560654 0.376614
0.533293 -0.805895 0.257160
0.673215 -0.495759 -0.548639
0.847233 0.530694 -0.023644
-0.622533 -0.782591 -0.002137
0.381219 -0.089518 -0.920141
0.676220 -0.137943 -0.723670
0.859134 -0.219022 -0.462513
0.594875 0.176228 0.784263
0.918497 -0.370555 0.138028
0.985217 -0.142014 -0.095812
0.619508 -0.417236 0.664924
0.321185 -0.469582 0.822394
0.712113 -0.107069 0.693852
0.450768 -0.162491 0.877727
