0.436294 0.324433 -0.839280
0.928211 -0.063456 -0.366602
-0.320201 0.851458 0.415319
0.905215 0.236122 0.353316
0.388642 0.598000 0.700966
-0.340361 0.381331 -0.859500
-0.612034 0.755586 -0.233462
-0.246726 0.314140 0.916757
0.041057 0.857106 -0.513501
0.293697 0.948337 0.119997
-0.454854 -0.277535 -0.846216
-0.923334 0.138122 -0.358296
-0.436294 -0.324433 0.839280
-0.833272 0.373563 0.407565
-0.905906 -0.284726 0.313473
0.246726 -0.314140 -0.916757
-0.110577 -0.863634 -0.491842
-0.753795 -0.586251 -0.296821
-0.410326 -0.868238 0.278918
0.173199 -0.661437 0.729728
0.623411 -0.654615 -0.427596
0.293682 -0.949712 0.108615
0.757534 0.603769 -0.248206
0.825740 -0.465555 0.318453
0.436901 -0.070945 0.896707
