0.569976 0.626902 -0.531152
0.544167 -0.838292 0.033902
0.806155 0.031521 0.590864
0.870394 0.483903 0.090842
-0.186048 0.852070 0.489247
0.347718 0.075675 -0.934540
-0.055794 0.732341 -0.678648
0.431636 0.626260 0.649221
0.318483 0.947892 0.008313
-0.293036 0.349854 0.889793
-0.319888 0.192281 -0.927739
-0.779678 0.447084 -0.438427
-0.760615 -0.033714 0.648327
-0.593308 -0.756580 -0.274904
-0.797378 0.533750 0.281603
-0.742630 -0.231237 -0.628514
-0.384172 0.911609 -0.146222
-0.688412 -0.631261 0.357209
-0.995010 -0.098772 -0.014131
-0.113111 -0.479334 -0.870313
0.026837 -0.924377 -0.380534
-0.086625 -0.939844 0.330438
0.943507 -0.325100 0.064059
-0.223228 -0.461062 0.858832
0.565933 -0.541535 -0.621659
0.460022 -0.594513 0.659496
0.880370 0.038174 -0.472748
0.254140 0.006225 0.967148
