-0.822221 0.136564 -0.552541
-0.602721 0.728531 -0.325531
0.592947 0.800683 -0.085561
0.967526 0.251117 0.028883
-0.026153 0.999254 0.028399
0.701354 0.507794 0.500248
0.455967 0.585098 -0.670637
-0.030944 0.844758 -0.534253
-0.518802 0.782966 0.343233
-0.718446 -0.402270 0.567463
0.192305 0.816058 0.545040
-0.358348 -0.205579 -0.910672
-0.929289 0.365699 0.051835
-0.311819 0.410646 -0.856819
-0.969162 -0.246349 0.006017
-0.230713 0.489858 0.840720
0.031578 -0.986509 0.160630
-0.701353 -0.507795 -0.500247
-0.592948 -0.800682 0.085561
-0.756911 0.205671 0.620310
-0.259848 -0.128659 0.957040
0.120693 -0.561848 -0.818389
-0.201537 -0.881025 -0.427992
0.467715 -0.840422 -0.273739
0.344049 0.205809 0.916118
0.569095 -0.731808 0.374951
-0.183601 -0.728322 0.660180
0.249730 0.078439 -0.965133
0.666273 -0.375760 -0.644115
0.920353 -0.388397 -0.045795
0.832110 0.170917 -0.527617
0.822221 -0.136564 0.552542
0.314489 -0.415727 0.853386
