0.284025 0.349323 -0.892918
0.562122 -0.092453 -0.821870
0.669729 0.297768 -0.680293
0.192055 -0.824616 0.532093
0.792095 0.596621 0.128953
0.871048 0.241677 0.427631
0.084966 -0.529043 0.844331
0.144755 0.264282 0.953520
-0.030557 0.880257 0.473513
0.006221 0.690201 -0.723591
0.149833 0.917144 -0.369319
0.520439 0.842830 -0.137042
0.394953 0.871169 0.291679
0.561372 0.227797 0.795594
-0.372700 -0.378773 0.847128
0.233423 0.640373 0.731735
-0.432857 0.614083 -0.659952
-0.129920 -0.487464 -0.863423
-0.282786 0.894299 -0.346786
0.049246 0.997995 0.039765
-0.446130 0.738419 0.505674
0.802976 0.508053 -0.311628
-0.898317 -0.228582 0.375202
-0.778782 0.420114 -0.465835
0.454984 0.673973 -0.582023
-0.662254 0.725044 -0.189027
-0.882439 -0.012919 -0.470250
-0.914580 0.199328 0.351868
-0.651575 0.376641 0.658477
-0.201711 0.542707 0.815342
-0.378398 0.919278 0.108365
-0.188181 -0.956590 -0.222538
-0.590139 0.178359 -0.787352
-0.989637 -0.135261 -0.048196
-0.947622 0.309420 -0.079192
-0.685159 -0.082732 0.723680
-0.359302 0.145444 0.921818
0.147805 -0.066396 -0.986785
-0.285448 -0.099368 -0.953229
-0.760990 0.608615 0.224680
-0.612287 -0.298280 -0.732211
-0.820582 -0.563498 0.095467
-0.427295 -0.680714 -0.595019
-0.820112 -0.444777 -0.359985
-0.639512 -0.556670 0.530230
0.787855 -0.545834 0.285219
0.018689 -0.812269 -0.582983
-0.167112 0.329902 -0.929106
-0.581781 -0.787312 -0.204132
0.474826 -0.854151 0.212054
-0.461606 -0.860239 0.216586
-0.030514 -0.980652 0.193365
0.523878 -0.554864 0.646280
-0.037125 -0.128782 0.990978
0.308550 -0.470790 -0.826531
0.446130 -0.738419 -0.505674
0.264484 -0.950459 -0.163329
0.979770 0.196303 -0.038942
-0.244728 -0.760890 0.600961
0.729003 -0.400919 -0.554814
0.702196 -0.696414 -0.148080
0.897702 0.017463 -0.440257
0.934127 -0.321409 -0.155248
0.609694 0.583430 0.536547
0.960216 -0.148815 0.236304
0.756900 -0.168287 0.631492
0.396137 -0.179432 0.900489
