0.475693 0.875503 0.084916
-0.633472 -0.132369 -0.762359
0.733368 0.458531 -0.501917
0.461892 0.203048 -0.863381
0.945583 0.258652 -0.197413
0.718743 0.326819 0.613676
0.515303 0.025053 0.856642
0.376464 0.437163 0.816801
0.072708 0.395071 -0.915769
0.390475 0.588034 -0.708340
0.484286 0.801051 -0.351830
0.092612 -0.024420 -0.995403
0.778043 0.624384 -0.069234
0.114785 0.956683 0.267550
0.644035 0.660298 0.386297
0.915206 0.329873 0.231476
-0.034377 0.517354 0.855081
-0.244985 0.588659 -0.770365
0.066330 0.808899 -0.584194
-0.247417 0.914361 -0.320514
0.133553 0.976316 -0.170210
0.770025 0.056077 -0.635545
-0.266781 0.957501 0.109637
0.280090 0.759052 0.587699
-0.169346 0.814273 0.555231
-0.436702 0.519174 0.734676
-0.303251 0.149404 -0.941126
-0.830685 0.457557 -0.317182
-0.530800 0.684123 -0.500227
-0.617164 0.782580 -0.081714
-0.863997 0.490033 0.115658
-0.553897 0.753920 0.353274
-0.542540 -0.659651 0.520107
-0.289309 -0.290732 -0.912017
-0.613085 0.322958 -0.720989
-0.869995 0.067225 -0.488456
-0.822346 -0.301513 0.482532
-0.758709 0.409192 0.506875
-0.941727 0.068448 0.329340
-0.687368 0.068020 0.723117
-0.563080 -0.540884 -0.624809
-0.864291 -0.327486 -0.381777
-0.697890 -0.677669 -0.231763
-0.472224 -0.874625 0.109706
-0.780908 -0.600170 0.173143
-0.525162 -0.300855 0.796047
-0.989022 0.116964 -0.090304
-0.204162 -0.595286 0.777143
-0.961213 -0.274628 0.025458
-0.179075 -0.684908 -0.706281
-0.346565 -0.871620 -0.346658
-0.101665 -0.994788 -0.007814
0.244924 -0.330901 0.911327
0.841683 -0.439423 0.313811
0.221496 -0.922754 0.315380
-0.175275 -0.881748 0.437949
-0.147346 -0.217998 0.964762
0.101280 -0.434118 -0.895144
0.353004 -0.651778 -0.671247
0.576398 -0.743644 -0.338761
0.080282 -0.889070 -0.450676
0.294503 -0.949676 -0.106693
0.622831 -0.775762 0.101369
0.530800 -0.684123 0.500227
0.177123 -0.690264 0.701543
0.477496 -0.226922 -0.848825
0.721376 -0.407039 -0.560299
0.939227 -0.135533 -0.315411
0.863997 -0.490033 -0.115658
0.990712 -0.086155 0.105197
-0.328529 0.161157 0.930644
0.617065 -0.346219 0.706656
0.858448 -0.048533 0.510600
0.113412 0.120179 0.986253
