0.211487 -0.652062 -0.728072
0.982482 -0.081249 -0.167716
0.537375 -0.713359 -0.449831
0.939241 0.333087 -0.082943
-0.239817 0.729350 -0.640731
0.688860 -0.672897 0.269596
0.852733 0.415060 0.317130
0.773453 0.133535 0.619628
0.056577 -0.699663 0.712230
0.558821 0.412199 -0.719591
0.791946 -0.306055 0.528349
0.852697 0.187118 -0.487745
0.050837 0.913049 -0.404670
0.330555 0.899896 0.284467
0.142020 0.604265 -0.784024
-0.616737 0.346316 0.706895
0.581257 0.625893 0.519998
0.080191 0.427180 0.900603
0.234226 0.220156 -0.946926
0.415886 0.746050 -0.520047
-0.361856 0.891259 -0.273346
-0.382922 0.914535 0.130372
0.205444 0.725897 0.656404
-0.982482 0.081249 0.167716
-0.098111 0.897520 0.429920
-0.283910 0.235980 0.929359
-0.540131 0.459920 -0.704793
0.693117 0.715976 0.083470
-0.674427 0.640244 -0.367743
0.738214 0.589447 -0.328012
-0.539403 0.705448 0.459770
-0.837636 0.419869 0.349393
-0.249388 0.631840 0.733883
-0.055026 -0.915379 0.398815
-0.466409 -0.341206 -0.816113
-0.791653 -0.214995 -0.571894
-0.826960 0.218367 -0.518125
-0.548953 0.065493 -0.833283
-0.714598 -0.660214 0.231228
-0.924610 -0.314889 0.214340
-0.837188 0.001068 0.546914
-0.550924 -0.094473 0.829191
-0.918922 0.372877 -0.128626
-0.594754 -0.607377 -0.526651
-0.873153 -0.448184 -0.191662
-0.621237 -0.767153 -0.159812
-0.973660 -0.056125 -0.220990
-0.717429 0.695099 0.046187
-0.416609 -0.743554 0.523034
-0.695633 -0.411011 0.589207
-0.306431 -0.490955 0.815514
-0.080191 -0.427180 -0.900604
-0.212703 -0.733087 -0.646020
-0.251997 -0.923262 -0.289973
0.157571 -0.905266 -0.394544
0.831365 -0.270474 -0.485464
-0.360314 -0.924508 0.124331
0.797405 -0.574273 -0.185352
0.481900 -0.874379 -0.056859
-0.156381 -0.154549 0.975530
-0.154697 -0.025612 -0.987630
0.547808 -0.405287 -0.731880
0.078060 -0.996932 0.005722
0.481847 0.339960 0.807621
0.486172 -0.576476 0.656743
0.344641 -0.865073 0.364515
0.190519 -0.379583 0.905328
0.259002 -0.194569 -0.946077
0.613382 0.009169 -0.789733
-0.185401 0.370110 -0.910300
0.008730 0.999926 0.008417
0.405671 0.903792 -0.136347
0.920125 -0.369534 0.129668
0.966627 0.020727 0.255347
0.542754 -0.148665 0.826629
0.205414 0.049078 0.977444
