0.437602 -0.050256 -0.897763
0.914704 -0.011159 -0.403970
0.686617 0.198793 -0.699313
0.823436 0.415612 -0.386290
0.969173 0.240625 -0.052953
0.802350 0.423513 0.420561
0.560307 0.744909 0.362170
0.533176 0.414702 0.737391
0.369022 0.071391 0.926675
0.284147 0.321937 -0.903115
0.490825 0.575265 -0.654340
0.607476 0.739837 -0.289162
0.799727 0.598746 0.044044
0.425142 0.904915 0.019578
0.281625 0.715858 0.638932
0.982037 -0.187729 -0.019000
0.122931 0.427785 0.895482
0.043869 -0.061074 -0.997169
0.073763 0.657131 -0.750159
-0.157148 0.881668 -0.444933
0.250124 0.869498 -0.425924
0.038942 0.996659 -0.071797
-0.275913 0.903975 0.326651
0.128711 0.936315 0.326721
-0.119994 0.736262 0.665973
-0.043869 0.061074 0.997169
-0.347792 0.624980 -0.698885
-0.437601 0.050257 0.897764
-0.567292 0.743201 -0.354728
-0.836778 0.533906 -0.121433
-0.355262 0.931922 -0.072872
-0.527688 0.635481 0.563657
-0.299205 0.423073 0.855269
0.143724 -0.304844 0.941495
-0.636710 0.754890 0.157293
-0.750350 0.413402 -0.515824
-0.738382 -0.040568 -0.673162
-0.937142 0.104846 -0.332824
-0.980322 0.191370 0.048441
-0.911971 -0.000705 0.410254
-0.686929 -0.198791 0.699007
-0.492784 -0.856676 -0.152544
-0.812344 -0.581762 -0.040623
-0.360275 -0.072931 -0.929991
-0.541039 -0.391617 -0.744254
0.104420 -0.732176 -0.673063
-0.594782 -0.761407 0.257865
-0.976627 -0.213424 0.025481
-0.828268 -0.422187 0.368416
-0.875493 -0.300064 -0.378779
-0.517335 -0.567715 0.640362
-0.285261 -0.320214 0.903377
-0.649196 -0.625853 -0.432266
-0.301394 -0.723495 -0.621061
-0.125168 -0.937210 -0.325530
0.182270 -0.983068 0.018847
0.626331 -0.760314 -0.172140
-0.203039 -0.973936 0.101115
-0.252223 -0.847370 0.467276
-0.834620 0.440645 0.330518
-0.088500 -0.639746 0.763475
-0.128944 -0.434394 -0.891446
-0.520054 0.278467 -0.807465
0.504237 -0.838590 0.206185
0.156421 -0.886771 0.434937
0.288083 -0.891412 -0.349846
0.306055 -0.629420 0.714255
0.530092 -0.625498 -0.572498
-0.696520 0.258908 0.669199
0.625983 -0.603995 0.493291
0.296358 -0.421944 -0.856817
0.697223 -0.257753 -0.668912
-0.128368 0.321470 -0.938178
0.839728 -0.436439 -0.323075
0.832966 -0.541340 0.114534
0.851189 -0.279861 0.444022
0.949030 0.076318 0.305806
0.546099 -0.287392 0.786881
0.732849 0.060082 0.677734
