-0.201090 -0.944561 -0.259552
0.855724 0.232425 -0.462294
0.717472 0.590677 -0.369234
0.240081 0.550003 0.799911
0.914068 0.397878 -0.078564
0.140862 -0.910791 0.388095
-0.162569 0.596559 0.785931
0.618135 0.339530 0.708963
-0.052218 0.236194 0.970302
0.562177 0.405252 -0.720922
0.195918 0.489152 -0.849910
0.377882 0.739991 -0.556433
-0.547585 0.585592 0.597690
0.816914 0.428898 0.385615
0.715431 0.688758 0.117350
0.972290 0.122486 0.199121
0.366894 0.907010 0.206692
0.509925 0.690217 0.513398
0.287365 0.108464 -0.951660
-0.422519 0.711837 -0.561039
0.000442 0.809519 -0.587094
0.149251 0.964179 -0.219277
-0.235510 0.933480 -0.270464
-0.009500 0.987949 0.154488
0.504137 0.846374 -0.171749
-0.655048 -0.382731 -0.651482
-0.619973 0.756643 -0.207666
-0.388625 0.916842 0.091499
-0.408876 -0.119202 -0.904771
-0.734887 0.006002 -0.678163
-0.548413 -0.728966 0.409698
-0.427064 0.274686 0.861489
-0.190655 0.540317 -0.819578
-0.499845 0.290767 -0.815849
-0.777083 -0.618162 0.118396
-0.868035 0.485792 -0.102569
-0.995555 0.093229 0.013389
-0.673456 0.701209 0.234016
-0.743101 0.241621 0.624035
-0.880531 0.376263 0.288256
0.138967 -0.169034 0.975764
-0.121434 0.183156 -0.975555
-0.300060 -0.498527 -0.813286
-0.912483 -0.217971 -0.346212
-0.954888 -0.292278 0.052558
-0.917272 -0.042968 0.395938
-0.915533 0.172282 -0.363480
-0.786345 -0.396135 0.474066
-0.287365 -0.108464 0.951660
-0.002149 -0.190543 -0.981676
-0.065474 -0.800554 -0.595674
-0.465730 -0.726939 -0.504634
-0.717026 0.460284 -0.523462
-0.767383 -0.573087 -0.287566
-0.527493 -0.846005 -0.077631
-0.643236 -0.112491 0.757360
-0.276725 0.839772 0.467126
0.098411 -0.531259 -0.841475
0.360877 -0.702849 -0.613002
0.248393 -0.916115 -0.314698
0.840702 0.002982 0.541491
0.068191 -0.997522 0.017320
-0.268684 -0.938839 0.215385
0.741160 -0.402486 0.537297
-0.205516 -0.773709 0.599281
-0.475168 -0.472845 0.742047
0.417981 -0.292533 -0.860067
0.659553 -0.476300 -0.581487
0.580962 -0.084668 0.809515
0.622966 -0.739952 -0.253741
0.756947 -0.634551 0.156132
0.507832 -0.720641 0.471999
0.170041 -0.683400 0.709965
-0.103291 -0.460557 0.881600
0.635982 0.019658 -0.771453
0.848856 -0.167582 -0.501358
0.453240 -0.887280 0.085489
0.878786 -0.439275 -0.186475
0.987292 -0.034850 -0.155047
0.114524 0.834277 0.539320
0.938058 -0.280864 0.202885
0.324085 0.181636 0.928427
0.416154 -0.422793 0.805023
