0.653253 0.202655 -0.729515
0.894181 0.091901 -0.438171
0.771811 0.614975 0.161595
0.749756 0.465953 -0.469845
0.954954 0.198510 0.220582
0.758925 0.075148 0.646827
0.751712 -0.222242 -0.620916
-0.269801 0.962648 0.022708
0.260302 0.192681 -0.946106
0.015139 0.512945 -0.858288
0.469585 0.731896 -0.493780
0.658378 0.733470 -0.168998
0.457752 0.876415 0.149531
-0.789078 0.596828 -0.145439
0.783074 0.413983 0.464126
0.509000 0.708006 0.489538
0.536643 0.394915 0.745692
-0.584937 -0.626166 0.515524
-0.109842 0.139288 -0.984141
0.911348 0.390493 -0.130232
0.114794 0.787140 -0.605998
0.289260 0.931393 -0.220989
0.092605 0.990380 0.102816
0.154134 0.870714 0.467012
-0.219891 0.893451 0.391654
0.198103 0.624998 0.755071
-0.112852 0.345145 0.931740
-0.971494 -0.175068 0.159846
-0.676981 0.275830 -0.682359
-0.618545 0.595090 -0.513099
0.402683 0.495915 -0.769360
-0.588481 0.795354 0.145269
-0.832908 0.505320 0.225644
-0.519936 0.685857 0.509183
-0.086960 0.945108 -0.314975
-0.472398 0.030715 -0.880850
-0.482487 0.835539 -0.262830
-0.210754 -0.250222 -0.944972
-0.887064 0.294561 -0.355458
-0.975138 0.220501 0.022032
-0.910864 0.096011 0.401383
-0.735360 0.380065 0.561066
-0.176045 0.677088 0.714534
-0.453926 0.383757 0.804165
-0.566739 -0.329327 -0.755216
-0.673254 0.034707 0.738596
-0.804693 -0.063610 -0.590273
-0.967402 -0.072273 -0.242712
-0.799988 -0.556479 0.224389
-0.520644 -0.312089 0.794688
-0.807527 -0.280168 0.519044
0.093192 -0.570124 -0.816256
-0.776025 -0.433505 -0.458103
-0.509001 -0.708005 -0.489537
-0.328790 -0.921448 -0.206954
-0.499567 -0.845481 0.188666
-0.897343 -0.425961 -0.115468
-0.212449 -0.860762 0.462552
-0.666901 -0.732804 -0.135061
-0.286869 -0.616235 0.733458
0.151568 -0.210475 -0.965778
-0.281197 -0.578983 -0.765315
0.295427 -0.783303 -0.546955
-0.110246 -0.831428 -0.544585
-0.330020 0.009534 0.943926
0.894544 -0.332527 -0.298692
0.248030 -0.965307 0.081627
0.174590 -0.880867 0.439991
0.477358 -0.854292 -0.205706
0.088720 -0.663475 0.742919
-0.269872 0.742277 -0.613346
0.455430 -0.474250 -0.753439
0.657582 -0.603693 -0.450711
0.758923 -0.649052 -0.052600
0.765126 -0.526477 0.370681
0.070560 -0.047702 0.996366
-0.122649 -0.346220 0.930102
0.544268 -0.803781 0.240228
0.459810 -0.648828 0.606298
0.297675 -0.375453 0.877739
0.491450 -0.105019 -0.864551
-0.353642 0.429077 -0.831162
0.995966 -0.001432 -0.089715
0.076669 -0.964124 -0.254138
0.908914 -0.142440 0.391900
-0.132183 -0.984746 0.113153
0.937965 -0.337342 0.080140
0.657905 -0.317323 0.682984
0.472399 -0.030708 0.880850
0.243897 0.277088 0.929374
