##TITLE= radial a
##JCAMP-DX= 5.00 Bruker JCAMP library
##DATA TYPE= Shape Data
##ORIGIN= Bruker Analytik GmbH
##OWNER= <nmrsu>
##DATE= xx
##TIME= xx
##MINX= 0
##MAXX= 1
##MINY= 0
##MAXY= 1
##$SHAPE_EXMODE= Gradient
##$SHAPE_TOTROT= 0
##$SHAPE_BWFAC= 0
##$SHAPE_INTEGFAC= 0
##$SHAPE_MODE= 0
##NPOINTS=1250
##XYDATA= (X++(Y..Y))
0.000000
0.064843
0.129408
0.193420
0.256603
0.318687
0.379406
0.438501
0.495718
0.550813
0.603549
0.653700
0.701052
0.745402
0.786560
0.824350
0.858610
0.889193
0.915968
0.938821
0.957654
0.972387
0.982955
0.989314
0.991437
0.991436
0.991436
0.991436
0.991436
0.991435
0.991435
0.991434
0.991433
0.991432
0.991431
0.991429
0.991427
0.991425
0.991422
0.991418
0.991415
0.991410
0.991404
0.991398
0.991391
0.991383
0.991373
0.991362
0.991350
0.991335
0.991319
0.991301
0.991281
0.991258
0.991232
0.991204
0.991172
0.991137
0.991097
0.991054
0.991006
0.990953
0.990895
0.990831
0.990761
0.990684
0.990600
0.990509
0.990409
0.990300
0.990183
0.990055
0.989916
0.989766
0.989604
0.989429
0.989241
0.989038
0.988819
0.988584
0.988332
0.988061
0.987771
0.987461
0.987129
0.986774
0.986395
0.985991
0.985560
0.985005
0.984227
0.983225
0.981997
0.980544
0.978862
0.976952
0.974813
0.972442
0.969840
0.967005
0.963936
0.960633
0.957094
0.953320
0.949309
0.945061
0.940575
0.935850
0.930887
0.925684
0.920242
0.914560
0.908639
0.902477
0.896075
0.889434
0.882553
0.875432
0.868072
0.860474
0.852637
0.844563
0.836252
0.827706
0.818924
0.809909
0.800660
0.791181
0.781472
0.771534
0.761370
0.750981
0.740370
0.729537
0.718486
0.707219
0.695739
0.684048
0.672149
0.660045
0.647738
0.635234
0.622534
0.609642
0.596563
0.583300
0.569857
0.556238
0.542448
0.528491
0.514372
0.500096
0.485667
0.471091
0.456374
0.441519
0.426534
0.411423
0.396193
0.380849
0.365398
0.349846
0.334198
0.318462
0.302643
0.286749
0.270787
0.254762
0.238682
0.222554
0.206385
0.190181
0.173951
0.157701
0.141438
0.125170
0.108904
0.092646
0.076406
0.060189
0.044003
0.027856
0.011754
-0.004296
-0.020285
-0.036208
-0.052057
-0.067825
-0.083505
-0.099090
-0.114574
-0.129950
-0.145212
-0.160353
-0.175367
-0.190248
-0.204989
-0.219586
-0.234032
-0.248322
-0.262451
-0.276413
-0.290203
-0.303817
-0.317250
-0.330497
-0.343555
-0.356419
-0.369085
-0.381551
-0.393812
-0.405866
-0.417709
-0.429338
-0.440753
-0.451949
-0.462925
-0.473680
-0.484211
-0.494519
-0.504600
-0.514455
-0.524083
-0.533484
-0.542658
-0.551604
-0.560324
-0.568817
-0.577085
-0.585128
-0.592948
-0.600547
-0.607925
-0.615086
-0.622031
-0.628763
-0.635284
-0.641598
-0.647706
-0.653613
-0.659322
-0.664836
-0.670159
-0.675296
-0.680249
-0.685025
-0.689627
-0.694060
-0.698396
-0.702705
-0.706987
-0.711241
-0.715467
-0.719666
-0.723836
-0.727978
-0.732092
-0.736177
-0.740233
-0.744261
-0.748259
-0.752229
-0.756169
-0.760079
-0.763960
-0.767811
-0.771632
-0.775423
-0.779183
-0.782914
-0.786613
-0.790282
-0.793921
-0.797528
-0.801104
-0.804649
-0.808162
-0.811644
-0.815095
-0.818513
-0.821900
-0.825254
-0.828576
-0.831866
-0.835124
-0.838349
-0.841541
-0.844700
-0.847827
-0.850920
-0.853980
-0.857007
-0.860001
-0.862960
-0.865887
-0.868779
-0.871638
-0.874462
-0.877253
-0.880009
-0.882731
-0.885418
-0.888071
-0.890689
-0.893272
-0.895821
-0.898335
-0.900813
-0.903257
-0.905665
-0.908038
-0.910375
-0.912677
-0.914944
-0.917174
-0.919369
-0.921528
-0.923651
-0.925738
-0.927789
-0.929804
-0.931782
-0.933725
-0.935630
-0.937499
-0.939332
-0.941128
-0.942887
-0.944610
-0.946295
-0.947944
-0.949555
-0.951130
-0.952668
-0.954168
-0.955631
-0.957057
-0.958446
-0.959797
-0.961110
-0.962387
-0.963625
-0.964826
-0.965990
-0.967115
-0.968203
-0.969254
-0.970266
-0.971241
-0.972177
-0.973076
-0.973937
-0.974759
-0.975544
-0.976291
-0.976999
-0.977670
-0.978302
-0.978896
-0.979452
-0.979970
-0.980450
-0.980891
-0.981294
-0.981659
-0.981985
-0.982273
-0.982523
-0.982735
-0.982908
-0.983043
-0.983139
-0.983197
-0.983217
-0.983198
-0.983141
-0.983046
-0.982912
-0.982740
-0.982530
-0.982281
-0.981994
-0.981669
-0.981305
-0.980903
-0.980463
-0.979984
-0.979468
-0.978913
-0.978320
-0.977688
-0.977019
-0.976312
-0.975566
-0.974782
-0.973961
-0.973101
-0.972203
-0.971268
-0.970294
-0.969283
-0.968234
-0.967147
-0.966022
-0.964860
-0.963660
-0.962422
-0.961147
-0.959835
-0.958484
-0.957097
-0.955672
-0.954210
-0.952711
-0.951174
-0.949601
-0.947990
-0.946343
-0.944658
-0.942937
-0.941178
-0.939384
-0.937552
-0.935684
-0.933779
-0.931838
-0.929861
-0.927847
-0.925797
-0.923711
-0.921589
-0.919431
-0.917237
-0.915008
-0.912742
-0.910441
-0.908105
-0.905733
-0.903326
-0.900883
-0.898406
-0.895893
-0.893345
-0.890763
-0.888146
-0.885494
-0.882807
-0.880087
-0.877331
-0.874542
-0.871718
-0.868861
-0.865969
-0.863044
-0.860085
-0.857093
-0.854067
-0.851008
-0.847915
-0.844790
-0.841631
-0.838440
-0.835216
-0.831959
-0.828670
-0.825349
-0.821995
-0.818610
-0.815192
-0.811743
-0.808262
-0.804749
-0.801205
-0.797630
-0.794024
-0.790386
-0.786718
-0.783019
-0.779290
-0.775530
-0.771740
-0.767920
-0.764070
-0.760190
-0.756280
-0.752341
-0.748373
-0.744375
-0.740348
-0.736293
-0.732208
-0.728095
-0.723954
-0.719785
-0.715587
-0.711362
-0.707108
-0.702827
-0.698519
-0.694184
-0.689821
-0.685432
-0.681015
-0.676572
-0.672103
-0.667608
-0.663086
-0.658539
-0.653966
-0.649367
-0.644743
-0.640094
-0.635420
-0.630722
-0.625998
-0.621250
-0.616478
-0.611682
-0.606862
-0.602018
-0.597151
-0.592261
-0.587347
-0.582411
-0.577452
-0.572470
-0.567466
-0.562440
-0.557392
-0.552322
-0.547230
-0.542117
-0.536984
-0.531829
-0.526653
-0.521457
-0.516240
-0.511004
-0.505747
-0.500471
-0.495175
-0.489860
-0.484525
-0.479172
-0.473800
-0.468410
-0.463001
-0.457575
-0.452130
-0.446668
-0.441188
-0.435692
-0.430178
-0.424647
-0.419100
-0.413536
-0.407957
-0.402361
-0.396750
-0.391123
-0.385481
-0.379824
-0.374152
-0.368466
-0.362765
-0.357050
-0.351321
-0.345578
-0.339822
-0.334053
-0.328271
-0.322475
-0.316668
-0.310847
-0.305015
-0.299171
-0.293315
-0.287448
-0.281569
-0.275680
-0.269780
-0.263869
-0.257948
-0.252017
-0.246076
-0.240125
-0.234165
-0.228196
-0.222218
-0.216232
-0.210237
-0.204233
-0.198222
-0.192203
-0.186177
-0.180143
-0.174102
-0.168055
-0.162001
-0.155940
-0.149874
-0.143801
-0.137723
-0.131640
-0.125552
-0.119458
-0.113360
-0.107258
-0.101151
-0.095041
-0.088926
-0.082808
-0.076687
-0.070563
-0.064437
-0.058308
-0.052176
-0.046042
-0.039907
-0.033770
-0.027632
-0.021493
-0.015352
-0.009212
-0.003071
0.003071
0.009212
0.015352
0.021493
0.027632
0.033770
0.039907
0.046042
0.052176
0.058308
0.064437
0.070563
0.076687
0.082808
0.088926
0.095041
0.101151
0.107258
0.113360
0.119458
0.125552
0.131640
0.137723
0.143801
0.149874
0.155940
0.162001
0.168055
0.174102
0.180143
0.186177
0.192203
0.198222
0.204233
0.210237
0.216232
0.222218
0.228196
0.234165
0.240125
0.246076
0.252017
0.257948
0.263869
0.269780
0.275680
0.281569
0.287448
0.293315
0.299171
0.305015
0.310847
0.316668
0.322475
0.328271
0.334053
0.339822
0.345578
0.351321
0.357050
0.362765
0.368466
0.374152
0.379824
0.385481
0.391123
0.396750
0.402361
0.407957
0.413536
0.419100
0.424647
0.430178
0.435692
0.441188
0.446668
0.452130
0.457575
0.463001
0.468410
0.473800
0.479172
0.484525
0.489860
0.495175
0.500471
0.505747
0.511004
0.516240
0.521457
0.526653
0.531829
0.536984
0.542117
0.547230
0.552322
0.557392
0.562440
0.567466
0.572470
0.577452
0.582411
0.587347
0.592261
0.597151
0.602018
0.606862
0.611682
0.616478
0.621250
0.625998
0.630722
0.635420
0.640094
0.644743
0.649367
0.653966
0.658539
0.663086
0.667608
0.672103
0.676572
0.681015
0.685432
0.689821
0.694184
0.698519
0.702827
0.707108
0.711362
0.715587
0.719785
0.723954
0.728095
0.732208
0.736293
0.740348
0.744375
0.748373
0.752341
0.756280
0.760190
0.764070
0.767920
0.771740
0.775530
0.779290
0.783019
0.786718
0.790386
0.794024
0.797630
0.801205
0.804749
0.808262
0.811743
0.815192
0.818610
0.821995
0.825349
0.828670
0.831959
0.835216
0.838440
0.841631
0.844790
0.847915
0.851008
0.854067
0.857093
0.860085
0.863044
0.865969
0.868861
0.871718
0.874542
0.877331
0.880087
0.882807
0.885494
0.888146
0.890763
0.893345
0.895893
0.898406
0.900883
0.903326
0.905733
0.908105
0.910441
0.912742
0.915008
0.917237
0.919431
0.921589
0.923711
0.925797
0.927847
0.929861
0.931838
0.933779
0.935684
0.937552
0.939384
0.941178
0.942937
0.944658
0.946343
0.947990
0.949601
0.951174
0.952711
0.954210
0.955672
0.957097
0.958484
0.959835
0.961147
0.962422
0.963660
0.964860
0.966022
0.967147
0.968234
0.969283
0.970294
0.971268
0.972203
0.973101
0.973961
0.974782
0.975566
0.976312
0.977019
0.977688
0.978320
0.978913
0.979468
0.979984
0.980463
0.980903
0.981305
0.981669
0.981994
0.982281
0.982530
0.982740
0.982912
0.983046
0.983141
0.983198
0.983217
0.983197
0.983139
0.983043
0.982908
0.982735
0.982523
0.982273
0.981985
0.981659
0.981294
0.980891
0.980450
0.979970
0.979452
0.978896
0.978302
0.977670
0.976999
0.976291
0.975544
0.974759
0.973937
0.973076
0.972177
0.971241
0.970266
0.969254
0.968203
0.967115
0.965990
0.964826
0.963625
0.962387
0.961110
0.959797
0.958446
0.957057
0.955631
0.954168
0.952668
0.951130
0.949555
0.947944
0.946295
0.944610
0.942887
0.941128
0.939332
0.937499
0.935630
0.933725
0.931782
0.929804
0.927789
0.925738
0.923651
0.921528
0.919369
0.917174
0.914944
0.912677
0.910375
0.908038
0.905665
0.903257
0.900813
0.898335
0.895821
0.893272
0.890689
0.888071
0.885418
0.882731
0.880009
0.877253
0.874462
0.871638
0.868779
0.865887
0.862960
0.860001
0.857007
0.853980
0.850920
0.847827
0.844700
0.841541
0.838349
0.835124
0.831866
0.828576
0.825254
0.821900
0.818513
0.815095
0.811644
0.808162
0.804649
0.801104
0.797528
0.793921
0.790282
0.786613
0.782914
0.779183
0.775423
0.771632
0.767811
0.763960
0.760079
0.756169
0.752229
0.748259
0.744261
0.740233
0.736177
0.732092
0.727978
0.723836
0.719666
0.715467
0.711241
0.706987
0.702705
0.698396
0.694060
0.689627
0.685025
0.680249
0.675296
0.670159
0.664836
0.659322
0.653613
0.647706
0.641598
0.635284
0.628763
0.622031
0.615086
0.607925
0.600547
0.592948
0.585128
0.577085
0.568817
0.560324
0.551604
0.542658
0.533484
0.524083
0.514455
0.504600
0.494519
0.484211
0.473680
0.462925
0.451949
0.440753
0.429338
0.417709
0.405866
0.393812
0.381551
0.369085
0.356419
0.343555
0.330497
0.317250
0.303817
0.290203
0.276413
0.262451
0.248322
0.234032
0.219586
0.204989
0.190248
0.175367
0.160353
0.145212
0.129950
0.114574
0.099090
0.083505
0.067825
0.052057
0.036208
0.020285
0.004296
-0.011754
-0.027856
-0.044003
-0.060189
-0.076406
-0.092646
-0.108904
-0.125170
-0.141438
-0.157701
-0.173951
-0.190181
-0.206385
-0.222554
-0.238682
-0.254762
-0.270787
-0.286749
-0.302643
-0.318462
-0.334198
-0.349846
-0.365398
-0.380849
-0.396193
-0.411423
-0.426534
-0.441519
-0.456374
-0.471091
-0.485667
-0.500096
-0.514372
-0.528491
-0.542448
-0.556238
-0.569857
-0.583300
-0.596563
-0.609642
-0.622534
-0.635234
-0.647738
-0.660045
-0.672149
-0.684048
-0.695739
-0.707219
-0.718486
-0.729537
-0.740370
-0.750981
-0.761370
-0.771534
-0.781472
-0.791181
-0.800660
-0.809909
-0.818924
-0.827706
-0.836252
-0.844563
-0.852637
-0.860474
-0.868072
-0.875432
-0.882553
-0.889434
-0.896075
-0.902477
-0.908639
-0.914560
-0.920242
-0.925684
-0.930887
-0.935850
-0.940575
-0.945061
-0.949309
-0.953320
-0.957094
-0.960633
-0.963936
-0.967005
-0.969840
-0.972442
-0.974813
-0.976952
-0.978862
-0.980544
-0.981997
-0.983225
-0.984227
-0.985005
-0.985560
-0.985991
-0.986395
-0.986774
-0.987129
-0.987461
-0.987771
-0.988061
-0.988332
-0.988584
-0.988819
-0.989038
-0.989241
-0.989429
-0.989604
-0.989766
-0.989916
-0.990055
-0.990183
-0.990300
-0.990409
-0.990509
-0.990600
-0.990684
-0.990761
-0.990831
-0.990895
-0.990953
-0.991006
-0.991054
-0.991097
-0.991137
-0.991172
-0.991204
-0.991232
-0.991258
-0.991281
-0.991301
-0.991319
-0.991335
-0.991350
-0.991362
-0.991373
-0.991383
-0.991391
-0.991398
-0.991404
-0.991410
-0.991415
-0.991418
-0.991422
-0.991425
-0.991427
-0.991429
-0.991431
-0.991432
-0.991433
-0.991434
-0.991435
-0.991435
-0.991436
-0.991436
-0.991436
-0.991436
-0.991437
-0.989314
-0.982955
-0.972387
-0.957654
-0.938821
-0.915968
-0.889193
-0.858610
-0.824350
-0.786560
-0.745402
-0.701052
-0.653700
-0.603549
-0.550813
-0.495718
-0.438501
-0.379406
-0.318687
-0.256603
-0.193420
-0.129408
-0.064843
0.000000
##END
