##TITLE= dor_0
##JCAMP-DX= 5.00 Bruker JCAMP library
##DATA TYPE= Shape Data
##ORIGIN= Bruker Analytik GmbH
##OWNER= <nmrsu>
##DATE= 2024-04-03
##TIME= 11:04:02
##MINX= 0
##MAXX= 1
##MINY= 0
##MAXY= 1
##$SHAPE_EXMODE= Gradient
##$SHAPE_TOTROT= 0
##$SHAPE_BWFAC= 0
##$SHAPE_INTEGFAC= 0
##$SHAPE_MODE= 0
##EFFIFACTOR=0.012311
##DURATION=0.01
##DIRECTIONVEC= 0 0 1
##NPOINTS=1000
##XYDATA= (X Y Z)
0.000000 0.000000 0.000000
0.040195 0.000000 0.040189
0.080325 0.000000 0.080312
0.120325 0.000000 0.120305
0.160129 0.000000 0.160103
0.199674 0.000000 0.199642
0.238895 0.000000 0.238856
0.277728 0.000001 0.277683
0.316111 0.000002 0.316060
0.353981 0.000003 0.353924
0.391277 0.000006 0.391214
0.427939 0.000010 0.427869
0.463906 0.000017 0.463831
0.499121 0.000027 0.499040
0.533526 0.000041 0.533439
0.567066 0.000062 0.566974
0.599686 0.000089 0.599589
0.631333 0.000126 0.631231
0.661957 0.000175 0.661849
0.691506 0.000238 0.691394
0.719934 0.000318 0.719817
0.747195 0.000418 0.747073
0.773243 0.000541 0.773117
0.798037 0.000693 0.797908
0.821537 0.000875 0.821403
0.843704 0.001094 0.843567
0.864502 0.001353 0.864362
0.883898 0.001657 0.883756
0.901861 0.002011 0.901715
0.918360 0.002420 0.918213
0.933370 0.002889 0.933221
0.946866 0.003423 0.946715
0.958825 0.004027 0.958674
0.969229 0.004705 0.969077
0.978061 0.005463 0.977909
0.985305 0.006303 0.985155
0.990951 0.007230 0.990802
0.994989 0.008247 0.994843
0.997412 0.009357 0.997270
0.998419 0.010562 0.998282
0.998615 0.011866 0.998484
0.998607 0.013276 0.998484
0.998597 0.014794 0.998484
0.998586 0.016425 0.998484
0.998572 0.018174 0.998484
0.998556 0.020044 0.998484
0.998538 0.022039 0.998484
0.998516 0.024163 0.998484
0.998491 0.026421 0.998484
0.998462 0.028816 0.998484
0.998428 0.031352 0.998484
0.998389 0.034034 0.998484
0.998345 0.036866 0.998484
0.998294 0.039852 0.998484
0.998237 0.042995 0.998484
0.998172 0.046300 0.998484
0.998098 0.049771 0.998484
0.998015 0.053411 0.998484
0.997922 0.057226 0.998484
0.997818 0.061218 0.998484
0.997678 0.065392 0.998460
0.997426 0.069750 0.998338
0.996990 0.074293 0.998046
0.996343 0.079025 0.997559
0.995484 0.083947 0.996877
0.994413 0.089061 0.996002
0.993127 0.094369 0.994932
0.991627 0.099873 0.993669
0.989911 0.105575 0.992212
0.987977 0.111475 0.990564
0.985825 0.117575 0.988723
0.983454 0.123875 0.986692
0.980862 0.130375 0.984470
0.978048 0.137077 0.982058
0.975011 0.143980 0.979459
0.971750 0.151084 0.976671
0.968264 0.158387 0.973698
0.964552 0.165890 0.970539
0.960612 0.173591 0.967196
0.956444 0.181489 0.963671
0.952046 0.189582 0.959964
0.947417 0.197868 0.956077
0.942556 0.206345 0.952012
0.937462 0.215010 0.947770
0.932134 0.223861 0.943353
0.926570 0.232893 0.938763
0.920771 0.242105 0.934001
0.914734 0.251491 0.929070
0.908458 0.261048 0.923970
0.901944 0.270772 0.918705
0.895189 0.280657 0.913276
0.888193 0.290700 0.907686
0.880955 0.300894 0.901936
0.873475 0.311235 0.896028
0.865751 0.321716 0.889966
0.857784 0.332332 0.883752
0.849571 0.343075 0.877387
0.841114 0.353940 0.870875
0.832411 0.364920 0.864217
0.823463 0.376007 0.857417
0.814269 0.387195 0.850477
0.804829 0.398475 0.843401
0.795142 0.409839 0.836189
0.785210 0.421281 0.828847
0.775032 0.432790 0.821375
0.764610 0.444360 0.813778
0.753942 0.455981 0.806058
0.743031 0.467644 0.798218
0.731876 0.479341 0.790262
0.720480 0.491062 0.782192
0.708842 0.502798 0.774011
0.696966 0.514540 0.765723
0.684851 0.526277 0.757332
0.672500 0.538001 0.748839
0.659915 0.549701 0.740249
0.647098 0.561368 0.731565
0.634051 0.572992 0.722790
0.620777 0.584562 0.713928
0.607278 0.596069 0.704982
0.593558 0.607503 0.695956
0.579620 0.618854 0.686853
0.565467 0.630111 0.677677
0.551103 0.641264 0.668431
0.536532 0.652304 0.659119
0.521758 0.663221 0.649745
0.506785 0.674005 0.640311
0.491618 0.684646 0.630823
0.476262 0.695135 0.621284
0.460722 0.705461 0.611697
0.445003 0.715616 0.602065
0.429111 0.725590 0.592394
0.413052 0.735374 0.582687
0.396831 0.744960 0.572946
0.380455 0.754338 0.563178
0.363931 0.763500 0.553384
0.347264 0.772438 0.543569
0.330463 0.781144 0.533736
0.313534 0.789610 0.523890
0.296484 0.797828 0.514035
0.279321 0.805791 0.504174
0.262052 0.813493 0.494311
0.244686 0.820927 0.484449
0.227231 0.828085 0.474594
0.209694 0.834963 0.464748
0.192085 0.841555 0.454916
0.174411 0.847856 0.445101
0.156681 0.853859 0.435307
0.138905 0.859562 0.425538
0.121090 0.864959 0.415798
0.103246 0.870047 0.406090
0.085381 0.874823 0.396419
0.067506 0.879283 0.386788
0.049629 0.883424 0.377201
0.031759 0.887246 0.367661
0.013906 0.890744 0.358173
-0.003922 0.893920 0.348740
-0.021714 0.896770 0.339366
-0.039463 0.899295 0.330054
-0.057157 0.901495 0.320808
-0.074789 0.903369 0.311632
-0.092349 0.904919 0.302529
-0.109829 0.906145 0.293502
-0.127218 0.907049 0.284556
-0.144508 0.907632 0.275694
-0.161691 0.907898 0.266920
-0.178758 0.907849 0.258236
-0.195700 0.907487 0.249645
-0.212509 0.906816 0.241153
-0.229177 0.905841 0.232761
-0.245695 0.904565 0.224473
-0.262057 0.902993 0.216293
-0.278253 0.901129 0.208223
-0.294277 0.898979 0.200266
-0.310122 0.896549 0.192426
-0.325781 0.893845 0.184706
-0.341247 0.890872 0.177109
-0.356513 0.887637 0.169638
-0.371573 0.884148 0.162295
-0.386422 0.880410 0.155084
-0.401054 0.876432 0.148007
-0.415463 0.872221 0.141067
-0.429645 0.867785 0.134267
-0.443594 0.863132 0.127610
-0.457307 0.858270 0.121098
-0.470778 0.853207 0.114733
-0.484006 0.847953 0.108518
-0.496985 0.842516 0.102456
-0.509713 0.836905 0.096549
-0.522187 0.831130 0.090799
-0.534405 0.825198 0.085208
-0.546365 0.819121 0.079779
-0.558064 0.812906 0.074514
-0.569502 0.806564 0.069415
-0.580677 0.800103 0.064483
-0.591589 0.793535 0.059721
-0.602237 0.786867 0.055131
-0.612621 0.780111 0.050714
-0.622742 0.773275 0.046473
-0.632601 0.766369 0.042407
-0.642197 0.759403 0.038521
-0.651533 0.752385 0.034814
-0.660611 0.745327 0.031288
-0.669432 0.738237 0.027946
-0.677998 0.731124 0.024787
-0.686312 0.723997 0.021813
-0.694378 0.716867 0.019026
-0.702198 0.709741 0.016426
-0.709776 0.702629 0.014015
-0.717115 0.695540 0.011793
-0.724221 0.688482 0.009761
-0.731097 0.681463 0.007921
-0.737749 0.674492 0.006272
-0.744180 0.667577 0.004816
-0.750397 0.660725 0.003553
-0.756404 0.653945 0.002483
-0.762209 0.647245 0.001607
-0.767815 0.640630 0.000925
-0.773231 0.634108 0.000438
-0.778462 0.627687 0.000146
-0.783530 0.621353 0.000024
-0.788485 0.615054 0.000000
-0.793374 0.608734 0.000000
-0.798213 0.602376 0.000000
-0.803000 0.595979 0.000000
-0.807737 0.589544 0.000000
-0.812421 0.583071 0.000000
-0.817054 0.576561 0.000000
-0.821635 0.570014 0.000000
-0.826163 0.563431 0.000000
-0.830639 0.556812 0.000000
-0.835061 0.550157 0.000000
-0.839430 0.543468 0.000000
-0.843746 0.536743 0.000000
-0.848007 0.529984 0.000000
-0.852215 0.523192 0.000000
-0.856368 0.516366 0.000000
-0.860467 0.509507 0.000000
-0.864510 0.502615 0.000000
-0.868498 0.495692 0.000000
-0.872431 0.488737 0.000000
-0.876309 0.481750 0.000000
-0.880130 0.474733 0.000000
-0.883895 0.467686 0.000000
-0.887603 0.460608 0.000000
-0.891255 0.453502 0.000000
-0.894850 0.446366 0.000000
-0.898388 0.439202 0.000000
-0.901869 0.432010 0.000000
-0.905292 0.424790 0.000000
-0.908657 0.417543 0.000000
-0.911964 0.410269 0.000000
-0.915213 0.402970 0.000000
-0.918404 0.395644 0.000000
-0.921536 0.388293 0.000000
-0.924609 0.380918 0.000000
-0.927623 0.373518 0.000000
-0.930578 0.366094 0.000000
-0.933473 0.358647 0.000000
-0.936309 0.351177 0.000000
-0.939085 0.343685 0.000000
-0.941801 0.336170 0.000000
-0.944457 0.328635 0.000000
-0.947053 0.321078 0.000000
-0.949588 0.313501 0.000000
-0.952063 0.305903 0.000000
-0.954476 0.298287 0.000000
-0.956829 0.290651 0.000000
-0.959121 0.282996 0.000000
-0.961352 0.275324 0.000000
-0.963521 0.267634 0.000000
-0.965628 0.259927 0.000000
-0.967674 0.252203 0.000000
-0.969659 0.244463 0.000000
-0.971581 0.236707 0.000000
-0.973441 0.228937 0.000000
-0.975239 0.221152 0.000000
-0.976975 0.213352 0.000000
-0.978649 0.205540 0.000000
-0.980260 0.197713 0.000000
-0.981808 0.189875 0.000000
-0.983294 0.182024 0.000000
-0.984717 0.174162 0.000000
-0.986077 0.166288 0.000000
-0.987374 0.158404 0.000000
-0.988609 0.150510 0.000000
-0.989780 0.142606 0.000000
-0.990887 0.134693 0.000000
-0.991932 0.126771 0.000000
-0.992913 0.118842 0.000000
-0.993831 0.110904 0.000000
-0.994685 0.102960 0.000000
-0.995476 0.095009 0.000000
-0.996204 0.087052 0.000000
-0.996868 0.079090 0.000000
-0.997468 0.071122 0.000000
-0.998004 0.063150 0.000000
-0.998477 0.055174 0.000000
-0.998886 0.047194 0.000000
-0.999231 0.039212 0.000000
-0.999512 0.031226 0.000000
-0.999730 0.023239 0.000000
-0.999884 0.015250 0.000000
-0.999974 0.007261 0.000000
-1.000000 -0.000729 0.000000
-0.999962 -0.008719 0.000000
-0.999860 -0.016709 0.000000
-0.999695 -0.024697 0.000000
-0.999466 -0.032684 0.000000
-0.999173 -0.040669 0.000000
-0.998816 -0.048651 0.000000
-0.998395 -0.056630 0.000000
-0.997911 -0.064606 0.000000
-0.997363 -0.072577 0.000000
-0.996751 -0.080544 0.000000
-0.996076 -0.088505 0.000000
-0.995337 -0.096461 0.000000
-0.994534 -0.104411 0.000000
-0.993668 -0.112354 0.000000
-0.992739 -0.120290 0.000000
-0.991746 -0.128218 0.000000
-0.990690 -0.136138 0.000000
-0.989571 -0.144049 0.000000
-0.988388 -0.151951 0.000000
-0.987142 -0.159844 0.000000
-0.985834 -0.167726 0.000000
-0.984462 -0.175598 0.000000
-0.983028 -0.183458 0.000000
-0.981530 -0.191307 0.000000
-0.979970 -0.199143 0.000000
-0.978348 -0.206967 0.000000
-0.976663 -0.214777 0.000000
-0.974916 -0.222574 0.000000
-0.973106 -0.230356 0.000000
-0.971235 -0.238124 0.000000
-0.969301 -0.245877 0.000000
-0.967306 -0.253614 0.000000
-0.965248 -0.261335 0.000000
-0.963129 -0.269039 0.000000
-0.960949 -0.276726 0.000000
-0.958707 -0.284395 0.000000
-0.956404 -0.292046 0.000000
-0.954040 -0.299678 0.000000
-0.951615 -0.307292 0.000000
-0.949130 -0.314885 0.000000
-0.946583 -0.322459 0.000000
-0.943977 -0.330012 0.000000
-0.941310 -0.337544 0.000000
-0.938583 -0.345054 0.000000
-0.935796 -0.352542 0.000000
-0.932949 -0.360008 0.000000
-0.930043 -0.367451 0.000000
-0.927077 -0.374871 0.000000
-0.924052 -0.382266 0.000000
-0.920969 -0.389637 0.000000
-0.917826 -0.396983 0.000000
-0.914625 -0.404304 0.000000
-0.911365 -0.411599 0.000000
-0.908047 -0.418868 0.000000
-0.904671 -0.426110 0.000000
-0.901238 -0.433325 0.000000
-0.897747 -0.440512 0.000000
-0.894198 -0.447671 0.000000
-0.890593 -0.454801 0.000000
-0.886931 -0.461903 0.000000
-0.883212 -0.468974 0.000000
-0.879436 -0.476016 0.000000
-0.875605 -0.483028 0.000000
-0.871718 -0.490009 0.000000
-0.867775 -0.496958 0.000000
-0.863776 -0.503876 0.000000
-0.859723 -0.510761 0.000000
-0.855614 -0.517614 0.000000
-0.851451 -0.524434 0.000000
-0.847234 -0.531221 0.000000
-0.842962 -0.537973 0.000000
-0.838637 -0.544691 0.000000
-0.834258 -0.551375 0.000000
-0.829826 -0.558023 0.000000
-0.825340 -0.564635 0.000000
-0.820803 -0.571212 0.000000
-0.816212 -0.577752 0.000000
-0.811570 -0.584255 0.000000
-0.806876 -0.590721 0.000000
-0.802130 -0.597149 0.000000
-0.797333 -0.603539 0.000000
-0.792486 -0.609891 0.000000
-0.787587 -0.616203 0.000000
-0.782639 -0.622476 0.000000
-0.777640 -0.628710 0.000000
-0.772592 -0.634903 0.000000
-0.767494 -0.641056 0.000000
-0.762347 -0.647168 0.000000
-0.757152 -0.653238 0.000000
-0.751909 -0.659267 0.000000
-0.746617 -0.665254 0.000000
-0.741278 -0.671198 0.000000
-0.735891 -0.677100 0.000000
-0.730458 -0.682958 0.000000
-0.724977 -0.688773 0.000000
-0.719451 -0.694543 0.000000
-0.713878 -0.700270 0.000000
-0.708260 -0.705951 0.000000
-0.702597 -0.711588 0.000000
-0.696889 -0.717179 0.000000
-0.691137 -0.722724 0.000000
-0.685340 -0.728223 0.000000
-0.679500 -0.733676 0.000000
-0.673616 -0.739082 0.000000
-0.667689 -0.744440 0.000000
-0.661719 -0.749752 0.000000
-0.655708 -0.755015 0.000000
-0.649654 -0.760230 0.000000
-0.643559 -0.765396 0.000000
-0.637423 -0.770514 0.000000
-0.631246 -0.775583 0.000000
-0.625029 -0.780601 0.000000
-0.618772 -0.785571 0.000000
-0.612476 -0.790490 0.000000
-0.606140 -0.795358 0.000000
-0.599766 -0.800176 0.000000
-0.593353 -0.804942 0.000000
-0.586902 -0.809658 0.000000
-0.580415 -0.814321 0.000000
-0.573890 -0.818933 0.000000
-0.567328 -0.823492 0.000000
-0.560730 -0.827999 0.000000
-0.554096 -0.832453 0.000000
-0.547427 -0.836853 0.000000
-0.540723 -0.841201 0.000000
-0.533985 -0.845494 0.000000
-0.527212 -0.849734 0.000000
-0.520406 -0.853919 0.000000
-0.513566 -0.858050 0.000000
-0.506694 -0.862126 0.000000
-0.499789 -0.866147 0.000000
-0.492853 -0.870113 0.000000
-0.485885 -0.874023 0.000000
-0.478886 -0.877877 0.000000
-0.471856 -0.881675 0.000000
-0.464797 -0.885417 0.000000
-0.457707 -0.889103 0.000000
-0.450589 -0.892732 0.000000
-0.443441 -0.896303 0.000000
-0.436266 -0.899818 0.000000
-0.429062 -0.903275 0.000000
-0.421831 -0.906674 0.000000
-0.414573 -0.910016 0.000000
-0.407289 -0.913299 0.000000
-0.399979 -0.916525 0.000000
-0.392643 -0.919691 0.000000
-0.385282 -0.922799 0.000000
-0.377896 -0.925848 0.000000
-0.370487 -0.928838 0.000000
-0.363053 -0.931768 0.000000
-0.355597 -0.934639 0.000000
-0.348118 -0.937451 0.000000
-0.340616 -0.940202 0.000000
-0.333093 -0.942894 0.000000
-0.325549 -0.945525 0.000000
-0.317983 -0.948096 0.000000
-0.310398 -0.950607 0.000000
-0.302792 -0.953057 0.000000
-0.295168 -0.955445 0.000000
-0.287524 -0.957773 0.000000
-0.279862 -0.960040 0.000000
-0.272183 -0.962246 0.000000
-0.264486 -0.964390 0.000000
-0.256772 -0.966472 0.000000
-0.249041 -0.968493 0.000000
-0.241295 -0.970452 0.000000
-0.233533 -0.972349 0.000000
-0.225757 -0.974184 0.000000
-0.217966 -0.975956 0.000000
-0.210161 -0.977667 0.000000
-0.202342 -0.979315 0.000000
-0.194511 -0.980900 0.000000
-0.186667 -0.982423 0.000000
-0.178812 -0.983883 0.000000
-0.170945 -0.985281 0.000000
-0.163067 -0.986615 0.000000
-0.155179 -0.987886 0.000000
-0.147280 -0.989095 0.000000
-0.139373 -0.990240 0.000000
-0.131456 -0.991322 0.000000
-0.123531 -0.992341 0.000000
-0.115598 -0.993296 0.000000
-0.107658 -0.994188 0.000000
-0.099711 -0.995016 0.000000
-0.091758 -0.995781 0.000000
-0.083798 -0.996483 0.000000
-0.075834 -0.997120 0.000000
-0.067864 -0.997695 0.000000
-0.059890 -0.998205 0.000000
-0.051913 -0.998652 0.000000
-0.043932 -0.999035 0.000000
-0.035948 -0.999354 0.000000
-0.027962 -0.999609 0.000000
-0.019974 -0.999800 0.000000
-0.011985 -0.999928 0.000000
-0.003995 -0.999992 0.000000
0.003995 -0.999992 0.000000
0.011985 -0.999928 0.000000
0.019974 -0.999800 0.000000
0.027962 -0.999609 0.000000
0.035948 -0.999354 0.000000
0.043932 -0.999035 0.000000
0.051913 -0.998652 0.000000
0.059890 -0.998205 0.000000
0.067864 -0.997695 0.000000
0.075834 -0.997120 0.000000
0.083798 -0.996483 0.000000
0.091758 -0.995781 0.000000
0.099711 -0.995016 0.000000
0.107658 -0.994188 0.000000
0.115598 -0.993296 0.000000
0.123531 -0.992341 0.000000
0.131456 -0.991322 0.000000
0.139373 -0.990240 0.000000
0.147280 -0.989095 0.000000
0.155179 -0.987886 0.000000
0.163067 -0.986615 0.000000
0.170945 -0.985281 0.000000
0.178812 -0.983883 0.000000
0.186667 -0.982423 0.000000
0.194511 -0.980900 0.000000
0.202342 -0.979315 0.000000
0.210161 -0.977667 0.000000
0.217966 -0.975956 0.000000
0.225757 -0.974184 0.000000
0.233533 -0.972349 0.000000
0.241295 -0.970452 0.000000
0.249041 -0.968493 0.000000
0.256772 -0.966472 0.000000
0.264486 -0.964390 0.000000
0.272183 -0.962246 0.000000
0.279862 -0.960040 0.000000
0.287524 -0.957773 0.000000
0.295168 -0.955445 0.000000
0.302792 -0.953057 0.000000
0.310398 -0.950607 0.000000
0.317983 -0.948096 0.000000
0.325549 -0.945525 0.000000
0.333093 -0.942894 0.000000
0.340616 -0.940202 0.000000
0.348118 -0.937451 0.000000
0.355597 -0.934639 0.000000
0.363053 -0.931768 0.000000
0.370487 -0.928838 0.000000
0.377896 -0.925848 0.000000
0.385282 -0.922799 0.000000
0.392643 -0.919691 0.000000
0.399979 -0.916525 0.000000
0.407289 -0.913299 0.000000
0.414573 -0.910016 0.000000
0.421831 -0.906674 0.000000
0.429062 -0.903275 0.000000
0.436266 -0.899818 0.000000
0.443441 -0.896303 0.000000
0.450589 -0.892732 0.000000
0.457707 -0.889103 0.000000
0.464797 -0.885417 0.000000
0.471856 -0.881675 0.000000
0.478886 -0.877877 0.000000
0.485885 -0.874023 0.000000
0.492853 -0.870113 0.000000
0.499789 -0.866147 0.000000
0.506694 -0.862126 0.000000
0.513566 -0.858050 0.000000
0.520406 -0.853919 0.000000
0.527212 -0.849734 0.000000
0.533985 -0.845494 0.000000
0.540723 -0.841201 0.000000
0.547427 -0.836853 0.000000
0.554096 -0.832453 0.000000
0.560730 -0.827999 0.000000
0.567328 -0.823492 0.000000
0.573890 -0.818933 0.000000
0.580415 -0.814321 0.000000
0.586902 -0.809658 0.000000
0.593353 -0.804942 0.000000
0.599766 -0.800176 0.000000
0.606140 -0.795358 0.000000
0.612476 -0.790490 0.000000
0.618772 -0.785571 0.000000
0.625029 -0.780601 0.000000
0.631246 -0.775583 0.000000
0.637423 -0.770514 0.000000
0.643559 -0.765396 0.000000
0.649654 -0.760230 0.000000
0.655708 -0.755015 0.000000
0.661719 -0.749752 0.000000
0.667689 -0.744440 0.000000
0.673616 -0.739082 0.000000
0.679500 -0.733676 0.000000
0.685340 -0.728223 0.000000
0.691137 -0.722724 0.000000
0.696889 -0.717179 0.000000
0.702597 -0.711588 0.000000
0.708260 -0.705951 0.000000
0.713878 -0.700270 0.000000
0.719451 -0.694543 0.000000
0.724977 -0.688773 0.000000
0.730458 -0.682958 0.000000
0.735891 -0.677100 0.000000
0.741278 -0.671198 0.000000
0.746617 -0.665254 0.000000
0.751909 -0.659267 0.000000
0.757152 -0.653238 0.000000
0.762347 -0.647168 0.000000
0.767494 -0.641056 0.000000
0.772592 -0.634903 0.000000
0.777640 -0.628710 0.000000
0.782639 -0.622476 0.000000
0.787587 -0.616203 0.000000
0.792486 -0.609891 0.000000
0.797333 -0.603539 0.000000
0.802130 -0.597149 0.000000
0.806876 -0.590721 0.000000
0.811570 -0.584255 0.000000
0.816212 -0.577752 0.000000
0.820803 -0.571212 0.000000
0.825340 -0.564635 0.000000
0.829826 -0.558023 0.000000
0.834258 -0.551375 0.000000
0.838637 -0.544691 0.000000
0.842962 -0.537973 0.000000
0.847234 -0.531221 0.000000
0.851451 -0.524434 0.000000
0.855614 -0.517614 0.000000
0.859723 -0.510761 0.000000
0.863776 -0.503876 0.000000
0.867775 -0.496958 0.000000
0.871718 -0.490009 0.000000
0.875605 -0.483028 0.000000
0.879436 -0.476016 0.000000
0.883212 -0.468974 0.000000
0.886931 -0.461903 0.000000
0.890593 -0.454801 0.000000
0.894198 -0.447671 0.000000
0.897747 -0.440512 0.000000
0.901238 -0.433325 0.000000
0.904671 -0.426110 0.000000
0.908047 -0.418868 0.000000
0.911365 -0.411599 0.000000
0.914625 -0.404304 0.000000
0.917826 -0.396983 0.000000
0.920969 -0.389637 0.000000
0.924052 -0.382266 0.000000
0.927077 -0.374871 0.000000
0.930043 -0.367451 0.000000
0.932949 -0.360008 0.000000
0.935796 -0.352542 0.000000
0.938583 -0.345054 0.000000
0.941310 -0.337544 0.000000
0.943977 -0.330012 0.000000
0.946583 -0.322459 0.000000
0.949130 -0.314885 0.000000
0.951615 -0.307292 0.000000
0.954040 -0.299678 0.000000
0.956404 -0.292046 0.000000
0.958707 -0.284395 0.000000
0.960949 -0.276726 0.000000
0.963129 -0.269039 0.000000
0.965248 -0.261335 0.000000
0.967306 -0.253614 0.000000
0.969301 -0.245877 0.000000
0.971235 -0.238124 0.000000
0.973106 -0.230356 0.000000
0.974916 -0.222574 0.000000
0.976663 -0.214777 0.000000
0.978348 -0.206967 0.000000
0.979970 -0.199143 0.000000
0.981530 -0.191307 0.000000
0.983028 -0.183458 0.000000
0.984462 -0.175598 0.000000
0.985834 -0.167726 0.000000
0.987142 -0.159844 0.000000
0.988388 -0.151951 0.000000
0.989571 -0.144049 0.000000
0.990690 -0.136138 0.000000
0.991746 -0.128218 0.000000
0.992739 -0.120290 0.000000
0.993668 -0.112354 0.000000
0.994534 -0.104411 0.000000
0.995337 -0.096461 0.000000
0.996076 -0.088505 0.000000
0.996751 -0.080544 0.000000
0.997363 -0.072577 0.000000
0.997911 -0.064606 0.000000
0.998395 -0.056630 0.000000
0.998816 -0.048651 0.000000
0.999173 -0.040669 0.000000
0.999466 -0.032684 0.000000
0.999695 -0.024697 0.000000
0.999860 -0.016709 0.000000
0.999962 -0.008719 0.000000
1.000000 -0.000729 0.000000
0.999974 0.007261 0.000000
0.999884 0.015250 0.000000
0.999730 0.023239 0.000000
0.999512 0.031226 0.000000
0.999231 0.039212 0.000000
0.998886 0.047194 0.000000
0.998477 0.055174 0.000000
0.998004 0.063150 0.000000
0.997468 0.071122 0.000000
0.996868 0.079090 0.000000
0.996204 0.087052 0.000000
0.995476 0.095009 0.000000
0.994685 0.102960 0.000000
0.993831 0.110904 0.000000
0.992913 0.118842 0.000000
0.991932 0.126771 0.000000
0.990887 0.134693 0.000000
0.989780 0.142606 0.000000
0.988609 0.150510 0.000000
0.987374 0.158404 0.000000
0.986077 0.166288 0.000000
0.984717 0.174162 0.000000
0.983294 0.182024 0.000000
0.981808 0.189875 0.000000
0.980260 0.197713 0.000000
0.978649 0.205540 0.000000
0.976975 0.213352 0.000000
0.975239 0.221152 0.000000
0.973441 0.228937 0.000000
0.971581 0.236707 0.000000
0.969659 0.244463 0.000000
0.967674 0.252203 0.000000
0.965628 0.259927 0.000000
0.963521 0.267634 0.000000
0.961352 0.275324 0.000000
0.959121 0.282996 0.000000
0.956829 0.290651 0.000000
0.954476 0.298287 0.000000
0.952063 0.305903 0.000000
0.949588 0.313501 0.000000
0.947053 0.321078 0.000000
0.944457 0.328635 0.000000
0.941801 0.336170 0.000000
0.939085 0.343685 0.000000
0.936309 0.351177 0.000000
0.933473 0.358647 0.000000
0.930578 0.366094 0.000000
0.927623 0.373518 0.000000
0.924609 0.380918 0.000000
0.921536 0.388293 0.000000
0.918404 0.395644 0.000000
0.915213 0.402970 0.000000
0.911964 0.410269 0.000000
0.908657 0.417543 0.000000
0.905292 0.424790 0.000000
0.901869 0.432010 0.000000
0.898388 0.439202 0.000000
0.894850 0.446366 0.000000
0.891255 0.453502 0.000000
0.887603 0.460608 0.000000
0.883895 0.467686 0.000000
0.880130 0.474733 0.000000
0.876309 0.481750 0.000000
0.872431 0.488737 0.000000
0.868498 0.495692 0.000000
0.864510 0.502615 0.000000
0.860467 0.509507 0.000000
0.856368 0.516366 0.000000
0.852215 0.523192 0.000000
0.848007 0.529984 0.000000
0.843746 0.536743 0.000000
0.839430 0.543468 0.000000
0.835061 0.550157 0.000000
0.830639 0.556812 0.000000
0.826163 0.563431 0.000000
0.821635 0.570014 0.000000
0.817054 0.576561 0.000000
0.812421 0.583071 0.000000
0.807737 0.589544 0.000000
0.803000 0.595979 0.000000
0.798213 0.602376 0.000000
0.793374 0.608734 0.000000
0.788485 0.615054 0.000000
0.783530 0.621353 -0.000024
0.778462 0.627687 -0.000146
0.773231 0.634108 -0.000438
0.767815 0.640630 -0.000925
0.762209 0.647245 -0.001607
0.756404 0.653945 -0.002483
0.750397 0.660725 -0.003553
0.744180 0.667577 -0.004816
0.737749 0.674492 -0.006272
0.731097 0.681463 -0.007921
0.724221 0.688482 -0.009761
0.717115 0.695540 -0.011793
0.709776 0.702629 -0.014015
0.702198 0.709741 -0.016426
0.694378 0.716867 -0.019026
0.686312 0.723997 -0.021813
0.677998 0.731124 -0.024787
0.669432 0.738237 -0.027946
0.660611 0.745327 -0.031288
0.651533 0.752385 -0.034814
0.642197 0.759403 -0.038521
0.632601 0.766369 -0.042407
0.622742 0.773275 -0.046473
0.612621 0.780111 -0.050714
0.602237 0.786867 -0.055131
0.591589 0.793535 -0.059721
0.580677 0.800103 -0.064483
0.569502 0.806564 -0.069415
0.558064 0.812906 -0.074514
0.546365 0.819121 -0.079779
0.534405 0.825198 -0.085208
0.522187 0.831130 -0.090799
0.509713 0.836905 -0.096549
0.496985 0.842516 -0.102456
0.484006 0.847953 -0.108518
0.470778 0.853207 -0.114733
0.457307 0.858270 -0.121098
0.443594 0.863132 -0.127610
0.429645 0.867785 -0.134267
0.415463 0.872221 -0.141067
0.401054 0.876432 -0.148007
0.386422 0.880410 -0.155084
0.371573 0.884148 -0.162295
0.356513 0.887637 -0.169638
0.341247 0.890872 -0.177109
0.325781 0.893845 -0.184706
0.310122 0.896549 -0.192426
0.294277 0.898979 -0.200266
0.278253 0.901129 -0.208223
0.262057 0.902993 -0.216293
0.245695 0.904565 -0.224473
0.229177 0.905841 -0.232761
0.212509 0.906816 -0.241153
0.195700 0.907487 -0.249645
0.178758 0.907849 -0.258236
0.161691 0.907898 -0.266920
0.144508 0.907632 -0.275694
0.127218 0.907049 -0.284556
0.109829 0.906145 -0.293502
0.092349 0.904919 -0.302529
0.074789 0.903369 -0.311632
0.057157 0.901495 -0.320808
0.039463 0.899295 -0.330054
0.021714 0.896770 -0.339366
0.003922 0.893920 -0.348740
-0.013906 0.890744 -0.358173
-0.031759 0.887246 -0.367661
-0.049629 0.883424 -0.377201
-0.067506 0.879283 -0.386788
-0.085381 0.874823 -0.396419
-0.103246 0.870047 -0.406090
-0.121090 0.864959 -0.415798
-0.138905 0.859562 -0.425538
-0.156681 0.853859 -0.435307
-0.174411 0.847856 -0.445101
-0.192085 0.841555 -0.454916
-0.209694 0.834963 -0.464748
-0.227231 0.828085 -0.474594
-0.244686 0.820927 -0.484449
-0.262052 0.813493 -0.494311
-0.279321 0.805791 -0.504174
-0.296484 0.797828 -0.514035
-0.313534 0.789610 -0.523890
-0.330463 0.781144 -0.533736
-0.347264 0.772438 -0.543569
-0.363931 0.763500 -0.553384
-0.380455 0.754338 -0.563178
-0.396831 0.744960 -0.572946
-0.413052 0.735374 -0.582687
-0.429111 0.725590 -0.592394
-0.445003 0.715616 -0.602065
-0.460722 0.705461 -0.611697
-0.476262 0.695135 -0.621284
-0.491618 0.684646 -0.630823
-0.506785 0.674005 -0.640311
-0.521758 0.663221 -0.649745
-0.536532 0.652304 -0.659119
-0.551103 0.641264 -0.668431
-0.565467 0.630111 -0.677677
-0.579620 0.618854 -0.686853
-0.593558 0.607503 -0.695956
-0.607278 0.596069 -0.704982
-0.620777 0.584562 -0.713928
-0.634051 0.572992 -0.722790
-0.647098 0.561368 -0.731565
-0.659915 0.549701 -0.740249
-0.672500 0.538001 -0.748839
-0.684851 0.526277 -0.757332
-0.696966 0.514540 -0.765723
-0.708842 0.502798 -0.774011
-0.720480 0.491062 -0.782192
-0.731876 0.479341 -0.790262
-0.743031 0.467644 -0.798218
-0.753942 0.455981 -0.806058
-0.764610 0.444360 -0.813778
-0.775032 0.432790 -0.821375
-0.785210 0.421281 -0.828847
-0.795142 0.409839 -0.836189
-0.804829 0.398475 -0.843401
-0.814269 0.387195 -0.850477
-0.823463 0.376007 -0.857417
-0.832411 0.364920 -0.864217
-0.841114 0.353940 -0.870875
-0.849571 0.343075 -0.877387
-0.857784 0.332332 -0.883752
-0.865751 0.321716 -0.889966
-0.873475 0.311235 -0.896028
-0.880955 0.300894 -0.901936
-0.888193 0.290700 -0.907686
-0.895189 0.280657 -0.913276
-0.901944 0.270772 -0.918705
-0.908458 0.261048 -0.923970
-0.914734 0.251491 -0.929070
-0.920771 0.242105 -0.934001
-0.926570 0.232893 -0.938763
-0.932134 0.223861 -0.943353
-0.937462 0.215010 -0.947770
-0.942556 0.206345 -0.952012
-0.947417 0.197868 -0.956077
-0.952046 0.189582 -0.959964
-0.956444 0.181489 -0.963671
-0.960612 0.173591 -0.967196
-0.964552 0.165890 -0.970539
-0.968264 0.158387 -0.973698
-0.971750 0.151084 -0.976671
-0.975011 0.143980 -0.979459
-0.978048 0.137077 -0.982058
-0.980862 0.130375 -0.984470
-0.983454 0.123875 -0.986692
-0.985825 0.117575 -0.988723
-0.987977 0.111475 -0.990564
-0.989911 0.105575 -0.992212
-0.991627 0.099873 -0.993669
-0.993127 0.094369 -0.994932
-0.994413 0.089061 -0.996002
-0.995484 0.083947 -0.996877
-0.996343 0.079025 -0.997559
-0.996990 0.074293 -0.998046
-0.997426 0.069750 -0.998338
-0.997678 0.065392 -0.998460
-0.997818 0.061218 -0.998484
-0.997922 0.057226 -0.998484
-0.998015 0.053411 -0.998484
-0.998098 0.049771 -0.998484
-0.998172 0.046300 -0.998484
-0.998237 0.042995 -0.998484
-0.998294 0.039852 -0.998484
-0.998345 0.036866 -0.998484
-0.998389 0.034034 -0.998484
-0.998428 0.031352 -0.998484
-0.998462 0.028816 -0.998484
-0.998491 0.026421 -0.998484
-0.998516 0.024163 -0.998484
-0.998538 0.022039 -0.998484
-0.998556 0.020044 -0.998484
-0.998572 0.018174 -0.998484
-0.998586 0.016425 -0.998484
-0.998597 0.014794 -0.998484
-0.998607 0.013276 -0.998484
-0.998615 0.011866 -0.998484
-0.998419 0.010562 -0.998282
-0.997412 0.009357 -0.997270
-0.994989 0.008247 -0.994843
-0.990951 0.007230 -0.990802
-0.985305 0.006303 -0.985155
-0.978061 0.005463 -0.977909
-0.969229 0.004705 -0.969077
-0.958825 0.004027 -0.958674
-0.946866 0.003423 -0.946715
-0.933370 0.002889 -0.933221
-0.918360 0.002420 -0.918213
-0.901861 0.002011 -0.901715
-0.883898 0.001657 -0.883756
-0.864502 0.001353 -0.864362
-0.843704 0.001094 -0.843567
-0.821537 0.000875 -0.821403
-0.798037 0.000693 -0.797908
-0.773243 0.000541 -0.773117
-0.747195 0.000418 -0.747073
-0.719934 0.000318 -0.719817
-0.691506 0.000238 -0.691394
-0.661957 0.000175 -0.661849
-0.631333 0.000126 -0.631231
-0.599686 0.000089 -0.599589
-0.567066 0.000062 -0.566974
-0.533526 0.000041 -0.533439
-0.499121 0.000027 -0.499040
-0.463906 0.000017 -0.463831
-0.427939 0.000010 -0.427869
-0.391277 0.000006 -0.391214
-0.353981 0.000003 -0.353924
-0.316111 0.000002 -0.316060
-0.277728 0.000001 -0.277683
-0.238895 0.000000 -0.238856
-0.199674 0.000000 -0.199642
-0.160129 0.000000 -0.160103
-0.120325 0.000000 -0.120305
-0.080325 0.000000 -0.080312
-0.040195 0.000000 -0.040189
0.000000 0.000000 0.000000
##END
