##TITLE= dor_3
##JCAMP-DX= 5.00 Bruker JCAMP library
##DATA TYPE= Shape Data
##ORIGIN= Bruker Analytik GmbH
##OWNER= <nmrsu>
##DATE= 2025-02-28
##TIME= 15:41:55
##MINX= 0
##MAXX= 1
##MINY= 0
##MAXY= 1
##$SHAPE_EXMODE= Gradient
##$SHAPE_TOTROT= 0
##$SHAPE_BWFAC= 0
##$SHAPE_INTEGFAC= 0
##$SHAPE_MODE= 0
##EFFIFACTOR=0.00079458
##DURATION=0.01
##DIRECTIONVEC= 0 0 1
##NPOINTS=1000
##XYDATA= (X Y Z)
0.000000 0.000000 0.000000
0.008508 0.000000 0.017018
0.017007 0.000000 0.034019
0.025488 0.000000 0.050984
0.033943 0.000000 0.067898
0.042364 0.000000 0.084741
0.050740 0.000001 0.101497
0.059065 0.000001 0.118149
0.067329 0.000003 0.134680
0.075524 0.000006 0.151072
0.083641 0.000011 0.167310
0.091672 0.000019 0.183375
0.099609 0.000032 0.199251
0.107444 0.000051 0.214923
0.115168 0.000078 0.230374
0.122774 0.000116 0.245589
0.130254 0.000169 0.260551
0.137600 0.000241 0.275245
0.144805 0.000336 0.289657
0.151860 0.000459 0.303770
0.158760 0.000616 0.317572
0.165496 0.000816 0.331047
0.172063 0.001065 0.344182
0.178452 0.001372 0.356963
0.184657 0.001747 0.369377
0.190673 0.002200 0.381411
0.196492 0.002743 0.393053
0.202108 0.003389 0.404290
0.207516 0.004150 0.415111
0.212709 0.005041 0.425504
0.217682 0.006077 0.435459
0.222429 0.007272 0.444963
0.226944 0.008644 0.454009
0.231222 0.010210 0.462584
0.235258 0.011985 0.470679
0.239046 0.013989 0.478286
0.242581 0.016240 0.485394
0.245857 0.018754 0.491995
0.248869 0.021550 0.498081
0.251611 0.024646 0.503642
0.254078 0.028060 0.508671
0.256263 0.031807 0.513159
0.258161 0.035905 0.517099
0.259765 0.040369 0.520482
0.261068 0.045213 0.523300
0.262064 0.050449 0.525546
0.262745 0.056090 0.527212
0.263104 0.062145 0.528290
0.263132 0.068622 0.528772
0.262855 0.075531 0.528718
0.262350 0.082885 0.528291
0.261658 0.090695 0.527587
0.260753 0.098970 0.526564
0.259608 0.107712 0.525179
0.258209 0.116927 0.523422
0.256545 0.126617 0.521283
0.254601 0.136782 0.518748
0.252365 0.147421 0.515808
0.249819 0.158531 0.512450
0.246949 0.170107 0.508660
0.243739 0.182143 0.504425
0.240172 0.194627 0.499732
0.236230 0.207550 0.494567
0.231894 0.220896 0.488915
0.227148 0.234650 0.482761
0.221972 0.248792 0.476091
0.216347 0.263301 0.468890
0.210255 0.278153 0.461141
0.203676 0.293322 0.452832
0.196592 0.308778 0.443945
0.188984 0.324490 0.434468
0.180834 0.340423 0.424386
0.172125 0.356540 0.413685
0.162841 0.372803 0.402352
0.152966 0.389168 0.390375
0.142485 0.405592 0.377743
0.131386 0.422028 0.364446
0.119657 0.438428 0.350474
0.107289 0.454739 0.335820
0.094273 0.470910 0.320478
0.080605 0.486885 0.304443
0.066281 0.502609 0.287714
0.051300 0.518023 0.270288
0.035664 0.533069 0.252168
0.019378 0.547687 0.233358
0.002449 0.561816 0.213862
-0.015111 0.575397 0.193690
-0.033289 0.588367 0.172852
-0.052068 0.600666 0.151361
-0.071425 0.612233 0.129234
-0.091339 0.623010 0.106489
-0.111780 0.632938 0.083148
-0.132718 0.641961 0.059234
-0.154118 0.650022 0.034775
-0.175942 0.657070 0.009800
-0.198149 0.663054 -0.015658
-0.220696 0.667928 -0.041566
-0.243533 0.671645 -0.067886
-0.266612 0.674167 -0.094578
-0.289878 0.675456 -0.121601
-0.313278 0.675478 -0.148910
-0.336752 0.674206 -0.176460
-0.360241 0.671616 -0.204203
-0.383685 0.667687 -0.232091
-0.407020 0.662406 -0.260071
-0.430183 0.655764 -0.288093
-0.453109 0.647755 -0.316105
-0.475735 0.638382 -0.344052
-0.497995 0.627650 -0.371882
-0.519826 0.615573 -0.399541
-0.541164 0.602165 -0.426976
-0.561947 0.587451 -0.454132
-0.582114 0.571456 -0.480959
-0.601608 0.554215 -0.507404
-0.620370 0.535762 -0.533417
-0.638348 0.516141 -0.558949
-0.655489 0.495398 -0.583954
-0.671747 0.473582 -0.608386
-0.687076 0.450747 -0.632202
-0.701436 0.426951 -0.655362
-0.714789 0.402254 -0.677828
-0.727102 0.376719 -0.699564
-0.738346 0.350412 -0.720538
-0.748497 0.323399 -0.740720
-0.757533 0.295751 -0.760085
-0.765440 0.267536 -0.778610
-0.772206 0.238827 -0.796275
-0.777822 0.209693 -0.813063
-0.782288 0.180206 -0.828961
-0.785603 0.150436 -0.843962
-0.787773 0.120454 -0.858057
-0.788809 0.090327 -0.871245
-0.788723 0.060123 -0.883526
-0.787533 0.029906 -0.894905
-0.785258 -0.000261 -0.905388
-0.781923 -0.030318 -0.914985
-0.777554 -0.060206 -0.923709
-0.772180 -0.089872 -0.931577
-0.765833 -0.119264 -0.938606
-0.758546 -0.148335 -0.944819
-0.750356 -0.177040 -0.950237
-0.741298 -0.205339 -0.954887
-0.731411 -0.233194 -0.958797
-0.720735 -0.260572 -0.961994
-0.709308 -0.287445 -0.964511
-0.697170 -0.313787 -0.966379
-0.684362 -0.339576 -0.967632
-0.670923 -0.364795 -0.968303
-0.656892 -0.389430 -0.968428
-0.642290 -0.413495 -0.968041
-0.627103 -0.437053 -0.967163
-0.611305 -0.460161 -0.965802
-0.594895 -0.482826 -0.963961
-0.577889 -0.505028 -0.961638
-0.560299 -0.526749 -0.958837
-0.542142 -0.547971 -0.955558
-0.523432 -0.568676 -0.951803
-0.504187 -0.588846 -0.947573
-0.484422 -0.608465 -0.942871
-0.464154 -0.627517 -0.937699
-0.443402 -0.645985 -0.932060
-0.422183 -0.663855 -0.925957
-0.400516 -0.681112 -0.919392
-0.378419 -0.697742 -0.912369
-0.355912 -0.713730 -0.904891
-0.333014 -0.729065 -0.896962
-0.309745 -0.743732 -0.888586
-0.286126 -0.757722 -0.879768
-0.262177 -0.771022 -0.870511
-0.237919 -0.783622 -0.860820
-0.213373 -0.795511 -0.850701
-0.188561 -0.806681 -0.840157
-0.163505 -0.817122 -0.829195
-0.138227 -0.826827 -0.817819
-0.112749 -0.835787 -0.806036
-0.087092 -0.843997 -0.793851
-0.061281 -0.851451 -0.781271
-0.035337 -0.858141 -0.768301
-0.009284 -0.864065 -0.754949
0.016856 -0.869218 -0.741220
0.043059 -0.873596 -0.727122
0.069303 -0.877197 -0.712661
0.095563 -0.880019 -0.697846
0.121818 -0.882060 -0.682682
0.148043 -0.883319 -0.667179
0.174215 -0.883798 -0.651343
0.200312 -0.883496 -0.635182
0.226310 -0.882415 -0.618705
0.252185 -0.880557 -0.601919
0.277915 -0.877925 -0.584834
0.303478 -0.874523 -0.567457
0.328849 -0.870354 -0.549797
0.354007 -0.865423 -0.531864
0.378930 -0.859737 -0.513665
0.403594 -0.853300 -0.495210
0.427978 -0.846121 -0.476509
0.452061 -0.838206 -0.457570
0.475819 -0.829564 -0.438403
0.499233 -0.820204 -0.419018
0.522282 -0.810134 -0.399423
0.544944 -0.799365 -0.379630
0.567199 -0.787908 -0.359648
0.589027 -0.775774 -0.339486
0.610409 -0.762975 -0.319155
0.631325 -0.749523 -0.298665
0.651757 -0.735431 -0.278027
0.671685 -0.720713 -0.257249
0.691092 -0.705384 -0.236344
0.709961 -0.689457 -0.215321
0.728274 -0.672947 -0.194190
0.746014 -0.655872 -0.172963
0.763165 -0.638246 -0.151649
0.779712 -0.620087 -0.130260
0.795640 -0.601411 -0.108806
0.810934 -0.582237 -0.087298
0.825579 -0.562582 -0.065746
0.839563 -0.542465 -0.044162
0.852872 -0.521904 -0.022555
0.865494 -0.500919 -0.000938
0.877417 -0.479530 0.020681
0.888631 -0.457756 0.042289
0.899124 -0.435618 0.063875
0.908887 -0.413136 0.085430
0.917910 -0.390331 0.106943
0.926185 -0.367225 0.128402
0.933704 -0.343838 0.149797
0.940459 -0.320193 0.171118
0.946444 -0.296311 0.192353
0.951652 -0.272215 0.213492
0.956079 -0.247927 0.234525
0.959720 -0.223468 0.255441
0.962571 -0.198862 0.276230
0.964628 -0.174132 0.296881
0.965888 -0.149300 0.317384
0.966351 -0.124389 0.337729
0.966015 -0.099422 0.357906
0.964879 -0.074421 0.377905
0.962943 -0.049411 0.397715
0.960209 -0.024414 0.417326
0.956677 0.000548 0.436730
0.952351 0.025451 0.455917
0.947233 0.050272 0.474876
0.941326 0.074989 0.493598
0.934636 0.099580 0.512075
0.927167 0.124020 0.530296
0.918924 0.148289 0.548253
0.909915 0.172364 0.565937
0.900146 0.196222 0.583338
0.889625 0.219843 0.600449
0.878360 0.243204 0.617261
0.866361 0.266285 0.633766
0.853636 0.289063 0.649954
0.840197 0.311519 0.665818
0.826054 0.333632 0.681351
0.811219 0.355381 0.696544
0.795703 0.376746 0.711390
0.779520 0.397709 0.725882
0.762683 0.418250 0.740012
0.745206 0.438351 0.753773
0.727103 0.457992 0.767158
0.708389 0.477157 0.780161
0.689079 0.495827 0.792776
0.669190 0.513987 0.804995
0.648739 0.531618 0.816813
0.627742 0.548705 0.828224
0.606216 0.565233 0.839223
0.584181 0.581186 0.849803
0.561653 0.596550 0.859960
0.538653 0.611311 0.869688
0.515199 0.625456 0.878982
0.491310 0.638971 0.887839
0.467008 0.651845 0.896253
0.442312 0.664065 0.904221
0.417244 0.675621 0.911738
0.391823 0.686502 0.918801
0.366072 0.696697 0.925406
0.340012 0.706199 0.931549
0.313666 0.714998 0.937229
0.287055 0.723086 0.942441
0.260202 0.730456 0.947184
0.233129 0.737101 0.951454
0.205860 0.743016 0.955251
0.178416 0.748194 0.958572
0.150822 0.752630 0.961414
0.123101 0.756322 0.963778
0.095276 0.759266 0.965662
0.067371 0.761459 0.967064
0.039409 0.762898 0.967984
0.011413 0.763583 0.968422
-0.016592 0.763513 0.968378
-0.044584 0.762689 0.967850
-0.072537 0.761110 0.966841
-0.100429 0.758778 0.965350
-0.128237 0.755696 0.963377
-0.155936 0.751866 0.960925
-0.183504 0.747292 0.957993
-0.210917 0.741977 0.954585
-0.238152 0.735927 0.950700
-0.265186 0.729148 0.946342
-0.291996 0.721644 0.941512
-0.318560 0.713424 0.936213
-0.344855 0.704495 0.930448
-0.370859 0.694864 0.924219
-0.396550 0.684540 0.917529
-0.421907 0.673534 0.910382
-0.446909 0.661855 0.902781
-0.471533 0.649513 0.894731
-0.495760 0.636519 0.886234
-0.519570 0.622887 0.877296
-0.542942 0.608627 0.867921
-0.565856 0.593753 0.858113
-0.588294 0.578279 0.847878
-0.610237 0.562219 0.837220
-0.631666 0.545586 0.826145
-0.652563 0.528397 0.814658
-0.672912 0.510667 0.802765
-0.692695 0.492412 0.790472
-0.711895 0.473649 0.777786
-0.730498 0.454395 0.764711
-0.748486 0.434667 0.751256
-0.765846 0.414484 0.737426
-0.782563 0.393863 0.723229
-0.798624 0.372824 0.708671
-0.814014 0.351386 0.693760
-0.828723 0.329568 0.678504
-0.842736 0.307391 0.662909
-0.856044 0.284874 0.646984
-0.868635 0.262038 0.630737
-0.880499 0.238904 0.614175
-0.891627 0.215493 0.597307
-0.902010 0.191827 0.580141
-0.911639 0.167927 0.562687
-0.920507 0.143814 0.544952
-0.928606 0.119512 0.526945
-0.935932 0.095042 0.508676
-0.942478 0.070427 0.490154
-0.948239 0.045689 0.471387
-0.953211 0.020851 0.452385
-0.957390 -0.004065 0.433158
-0.960775 -0.029035 0.413715
-0.963361 -0.054037 0.394065
-0.965149 -0.079047 0.374220
-0.966137 -0.104043 0.354187
-0.966326 -0.129001 0.333979
-0.965715 -0.153899 0.313604
-0.964307 -0.178714 0.293072
-0.962103 -0.203423 0.272395
-0.959106 -0.228004 0.251582
-0.955320 -0.252432 0.230643
-0.950748 -0.276687 0.209590
-0.945395 -0.300745 0.188432
-0.939267 -0.324585 0.167180
-0.932371 -0.348184 0.145845
-0.924711 -0.371520 0.124437
-0.916297 -0.394572 0.102968
-0.907137 -0.417319 0.081447
-0.897238 -0.439739 0.059885
-0.886611 -0.461811 0.038293
-0.875265 -0.483516 0.016683
-0.863212 -0.504832 -0.004936
-0.850462 -0.525739 -0.026553
-0.837027 -0.546220 -0.048156
-0.822920 -0.566253 -0.069735
-0.808153 -0.585820 -0.091280
-0.792742 -0.604904 -0.112779
-0.776698 -0.623485 -0.134221
-0.760038 -0.641547 -0.155597
-0.742777 -0.659072 -0.176896
-0.724929 -0.676044 -0.198106
-0.706513 -0.692447 -0.219217
-0.687543 -0.708264 -0.240220
-0.668038 -0.723482 -0.261102
-0.648015 -0.738085 -0.281855
-0.627493 -0.752060 -0.302467
-0.606489 -0.765392 -0.322928
-0.585023 -0.778069 -0.343228
-0.563114 -0.790079 -0.363357
-0.540782 -0.801409 -0.383306
-0.518047 -0.812049 -0.403063
-0.494930 -0.821989 -0.422619
-0.471450 -0.831217 -0.441965
-0.447630 -0.839725 -0.461090
-0.423490 -0.847505 -0.479986
-0.399053 -0.854547 -0.498643
-0.374339 -0.860845 -0.517051
-0.349371 -0.866392 -0.535201
-0.324172 -0.871182 -0.553085
-0.298764 -0.875210 -0.570693
-0.273168 -0.878470 -0.588016
-0.247410 -0.880959 -0.605047
-0.221510 -0.882673 -0.621776
-0.195492 -0.883610 -0.638195
-0.169380 -0.883768 -0.654296
-0.143196 -0.883145 -0.670072
-0.116963 -0.881741 -0.685513
-0.090706 -0.879555 -0.700612
-0.064447 -0.876590 -0.715363
-0.038209 -0.872845 -0.729757
-0.012016 -0.868323 -0.743787
0.014110 -0.863028 -0.757447
0.040145 -0.856962 -0.770729
0.066066 -0.850129 -0.783627
0.091850 -0.842536 -0.796135
0.117475 -0.834186 -0.808246
0.142918 -0.825088 -0.819954
0.168157 -0.815246 -0.831253
0.193169 -0.804669 -0.842139
0.217934 -0.793366 -0.852604
0.242428 -0.781344 -0.862645
0.266630 -0.768614 -0.872256
0.290520 -0.755186 -0.881432
0.314076 -0.741070 -0.890169
0.337277 -0.726278 -0.898462
0.360105 -0.710822 -0.906308
0.382537 -0.694714 -0.913702
0.404556 -0.677967 -0.920641
0.426142 -0.660596 -0.927120
0.447276 -0.642614 -0.933138
0.467940 -0.624037 -0.938691
0.488116 -0.604879 -0.943776
0.507786 -0.585156 -0.948391
0.526933 -0.564886 -0.952533
0.545542 -0.544084 -0.956200
0.563595 -0.522769 -0.959391
0.581078 -0.500958 -0.962104
0.597976 -0.478668 -0.964337
0.614273 -0.455920 -0.966090
0.629956 -0.432732 -0.967362
0.645012 -0.409123 -0.968151
0.659429 -0.385114 -0.968458
0.673192 -0.360725 -0.968282
0.686292 -0.335976 -0.967624
0.698717 -0.310888 -0.966483
0.710457 -0.285482 -0.964861
0.721502 -0.259781 -0.962758
0.731842 -0.233805 -0.960176
0.741470 -0.207577 -0.957114
0.750378 -0.181120 -0.953576
0.758557 -0.154454 -0.949563
0.766003 -0.127605 -0.945076
0.772708 -0.100593 -0.940119
0.778668 -0.073443 -0.934693
0.783879 -0.046177 -0.928801
0.788335 -0.018818 -0.922447
0.792035 0.008609 -0.915632
0.794975 0.036082 -0.908362
0.797154 0.063578 -0.900638
0.798570 0.091071 -0.892466
0.799224 0.118540 -0.883849
0.799116 0.145961 -0.874792
0.798246 0.173309 -0.865299
0.796616 0.200562 -0.855374
0.794228 0.227697 -0.845024
0.791086 0.254689 -0.834252
0.787193 0.281516 -0.823064
0.782553 0.308155 -0.811467
0.777172 0.334583 -0.799465
0.771055 0.360777 -0.787064
0.764208 0.386715 -0.774272
0.756639 0.412374 -0.761093
0.748355 0.437733 -0.747535
0.739365 0.462769 -0.733605
0.729677 0.487461 -0.719309
0.719301 0.511788 -0.704655
0.708247 0.535729 -0.689649
0.696526 0.559263 -0.674300
0.684150 0.582370 -0.658615
0.671130 0.605030 -0.642601
0.657479 0.627223 -0.626268
0.643210 0.648931 -0.609622
0.628337 0.670135 -0.592672
0.612873 0.690816 -0.575428
0.596835 0.710956 -0.557896
0.580236 0.730539 -0.540086
0.563094 0.749547 -0.522008
0.545423 0.767964 -0.503669
0.527241 0.785774 -0.485079
0.508565 0.802962 -0.466247
0.489413 0.819512 -0.447183
0.469803 0.835411 -0.427896
0.449753 0.850645 -0.408396
0.429281 0.865200 -0.388693
0.408409 0.879065 -0.368795
0.387154 0.892226 -0.348714
0.365537 0.904674 -0.328459
0.343578 0.916396 -0.308041
0.321299 0.927383 -0.287469
0.298719 0.937626 -0.266754
0.275859 0.947115 -0.245905
0.252742 0.955843 -0.224935
0.229389 0.963801 -0.203852
0.205822 0.970983 -0.182667
0.182062 0.977383 -0.161392
0.158132 0.982995 -0.140036
0.134055 0.987814 -0.118610
0.109852 0.991837 -0.097125
0.085547 0.995059 -0.075592
0.061162 0.997478 -0.054021
0.036720 0.999092 -0.032424
0.012244 0.999899 -0.010810
-0.012244 0.999899 0.010810
-0.036720 0.999092 0.032424
-0.061162 0.997478 0.054021
-0.085547 0.995059 0.075592
-0.109852 0.991837 0.097125
-0.134055 0.987814 0.118610
-0.158132 0.982995 0.140036
-0.182062 0.977383 0.161392
-0.205822 0.970983 0.182667
-0.229389 0.963801 0.203852
-0.252742 0.955843 0.224935
-0.275859 0.947115 0.245905
-0.298719 0.937626 0.266754
-0.321299 0.927383 0.287469
-0.343578 0.916396 0.308041
-0.365537 0.904674 0.328459
-0.387154 0.892226 0.348714
-0.408409 0.879065 0.368795
-0.429281 0.865200 0.388693
-0.449753 0.850645 0.408396
-0.469803 0.835411 0.427896
-0.489413 0.819512 0.447183
-0.508565 0.802962 0.466247
-0.527241 0.785774 0.485079
-0.545423 0.767964 0.503669
-0.563094 0.749547 0.522008
-0.580236 0.730539 0.540086
-0.596835 0.710956 0.557896
-0.612873 0.690816 0.575428
-0.628337 0.670135 0.592672
-0.643210 0.648931 0.609622
-0.657479 0.627223 0.626268
-0.671130 0.605030 0.642601
-0.684150 0.582370 0.658615
-0.696526 0.559263 0.674300
-0.708247 0.535729 0.689649
-0.719301 0.511788 0.704655
-0.729677 0.487461 0.719309
-0.739365 0.462769 0.733605
-0.748355 0.437733 0.747535
-0.756639 0.412374 0.761093
-0.764208 0.386715 0.774272
-0.771055 0.360777 0.787064
-0.777172 0.334583 0.799465
-0.782553 0.308155 0.811467
-0.787193 0.281516 0.823064
-0.791086 0.254689 0.834252
-0.794228 0.227697 0.845024
-0.796616 0.200562 0.855374
-0.798246 0.173309 0.865299
-0.799116 0.145961 0.874792
-0.799224 0.118540 0.883849
-0.798570 0.091071 0.892466
-0.797154 0.063578 0.900638
-0.794975 0.036082 0.908362
-0.792035 0.008609 0.915632
-0.788335 -0.018818 0.922447
-0.783879 -0.046177 0.928801
-0.778668 -0.073443 0.934693
-0.772708 -0.100593 0.940119
-0.766003 -0.127605 0.945076
-0.758557 -0.154454 0.949563
-0.750378 -0.181120 0.953576
-0.741470 -0.207577 0.957114
-0.731842 -0.233805 0.960176
-0.721502 -0.259781 0.962758
-0.710457 -0.285482 0.964861
-0.698717 -0.310888 0.966483
-0.686292 -0.335976 0.967624
-0.673192 -0.360725 0.968282
-0.659429 -0.385114 0.968458
-0.645012 -0.409123 0.968151
-0.629956 -0.432732 0.967362
-0.614273 -0.455920 0.966090
-0.597976 -0.478668 0.964337
-0.581078 -0.500958 0.962104
-0.563595 -0.522769 0.959391
-0.545542 -0.544084 0.956200
-0.526933 -0.564886 0.952533
-0.507786 -0.585156 0.948391
-0.488116 -0.604879 0.943776
-0.467940 -0.624037 0.938691
-0.447276 -0.642614 0.933138
-0.426142 -0.660596 0.927120
-0.404556 -0.677967 0.920641
-0.382537 -0.694714 0.913702
-0.360105 -0.710822 0.906308
-0.337277 -0.726278 0.898462
-0.314076 -0.741070 0.890169
-0.290520 -0.755186 0.881432
-0.266630 -0.768614 0.872256
-0.242428 -0.781344 0.862645
-0.217934 -0.793366 0.852604
-0.193169 -0.804669 0.842139
-0.168157 -0.815246 0.831253
-0.142918 -0.825088 0.819954
-0.117475 -0.834186 0.808246
-0.091850 -0.842536 0.796135
-0.066066 -0.850129 0.783627
-0.040145 -0.856962 0.770729
-0.014110 -0.863028 0.757447
0.012016 -0.868323 0.743787
0.038209 -0.872845 0.729757
0.064447 -0.876590 0.715363
0.090706 -0.879555 0.700612
0.116963 -0.881741 0.685513
0.143196 -0.883145 0.670072
0.169380 -0.883768 0.654296
0.195492 -0.883610 0.638195
0.221510 -0.882673 0.621776
0.247410 -0.880959 0.605047
0.273168 -0.878470 0.588016
0.298764 -0.875210 0.570693
0.324172 -0.871182 0.553085
0.349371 -0.866392 0.535201
0.374339 -0.860845 0.517051
0.399053 -0.854547 0.498643
0.423490 -0.847505 0.479986
0.447630 -0.839725 0.461090
0.471450 -0.831217 0.441965
0.494930 -0.821989 0.422619
0.518047 -0.812049 0.403063
0.540782 -0.801409 0.383306
0.563114 -0.790079 0.363357
0.585023 -0.778069 0.343228
0.606489 -0.765392 0.322928
0.627493 -0.752060 0.302467
0.648015 -0.738085 0.281855
0.668038 -0.723482 0.261102
0.687543 -0.708264 0.240220
0.706513 -0.692447 0.219217
0.724929 -0.676044 0.198106
0.742777 -0.659072 0.176896
0.760038 -0.641547 0.155597
0.776698 -0.623485 0.134221
0.792742 -0.604904 0.112779
0.808153 -0.585820 0.091280
0.822920 -0.566253 0.069735
0.837027 -0.546220 0.048156
0.850462 -0.525739 0.026553
0.863212 -0.504832 0.004936
0.875265 -0.483516 -0.016683
0.886611 -0.461811 -0.038293
0.897238 -0.439739 -0.059885
0.907137 -0.417319 -0.081447
0.916297 -0.394572 -0.102968
0.924711 -0.371520 -0.124437
0.932371 -0.348184 -0.145845
0.939267 -0.324585 -0.167180
0.945395 -0.300745 -0.188432
0.950748 -0.276687 -0.209590
0.955320 -0.252432 -0.230643
0.959106 -0.228004 -0.251582
0.962103 -0.203423 -0.272395
0.964307 -0.178714 -0.293072
0.965715 -0.153899 -0.313604
0.966326 -0.129001 -0.333979
0.966137 -0.104043 -0.354187
0.965149 -0.079047 -0.374220
0.963361 -0.054037 -0.394065
0.960775 -0.029035 -0.413715
0.957390 -0.004065 -0.433158
0.953211 0.020851 -0.452385
0.948239 0.045689 -0.471387
0.942478 0.070427 -0.490154
0.935932 0.095042 -0.508676
0.928606 0.119512 -0.526945
0.920507 0.143814 -0.544952
0.911639 0.167927 -0.562687
0.902010 0.191827 -0.580141
0.891627 0.215493 -0.597307
0.880499 0.238904 -0.614175
0.868635 0.262038 -0.630737
0.856044 0.284874 -0.646984
0.842736 0.307391 -0.662909
0.828723 0.329568 -0.678504
0.814014 0.351386 -0.693760
0.798624 0.372824 -0.708671
0.782563 0.393863 -0.723229
0.765846 0.414484 -0.737426
0.748486 0.434667 -0.751256
0.730498 0.454395 -0.764711
0.711895 0.473649 -0.777786
0.692695 0.492412 -0.790472
0.672912 0.510667 -0.802765
0.652563 0.528397 -0.814658
0.631666 0.545586 -0.826145
0.610237 0.562219 -0.837220
0.588294 0.578279 -0.847878
0.565856 0.593753 -0.858113
0.542942 0.608627 -0.867921
0.519570 0.622887 -0.877296
0.495760 0.636519 -0.886234
0.471533 0.649513 -0.894731
0.446909 0.661855 -0.902781
0.421907 0.673534 -0.910382
0.396550 0.684540 -0.917529
0.370859 0.694864 -0.924219
0.344855 0.704495 -0.930448
0.318560 0.713424 -0.936213
0.291996 0.721644 -0.941512
0.265186 0.729148 -0.946342
0.238152 0.735927 -0.950700
0.210917 0.741977 -0.954585
0.183504 0.747292 -0.957993
0.155936 0.751866 -0.960925
0.128237 0.755696 -0.963377
0.100429 0.758778 -0.965350
0.072537 0.761110 -0.966841
0.044584 0.762689 -0.967850
0.016592 0.763513 -0.968378
-0.011413 0.763583 -0.968422
-0.039409 0.762898 -0.967984
-0.067371 0.761459 -0.967064
-0.095276 0.759266 -0.965662
-0.123101 0.756322 -0.963778
-0.150822 0.752630 -0.961414
-0.178416 0.748194 -0.958572
-0.205860 0.743016 -0.955251
-0.233129 0.737101 -0.951454
-0.260202 0.730456 -0.947184
-0.287055 0.723086 -0.942441
-0.313666 0.714998 -0.937229
-0.340012 0.706199 -0.931549
-0.366072 0.696697 -0.925406
-0.391823 0.686502 -0.918801
-0.417244 0.675621 -0.911738
-0.442312 0.664065 -0.904221
-0.467008 0.651845 -0.896253
-0.491310 0.638971 -0.887839
-0.515199 0.625456 -0.878982
-0.538653 0.611311 -0.869688
-0.561653 0.596550 -0.859960
-0.584181 0.581186 -0.849803
-0.606216 0.565233 -0.839223
-0.627742 0.548705 -0.828224
-0.648739 0.531618 -0.816813
-0.669190 0.513987 -0.804995
-0.689079 0.495827 -0.792776
-0.708389 0.477157 -0.780161
-0.727103 0.457992 -0.767158
-0.745206 0.438351 -0.753773
-0.762683 0.418250 -0.740012
-0.779520 0.397709 -0.725882
-0.795703 0.376746 -0.711390
-0.811219 0.355381 -0.696544
-0.826054 0.333632 -0.681351
-0.840197 0.311519 -0.665818
-0.853636 0.289063 -0.649954
-0.866361 0.266285 -0.633766
-0.878360 0.243204 -0.617261
-0.889625 0.219843 -0.600449
-0.900146 0.196222 -0.583338
-0.909915 0.172364 -0.565937
-0.918924 0.148289 -0.548253
-0.927167 0.124020 -0.530296
-0.934636 0.099580 -0.512075
-0.941326 0.074989 -0.493598
-0.947233 0.050272 -0.474876
-0.952351 0.025451 -0.455917
-0.956677 0.000548 -0.436730
-0.960209 -0.024414 -0.417326
-0.962943 -0.049411 -0.397715
-0.964879 -0.074421 -0.377905
-0.966015 -0.099422 -0.357906
-0.966351 -0.124389 -0.337729
-0.965888 -0.149300 -0.317384
-0.964628 -0.174132 -0.296881
-0.962571 -0.198862 -0.276230
-0.959720 -0.223468 -0.255441
-0.956079 -0.247927 -0.234525
-0.951652 -0.272215 -0.213492
-0.946444 -0.296311 -0.192353
-0.940459 -0.320193 -0.171118
-0.933704 -0.343838 -0.149797
-0.926185 -0.367225 -0.128402
-0.917910 -0.390331 -0.106943
-0.908887 -0.413136 -0.085430
-0.899124 -0.435618 -0.063875
-0.888631 -0.457756 -0.042289
-0.877417 -0.479530 -0.020681
-0.865494 -0.500919 0.000938
-0.852872 -0.521904 0.022555
-0.839563 -0.542465 0.044162
-0.825579 -0.562582 0.065746
-0.810934 -0.582237 0.087298
-0.795640 -0.601411 0.108806
-0.779712 -0.620087 0.130260
-0.763165 -0.638246 0.151649
-0.746014 -0.655872 0.172963
-0.728274 -0.672947 0.194190
-0.709961 -0.689457 0.215321
-0.691092 -0.705384 0.236344
-0.671685 -0.720713 0.257249
-0.651757 -0.735431 0.278027
-0.631325 -0.749523 0.298665
-0.610409 -0.762975 0.319155
-0.589027 -0.775774 0.339486
-0.567199 -0.787908 0.359648
-0.544944 -0.799365 0.379630
-0.522282 -0.810134 0.399423
-0.499233 -0.820204 0.419018
-0.475819 -0.829564 0.438403
-0.452061 -0.838206 0.457570
-0.427978 -0.846121 0.476509
-0.403594 -0.853300 0.495210
-0.378930 -0.859737 0.513665
-0.354007 -0.865423 0.531864
-0.328849 -0.870354 0.549797
-0.303478 -0.874523 0.567457
-0.277915 -0.877925 0.584834
-0.252185 -0.880557 0.601919
-0.226310 -0.882415 0.618705
-0.200312 -0.883496 0.635182
-0.174215 -0.883798 0.651343
-0.148043 -0.883319 0.667179
-0.121818 -0.882060 0.682682
-0.095563 -0.880019 0.697846
-0.069303 -0.877197 0.712661
-0.043059 -0.873596 0.727122
-0.016856 -0.869218 0.741220
0.009284 -0.864065 0.754949
0.035337 -0.858141 0.768301
0.061281 -0.851451 0.781271
0.087092 -0.843997 0.793851
0.112749 -0.835787 0.806036
0.138227 -0.826827 0.817819
0.163505 -0.817122 0.829195
0.188561 -0.806681 0.840157
0.213373 -0.795511 0.850701
0.237919 -0.783622 0.860820
0.262177 -0.771022 0.870511
0.286126 -0.757722 0.879768
0.309745 -0.743732 0.888586
0.333014 -0.729065 0.896962
0.355912 -0.713730 0.904891
0.378419 -0.697742 0.912369
0.400516 -0.681112 0.919392
0.422183 -0.663855 0.925957
0.443402 -0.645985 0.932060
0.464154 -0.627517 0.937699
0.484422 -0.608465 0.942871
0.504187 -0.588846 0.947573
0.523432 -0.568676 0.951803
0.542142 -0.547971 0.955558
0.560299 -0.526749 0.958837
0.577889 -0.505028 0.961638
0.594895 -0.482826 0.963961
0.611305 -0.460161 0.965802
0.627103 -0.437053 0.967163
0.642290 -0.413495 0.968041
0.656892 -0.389430 0.968428
0.670923 -0.364795 0.968303
0.684362 -0.339576 0.967632
0.697170 -0.313787 0.966379
0.709308 -0.287445 0.964511
0.720735 -0.260572 0.961994
0.731411 -0.233194 0.958797
0.741298 -0.205339 0.954887
0.750356 -0.177040 0.950237
0.758546 -0.148335 0.944819
0.765833 -0.119264 0.938606
0.772180 -0.089872 0.931577
0.777554 -0.060206 0.923709
0.781923 -0.030318 0.914985
0.785258 -0.000261 0.905388
0.787533 0.029906 0.894905
0.788723 0.060123 0.883526
0.788809 0.090327 0.871245
0.787773 0.120454 0.858057
0.785603 0.150436 0.843962
0.782288 0.180206 0.828961
0.777822 0.209693 0.813063
0.772206 0.238827 0.796275
0.765440 0.267536 0.778610
0.757533 0.295751 0.760085
0.748497 0.323399 0.740720
0.738346 0.350412 0.720538
0.727102 0.376719 0.699564
0.714789 0.402254 0.677828
0.701436 0.426951 0.655362
0.687076 0.450747 0.632202
0.671747 0.473582 0.608386
0.655489 0.495398 0.583954
0.638348 0.516141 0.558949
0.620370 0.535762 0.533417
0.601608 0.554215 0.507404
0.582114 0.571456 0.480959
0.561947 0.587451 0.454132
0.541164 0.602165 0.426976
0.519826 0.615573 0.399541
0.497995 0.627650 0.371882
0.475735 0.638382 0.344052
0.453109 0.647755 0.316105
0.430183 0.655764 0.288093
0.407020 0.662406 0.260071
0.383685 0.667687 0.232091
0.360241 0.671616 0.204203
0.336752 0.674206 0.176460
0.313278 0.675478 0.148910
0.289878 0.675456 0.121601
0.266612 0.674167 0.094578
0.243533 0.671645 0.067886
0.220696 0.667928 0.041566
0.198149 0.663054 0.015658
0.175942 0.657070 -0.009800
0.154118 0.650022 -0.034775
0.132718 0.641961 -0.059234
0.111780 0.632938 -0.083148
0.091339 0.623010 -0.106489
0.071425 0.612233 -0.129234
0.052068 0.600666 -0.151361
0.033289 0.588367 -0.172852
0.015111 0.575397 -0.193690
-0.002449 0.561816 -0.213862
-0.019378 0.547687 -0.233358
-0.035664 0.533069 -0.252168
-0.051300 0.518023 -0.270288
-0.066281 0.502609 -0.287714
-0.080605 0.486885 -0.304443
-0.094273 0.470910 -0.320478
-0.107289 0.454739 -0.335820
-0.119657 0.438428 -0.350474
-0.131386 0.422028 -0.364446
-0.142485 0.405592 -0.377743
-0.152966 0.389168 -0.390375
-0.162841 0.372803 -0.402352
-0.172125 0.356540 -0.413685
-0.180834 0.340423 -0.424386
-0.188984 0.324490 -0.434468
-0.196592 0.308778 -0.443945
-0.203676 0.293322 -0.452832
-0.210255 0.278153 -0.461141
-0.216347 0.263301 -0.468890
-0.221972 0.248792 -0.476091
-0.227148 0.234650 -0.482761
-0.231894 0.220896 -0.488915
-0.236230 0.207550 -0.494567
-0.240172 0.194627 -0.499732
-0.243739 0.182143 -0.504425
-0.246949 0.170107 -0.508660
-0.249819 0.158531 -0.512450
-0.252365 0.147421 -0.515808
-0.254601 0.136782 -0.518748
-0.256545 0.126617 -0.521283
-0.258209 0.116927 -0.523422
-0.259608 0.107712 -0.525179
-0.260753 0.098970 -0.526564
-0.261658 0.090695 -0.527587
-0.262350 0.082885 -0.528291
-0.262855 0.075531 -0.528718
-0.263132 0.068622 -0.528772
-0.263104 0.062145 -0.528290
-0.262745 0.056090 -0.527212
-0.262064 0.050449 -0.525546
-0.261068 0.045213 -0.523300
-0.259765 0.040369 -0.520482
-0.258161 0.035905 -0.517099
-0.256263 0.031807 -0.513159
-0.254078 0.028060 -0.508671
-0.251611 0.024646 -0.503642
-0.248869 0.021550 -0.498081
-0.245857 0.018754 -0.491995
-0.242581 0.016240 -0.485394
-0.239046 0.013989 -0.478286
-0.235258 0.011985 -0.470679
-0.231222 0.010210 -0.462584
-0.226944 0.008644 -0.454009
-0.222429 0.007272 -0.444963
-0.217682 0.006077 -0.435459
-0.212709 0.005041 -0.425504
-0.207516 0.004150 -0.415111
-0.202108 0.003389 -0.404290
-0.196492 0.002743 -0.393053
-0.190673 0.002200 -0.381411
-0.184657 0.001747 -0.369377
-0.178452 0.001372 -0.356963
-0.172063 0.001065 -0.344182
-0.165496 0.000816 -0.331047
-0.158760 0.000616 -0.317572
-0.151860 0.000459 -0.303770
-0.144805 0.000336 -0.289657
-0.137600 0.000241 -0.275245
-0.130254 0.000169 -0.260551
-0.122774 0.000116 -0.245589
-0.115168 0.000078 -0.230374
-0.107444 0.000051 -0.214923
-0.099609 0.000032 -0.199251
-0.091672 0.000019 -0.183375
-0.083641 0.000011 -0.167310
-0.075524 0.000006 -0.151072
-0.067329 0.000003 -0.134680
-0.059065 0.000001 -0.118149
-0.050740 0.000001 -0.101497
-0.042364 0.000000 -0.084741
-0.033943 0.000000 -0.067898
-0.025488 0.000000 -0.050984
-0.017007 0.000000 -0.034019
-0.008508 0.000000 -0.017018
0.000000 0.000000 0.000000
##END
