##TITLE= dor_2
##JCAMP-DX= 5.00 Bruker JCAMP library
##DATA TYPE= Shape Data
##ORIGIN= Bruker Analytik GmbH
##OWNER= <nmrsu>
##DATE= 2025-02-28
##TIME= 15:41:50
##MINX= 0
##MAXX= 1
##MINY= 0
##MAXY= 1
##$SHAPE_EXMODE= Gradient
##$SHAPE_TOTROT= 0
##$SHAPE_BWFAC= 0
##$SHAPE_INTEGFAC= 0
##$SHAPE_MODE= 0
##EFFIFACTOR=0.0015308
##DURATION=0.01
##DIRECTIONVEC= 0 0 1
##NPOINTS=1000
##XYDATA= (X Y Z)
0.000000 0.000000 0.000000
0.011808 0.000000 0.023620
0.023604 0.000000 0.047216
0.035376 0.000000 0.070763
0.047111 0.000000 0.094237
0.058798 0.000000 0.117615
0.070424 0.000001 0.140871
0.081978 0.000001 0.163983
0.093448 0.000003 0.186927
0.104822 0.000006 0.209678
0.116088 0.000011 0.232214
0.127235 0.000019 0.254512
0.138251 0.000032 0.276547
0.149125 0.000051 0.298299
0.159846 0.000078 0.319744
0.170403 0.000116 0.340861
0.180784 0.000169 0.361627
0.190980 0.000241 0.382022
0.200979 0.000336 0.402024
0.210772 0.000459 0.421613
0.220348 0.000616 0.440768
0.229698 0.000816 0.459471
0.238812 0.001064 0.477702
0.247680 0.001372 0.495441
0.256293 0.001746 0.512672
0.264643 0.002200 0.529375
0.272720 0.002743 0.545534
0.280517 0.003389 0.561132
0.288024 0.004150 0.576153
0.295234 0.005041 0.590581
0.302140 0.006076 0.604402
0.308733 0.007272 0.617600
0.315007 0.008644 0.630162
0.320954 0.010209 0.642074
0.326567 0.011985 0.653324
0.331840 0.013989 0.663899
0.336765 0.016239 0.673788
0.341337 0.018753 0.682979
0.345548 0.021550 0.691462
0.349393 0.024646 0.699227
0.352866 0.028060 0.706265
0.355959 0.031808 0.712565
0.358667 0.035907 0.718121
0.360983 0.040372 0.722922
0.362901 0.045217 0.726963
0.364414 0.050455 0.730235
0.365516 0.056099 0.732732
0.366200 0.062158 0.734448
0.366458 0.068640 0.735376
0.366331 0.075556 0.735605
0.365931 0.082918 0.735369
0.365321 0.090739 0.734805
0.364471 0.099028 0.733865
0.363348 0.107788 0.732496
0.361943 0.117024 0.730692
0.360246 0.126741 0.728447
0.358246 0.136939 0.725756
0.355932 0.147619 0.722611
0.353291 0.158780 0.719007
0.350313 0.170417 0.714937
0.346983 0.182526 0.710395
0.343290 0.195098 0.705374
0.339219 0.208126 0.699868
0.334756 0.221597 0.693869
0.329887 0.235499 0.687371
0.324598 0.249815 0.680368
0.318873 0.264528 0.672852
0.312699 0.279619 0.664818
0.306061 0.295065 0.656260
0.298943 0.310842 0.647170
0.291331 0.326924 0.637544
0.283212 0.343282 0.627376
0.274572 0.359886 0.616661
0.265397 0.376704 0.605395
0.255674 0.393700 0.593574
0.245394 0.410839 0.581194
0.234544 0.428081 0.568253
0.223116 0.445388 0.554750
0.211100 0.462715 0.540683
0.198490 0.480022 0.526053
0.185281 0.497262 0.510861
0.171468 0.514390 0.495109
0.157050 0.531358 0.478800
0.142026 0.548119 0.461939
0.126398 0.564623 0.444532
0.110170 0.580822 0.426587
0.093348 0.596665 0.408111
0.075941 0.612102 0.389116
0.057959 0.627083 0.369613
0.039415 0.641560 0.349615
0.020325 0.655481 0.329137
0.000707 0.668800 0.308195
-0.019418 0.681469 0.286807
-0.040028 0.693440 0.264992
-0.061096 0.704671 0.242773
-0.082596 0.715116 0.220170
-0.104496 0.724735 0.197209
-0.126764 0.733489 0.173914
-0.149365 0.741340 0.150312
-0.172262 0.748255 0.126432
-0.195417 0.754202 0.102303
-0.218789 0.759152 0.077955
-0.242336 0.763080 0.053420
-0.266013 0.765964 0.028731
-0.289777 0.767784 0.003920
-0.313581 0.768525 -0.020978
-0.337378 0.768175 -0.045929
-0.361122 0.766726 -0.070897
-0.384764 0.764174 -0.095847
-0.408256 0.760518 -0.120744
-0.431552 0.755761 -0.145553
-0.454603 0.749910 -0.170237
-0.477364 0.742976 -0.194761
-0.499787 0.734973 -0.219092
-0.521830 0.725918 -0.243195
-0.543447 0.715833 -0.267036
-0.564598 0.704743 -0.290583
-0.585242 0.692675 -0.313804
-0.605342 0.679661 -0.336670
-0.624861 0.665734 -0.359150
-0.643766 0.650931 -0.381219
-0.662026 0.635291 -0.402848
-0.679613 0.618855 -0.424014
-0.696501 0.601666 -0.444694
-0.712668 0.583768 -0.464866
-0.728093 0.565210 -0.484512
-0.742760 0.546037 -0.503615
-0.756655 0.526299 -0.522159
-0.769768 0.506045 -0.540131
-0.782091 0.485325 -0.557521
-0.793621 0.464189 -0.574318
-0.804354 0.442687 -0.590518
-0.814294 0.420868 -0.606115
-0.823446 0.398782 -0.621107
-0.831815 0.376477 -0.635493
-0.839413 0.354000 -0.649276
-0.846253 0.331397 -0.662460
-0.852350 0.308712 -0.675051
-0.857722 0.285988 -0.687057
-0.862388 0.263267 -0.698488
-0.866372 0.240588 -0.709356
-0.869696 0.217987 -0.719675
-0.872386 0.195499 -0.729462
-0.874470 0.173156 -0.738732
-0.875976 0.150988 -0.747507
-0.876934 0.129022 -0.755805
-0.877374 0.107283 -0.763649
-0.877329 0.085792 -0.771063
-0.876829 0.064568 -0.778071
-0.875898 0.043592 -0.784721
-0.874534 0.022768 -0.791097
-0.872722 0.002000 -0.797275
-0.870457 -0.018739 -0.803276
-0.867738 -0.039437 -0.809100
-0.864568 -0.060084 -0.814744
-0.860947 -0.080671 -0.820207
-0.856878 -0.101188 -0.825489
-0.852361 -0.121624 -0.830589
-0.847399 -0.141969 -0.835504
-0.841995 -0.162213 -0.840234
-0.836150 -0.182347 -0.844778
-0.829868 -0.202360 -0.849135
-0.823150 -0.222243 -0.853304
-0.816002 -0.241985 -0.857284
-0.808424 -0.261578 -0.861074
-0.800423 -0.281012 -0.864673
-0.792000 -0.300276 -0.868081
-0.783160 -0.319363 -0.871296
-0.773908 -0.338261 -0.874319
-0.764247 -0.356963 -0.877147
-0.754182 -0.375459 -0.879782
-0.743719 -0.393739 -0.882222
-0.732861 -0.411795 -0.884466
-0.721615 -0.429619 -0.886514
-0.709986 -0.447201 -0.888367
-0.697978 -0.464533 -0.890022
-0.685599 -0.481606 -0.891480
-0.672854 -0.498412 -0.892741
-0.659749 -0.514943 -0.893804
-0.646290 -0.531191 -0.894669
-0.632485 -0.547147 -0.895336
-0.618339 -0.562805 -0.895804
-0.603859 -0.578156 -0.896075
-0.589053 -0.593193 -0.896146
-0.573928 -0.607909 -0.896019
-0.558491 -0.622297 -0.895694
-0.542750 -0.636349 -0.895171
-0.526712 -0.650059 -0.894449
-0.510385 -0.663420 -0.893529
-0.493776 -0.676426 -0.892411
-0.476895 -0.689071 -0.891095
-0.459750 -0.701347 -0.889582
-0.442348 -0.713250 -0.887872
-0.424698 -0.724774 -0.885966
-0.406809 -0.735913 -0.883863
-0.388690 -0.746662 -0.881564
-0.370348 -0.757015 -0.879071
-0.351795 -0.766968 -0.876382
-0.333038 -0.776516 -0.873499
-0.314086 -0.785654 -0.870423
-0.294949 -0.794379 -0.867154
-0.275637 -0.802685 -0.863693
-0.256158 -0.810569 -0.860041
-0.236523 -0.818028 -0.856198
-0.216740 -0.825057 -0.852166
-0.196820 -0.831654 -0.847945
-0.176773 -0.837816 -0.843536
-0.156607 -0.843539 -0.838940
-0.136334 -0.848820 -0.834159
-0.115963 -0.853659 -0.829192
-0.095504 -0.858052 -0.824042
-0.074966 -0.861997 -0.818710
-0.054362 -0.865493 -0.813196
-0.033699 -0.868538 -0.807502
-0.012989 -0.871130 -0.801629
0.007759 -0.873270 -0.795579
0.028534 -0.874956 -0.789352
0.049325 -0.876187 -0.782951
0.070124 -0.876962 -0.776376
0.090919 -0.877283 -0.769629
0.111700 -0.877149 -0.762712
0.132457 -0.876559 -0.755626
0.153180 -0.875516 -0.748372
0.173859 -0.874019 -0.740953
0.194483 -0.872069 -0.733370
0.215043 -0.869668 -0.725624
0.235528 -0.866817 -0.717717
0.255927 -0.863518 -0.709652
0.276232 -0.859773 -0.701429
0.296432 -0.855583 -0.693051
0.316517 -0.850951 -0.684520
0.336478 -0.845880 -0.675837
0.356304 -0.840373 -0.667004
0.375985 -0.834432 -0.658023
0.395512 -0.828060 -0.648897
0.414876 -0.821262 -0.639627
0.434066 -0.814040 -0.630215
0.453074 -0.806399 -0.620664
0.471889 -0.798342 -0.610975
0.490503 -0.789874 -0.601151
0.508907 -0.781000 -0.591194
0.527091 -0.771723 -0.581106
0.545046 -0.762050 -0.570889
0.562764 -0.751984 -0.560546
0.580236 -0.741532 -0.550078
0.597453 -0.730698 -0.539489
0.614407 -0.719489 -0.528780
0.631089 -0.707909 -0.517954
0.647492 -0.695966 -0.507014
0.663606 -0.683666 -0.495961
0.679424 -0.671014 -0.484798
0.694939 -0.658017 -0.473528
0.710142 -0.644683 -0.462153
0.725027 -0.631018 -0.450675
0.739585 -0.617029 -0.439098
0.753809 -0.602723 -0.427424
0.767694 -0.588107 -0.415655
0.781231 -0.573190 -0.403794
0.794414 -0.557979 -0.391843
0.807236 -0.542482 -0.379805
0.819692 -0.526707 -0.367684
0.831775 -0.510661 -0.355481
0.843479 -0.494354 -0.343199
0.854798 -0.477793 -0.330842
0.865727 -0.460987 -0.318411
0.876260 -0.443945 -0.305909
0.886392 -0.426676 -0.293340
0.896119 -0.409187 -0.280706
0.905435 -0.391490 -0.268009
0.914335 -0.373591 -0.255253
0.922816 -0.355501 -0.242441
0.930873 -0.337229 -0.229575
0.938502 -0.318784 -0.216658
0.945699 -0.300176 -0.203694
0.952461 -0.281415 -0.190684
0.958785 -0.262509 -0.177631
0.964667 -0.243468 -0.164540
0.970104 -0.224303 -0.151412
0.975094 -0.205023 -0.138250
0.979635 -0.185639 -0.125058
0.983724 -0.166159 -0.111838
0.987358 -0.146594 -0.098594
0.990537 -0.126954 -0.085327
0.993259 -0.107249 -0.072042
0.995521 -0.087489 -0.058741
0.997324 -0.067684 -0.045427
0.998667 -0.047845 -0.032102
0.999548 -0.027981 -0.018771
0.999967 -0.008103 -0.005435
0.999924 0.011780 0.007902
0.999420 0.031656 0.021237
0.998453 0.051516 0.034567
0.997026 0.071350 0.047890
0.995138 0.091147 0.061202
0.992790 0.110898 0.074501
0.989984 0.130591 0.087783
0.986720 0.150218 0.101045
0.983001 0.169768 0.114285
0.978829 0.189231 0.127500
0.974205 0.208598 0.140687
0.969132 0.227857 0.153843
0.963612 0.247000 0.166964
0.957648 0.266016 0.180048
0.951243 0.284896 0.193093
0.944400 0.303630 0.206095
0.937123 0.322208 0.219051
0.929415 0.340622 0.231959
0.921279 0.358861 0.244815
0.912720 0.376916 0.257617
0.903743 0.394778 0.270362
0.894351 0.412438 0.283047
0.884549 0.429886 0.295670
0.874342 0.447115 0.308227
0.863735 0.464114 0.320715
0.852734 0.480875 0.333133
0.841343 0.497389 0.345477
0.829569 0.513649 0.357744
0.817416 0.529645 0.369932
0.804892 0.545370 0.382038
0.792003 0.560815 0.394060
0.778753 0.575972 0.405994
0.765152 0.590834 0.417838
0.751204 0.605392 0.429590
0.736917 0.619640 0.441247
0.722298 0.633570 0.452806
0.707354 0.647174 0.464264
0.692093 0.660447 0.475620
0.676521 0.673380 0.486871
0.660647 0.685967 0.498013
0.644479 0.698202 0.509046
0.628025 0.710079 0.519965
0.611292 0.721590 0.530770
0.594289 0.732730 0.541457
0.577024 0.743494 0.552023
0.559506 0.753875 0.562468
0.541743 0.763869 0.572788
0.523745 0.773469 0.582981
0.505519 0.782672 0.593046
0.487076 0.791471 0.602978
0.468424 0.799863 0.612777
0.449572 0.807844 0.622441
0.430530 0.815408 0.631967
0.411307 0.822551 0.641352
0.391913 0.829271 0.650596
0.372356 0.835563 0.659695
0.352647 0.841424 0.668649
0.332796 0.846851 0.677454
0.312812 0.851841 0.686109
0.292705 0.856391 0.694612
0.272484 0.860499 0.702962
0.252161 0.864162 0.711156
0.231745 0.867378 0.719192
0.211246 0.870146 0.727069
0.190673 0.872464 0.734785
0.170038 0.874330 0.742338
0.149350 0.875743 0.749727
0.128620 0.876703 0.756949
0.107858 0.877208 0.764004
0.087073 0.877258 0.770890
0.066277 0.876853 0.777605
0.045479 0.875993 0.784148
0.024690 0.874678 0.790517
0.003919 0.872909 0.796711
-0.016822 0.870685 0.802729
-0.037524 0.868009 0.808569
-0.058177 0.864880 0.814229
-0.078770 0.861301 0.819710
-0.099294 0.857273 0.825009
-0.119737 0.852798 0.830125
-0.140091 0.847877 0.835057
-0.160345 0.842513 0.839804
-0.180490 0.836709 0.844365
-0.200514 0.830467 0.848740
-0.220410 0.823790 0.852926
-0.240166 0.816681 0.856923
-0.259773 0.809143 0.860731
-0.279222 0.801180 0.864348
-0.298502 0.792796 0.867773
-0.317605 0.783995 0.871007
-0.336522 0.774781 0.874047
-0.355242 0.765157 0.876894
-0.373757 0.755130 0.879547
-0.392058 0.744703 0.882004
-0.410135 0.733882 0.884267
-0.427981 0.722671 0.886333
-0.445585 0.711077 0.888204
-0.462940 0.699105 0.889877
-0.480038 0.686759 0.891353
-0.496869 0.674048 0.892633
-0.513426 0.660976 0.893714
-0.529700 0.647550 0.894597
-0.545684 0.633776 0.895282
-0.561370 0.619661 0.895769
-0.576750 0.605212 0.896058
-0.591816 0.590436 0.896148
-0.606562 0.575340 0.896039
-0.620980 0.559932 0.895733
-0.635064 0.544218 0.895227
-0.648806 0.528207 0.894524
-0.662200 0.511906 0.893622
-0.675239 0.495324 0.892523
-0.687917 0.478468 0.891225
-0.700227 0.461346 0.889731
-0.712165 0.443968 0.888039
-0.723724 0.426340 0.886150
-0.734899 0.408473 0.884066
-0.745684 0.390375 0.881785
-0.756074 0.372054 0.879309
-0.766064 0.353519 0.876639
-0.775650 0.334780 0.873774
-0.784826 0.315846 0.870716
-0.793589 0.296726 0.867465
-0.801935 0.277430 0.864021
-0.809858 0.257966 0.860387
-0.817356 0.238345 0.856562
-0.824425 0.218576 0.852547
-0.831062 0.198668 0.848343
-0.837264 0.178632 0.843952
-0.843028 0.158477 0.839373
-0.848351 0.138213 0.834609
-0.853230 0.117851 0.829659
-0.857664 0.097399 0.824526
-0.861651 0.076869 0.819211
-0.865188 0.056270 0.813713
-0.868275 0.035612 0.808036
-0.870910 0.014906 0.802180
-0.873091 -0.005839 0.796146
-0.874819 -0.026611 0.789935
-0.876092 -0.047402 0.783550
-0.876910 -0.068200 0.776991
-0.877272 -0.088996 0.770260
-0.877180 -0.109779 0.763359
-0.876633 -0.130539 0.756288
-0.875631 -0.151265 0.749050
-0.874176 -0.171949 0.741646
-0.872268 -0.192579 0.734078
-0.869909 -0.213144 0.726347
-0.867100 -0.233637 0.718455
-0.863842 -0.254045 0.710404
-0.860138 -0.274359 0.702196
-0.855989 -0.294569 0.693833
-0.851398 -0.314665 0.685315
-0.846368 -0.334637 0.676646
-0.840900 -0.354476 0.667827
-0.834999 -0.374171 0.658860
-0.828668 -0.393713 0.649747
-0.821908 -0.413092 0.640490
-0.814726 -0.432299 0.631091
-0.807123 -0.451324 0.621553
-0.799105 -0.470157 0.611877
-0.790675 -0.488791 0.602065
-0.781838 -0.507214 0.592120
-0.772598 -0.525419 0.582044
-0.762961 -0.543396 0.571839
-0.752931 -0.561136 0.561507
-0.742514 -0.578631 0.551051
-0.731716 -0.595872 0.540473
-0.720541 -0.612851 0.529775
-0.708995 -0.629558 0.518960
-0.697086 -0.645987 0.508030
-0.684818 -0.662128 0.496988
-0.672198 -0.677974 0.485835
-0.659234 -0.693517 0.474574
-0.645930 -0.708749 0.463209
-0.632295 -0.723664 0.451741
-0.618336 -0.738252 0.440173
-0.604059 -0.752508 0.428507
-0.589472 -0.766424 0.416747
-0.574582 -0.779994 0.404894
-0.559398 -0.793210 0.392952
-0.543927 -0.806066 0.380922
-0.528177 -0.818556 0.368808
-0.512156 -0.830673 0.356613
-0.495873 -0.842413 0.344338
-0.479335 -0.853768 0.331988
-0.462551 -0.864733 0.319563
-0.445531 -0.875303 0.307068
-0.428282 -0.885472 0.294505
-0.410814 -0.895236 0.281877
-0.393135 -0.904590 0.269186
-0.375254 -0.913529 0.256436
-0.357182 -0.922049 0.243628
-0.338926 -0.930145 0.230767
-0.320497 -0.937814 0.217855
-0.301904 -0.945051 0.204894
-0.283156 -0.951854 0.191888
-0.264263 -0.958218 0.178840
-0.245235 -0.964141 0.165752
-0.226081 -0.969620 0.152627
-0.206811 -0.974652 0.139469
-0.187435 -0.979234 0.126279
-0.167964 -0.983364 0.113062
-0.148406 -0.987041 0.099820
-0.128773 -0.990262 0.086555
-0.109073 -0.993026 0.073271
-0.089318 -0.995331 0.059971
-0.069517 -0.997177 0.046658
-0.049681 -0.998562 0.033335
-0.029818 -0.999486 0.020004
-0.009941 -0.999948 0.006668
0.009941 -0.999948 -0.006668
0.029818 -0.999486 -0.020004
0.049681 -0.998562 -0.033335
0.069517 -0.997177 -0.046658
0.089318 -0.995331 -0.059971
0.109073 -0.993026 -0.073271
0.128773 -0.990262 -0.086555
0.148406 -0.987041 -0.099820
0.167964 -0.983364 -0.113062
0.187435 -0.979234 -0.126279
0.206811 -0.974652 -0.139469
0.226081 -0.969620 -0.152627
0.245235 -0.964141 -0.165752
0.264263 -0.958218 -0.178840
0.283156 -0.951854 -0.191888
0.301904 -0.945051 -0.204894
0.320497 -0.937814 -0.217855
0.338926 -0.930145 -0.230767
0.357182 -0.922049 -0.243628
0.375254 -0.913529 -0.256436
0.393135 -0.904590 -0.269186
0.410814 -0.895236 -0.281877
0.428282 -0.885472 -0.294505
0.445531 -0.875303 -0.307068
0.462551 -0.864733 -0.319563
0.479335 -0.853768 -0.331988
0.495873 -0.842413 -0.344338
0.512156 -0.830673 -0.356613
0.528177 -0.818556 -0.368808
0.543927 -0.806066 -0.380922
0.559398 -0.793210 -0.392952
0.574582 -0.779994 -0.404894
0.589472 -0.766424 -0.416747
0.604059 -0.752508 -0.428507
0.618336 -0.738252 -0.440173
0.632295 -0.723664 -0.451741
0.645930 -0.708749 -0.463209
0.659234 -0.693517 -0.474574
0.672198 -0.677974 -0.485835
0.684818 -0.662128 -0.496988
0.697086 -0.645987 -0.508030
0.708995 -0.629558 -0.518960
0.720541 -0.612851 -0.529775
0.731716 -0.595872 -0.540473
0.742514 -0.578631 -0.551051
0.752931 -0.561136 -0.561507
0.762961 -0.543396 -0.571839
0.772598 -0.525419 -0.582044
0.781838 -0.507214 -0.592120
0.790675 -0.488791 -0.602065
0.799105 -0.470157 -0.611877
0.807123 -0.451324 -0.621553
0.814726 -0.432299 -0.631091
0.821908 -0.413092 -0.640490
0.828668 -0.393713 -0.649747
0.834999 -0.374171 -0.658860
0.840900 -0.354476 -0.667827
0.846368 -0.334637 -0.676646
0.851398 -0.314665 -0.685315
0.855989 -0.294569 -0.693833
0.860138 -0.274359 -0.702196
0.863842 -0.254045 -0.710404
0.867100 -0.233637 -0.718455
0.869909 -0.213144 -0.726347
0.872268 -0.192579 -0.734078
0.874176 -0.171949 -0.741646
0.875631 -0.151265 -0.749050
0.876633 -0.130539 -0.756288
0.877180 -0.109779 -0.763359
0.877272 -0.088996 -0.770260
0.876910 -0.068200 -0.776991
0.876092 -0.047402 -0.783550
0.874819 -0.026611 -0.789935
0.873091 -0.005839 -0.796146
0.870910 0.014906 -0.802180
0.868275 0.035612 -0.808036
0.865188 0.056270 -0.813713
0.861651 0.076869 -0.819211
0.857664 0.097399 -0.824526
0.853230 0.117851 -0.829659
0.848351 0.138213 -0.834609
0.843028 0.158477 -0.839373
0.837264 0.178632 -0.843952
0.831062 0.198668 -0.848343
0.824425 0.218576 -0.852547
0.817356 0.238345 -0.856562
0.809858 0.257966 -0.860387
0.801935 0.277430 -0.864021
0.793589 0.296726 -0.867465
0.784826 0.315846 -0.870716
0.775650 0.334780 -0.873774
0.766064 0.353519 -0.876639
0.756074 0.372054 -0.879309
0.745684 0.390375 -0.881785
0.734899 0.408473 -0.884066
0.723724 0.426340 -0.886150
0.712165 0.443968 -0.888039
0.700227 0.461346 -0.889731
0.687917 0.478468 -0.891225
0.675239 0.495324 -0.892523
0.662200 0.511906 -0.893622
0.648806 0.528207 -0.894524
0.635064 0.544218 -0.895227
0.620980 0.559932 -0.895733
0.606562 0.575340 -0.896039
0.591816 0.590436 -0.896148
0.576750 0.605212 -0.896058
0.561370 0.619661 -0.895769
0.545684 0.633776 -0.895282
0.529700 0.647550 -0.894597
0.513426 0.660976 -0.893714
0.496869 0.674048 -0.892633
0.480038 0.686759 -0.891353
0.462940 0.699105 -0.889877
0.445585 0.711077 -0.888204
0.427981 0.722671 -0.886333
0.410135 0.733882 -0.884267
0.392058 0.744703 -0.882004
0.373757 0.755130 -0.879547
0.355242 0.765157 -0.876894
0.336522 0.774781 -0.874047
0.317605 0.783995 -0.871007
0.298502 0.792796 -0.867773
0.279222 0.801180 -0.864348
0.259773 0.809143 -0.860731
0.240166 0.816681 -0.856923
0.220410 0.823790 -0.852926
0.200514 0.830467 -0.848740
0.180490 0.836709 -0.844365
0.160345 0.842513 -0.839804
0.140091 0.847877 -0.835057
0.119737 0.852798 -0.830125
0.099294 0.857273 -0.825009
0.078770 0.861301 -0.819710
0.058177 0.864880 -0.814229
0.037524 0.868009 -0.808569
0.016822 0.870685 -0.802729
-0.003919 0.872909 -0.796711
-0.024690 0.874678 -0.790517
-0.045479 0.875993 -0.784148
-0.066277 0.876853 -0.777605
-0.087073 0.877258 -0.770890
-0.107858 0.877208 -0.764004
-0.128620 0.876703 -0.756949
-0.149350 0.875743 -0.749727
-0.170038 0.874330 -0.742338
-0.190673 0.872464 -0.734785
-0.211246 0.870146 -0.727069
-0.231745 0.867378 -0.719192
-0.252161 0.864162 -0.711156
-0.272484 0.860499 -0.702962
-0.292705 0.856391 -0.694612
-0.312812 0.851841 -0.686109
-0.332796 0.846851 -0.677454
-0.352647 0.841424 -0.668649
-0.372356 0.835563 -0.659695
-0.391913 0.829271 -0.650596
-0.411307 0.822551 -0.641352
-0.430530 0.815408 -0.631967
-0.449572 0.807844 -0.622441
-0.468424 0.799863 -0.612777
-0.487076 0.791471 -0.602978
-0.505519 0.782672 -0.593046
-0.523745 0.773469 -0.582981
-0.541743 0.763869 -0.572788
-0.559506 0.753875 -0.562468
-0.577024 0.743494 -0.552023
-0.594289 0.732730 -0.541457
-0.611292 0.721590 -0.530770
-0.628025 0.710079 -0.519965
-0.644479 0.698202 -0.509046
-0.660647 0.685967 -0.498013
-0.676521 0.673380 -0.486871
-0.692093 0.660447 -0.475620
-0.707354 0.647174 -0.464264
-0.722298 0.633570 -0.452806
-0.736917 0.619640 -0.441247
-0.751204 0.605392 -0.429590
-0.765152 0.590834 -0.417838
-0.778753 0.575972 -0.405994
-0.792003 0.560815 -0.394060
-0.804892 0.545370 -0.382038
-0.817416 0.529645 -0.369932
-0.829569 0.513649 -0.357744
-0.841343 0.497389 -0.345477
-0.852734 0.480875 -0.333133
-0.863735 0.464114 -0.320715
-0.874342 0.447115 -0.308227
-0.884549 0.429886 -0.295670
-0.894351 0.412438 -0.283047
-0.903743 0.394778 -0.270362
-0.912720 0.376916 -0.257617
-0.921279 0.358861 -0.244815
-0.929415 0.340622 -0.231959
-0.937123 0.322208 -0.219051
-0.944400 0.303630 -0.206095
-0.951243 0.284896 -0.193093
-0.957648 0.266016 -0.180048
-0.963612 0.247000 -0.166964
-0.969132 0.227857 -0.153843
-0.974205 0.208598 -0.140687
-0.978829 0.189231 -0.127500
-0.983001 0.169768 -0.114285
-0.986720 0.150218 -0.101045
-0.989984 0.130591 -0.087783
-0.992790 0.110898 -0.074501
-0.995138 0.091147 -0.061202
-0.997026 0.071350 -0.047890
-0.998453 0.051516 -0.034567
-0.999420 0.031656 -0.021237
-0.999924 0.011780 -0.007902
-0.999967 -0.008103 0.005435
-0.999548 -0.027981 0.018771
-0.998667 -0.047845 0.032102
-0.997324 -0.067684 0.045427
-0.995521 -0.087489 0.058741
-0.993259 -0.107249 0.072042
-0.990537 -0.126954 0.085327
-0.987358 -0.146594 0.098594
-0.983724 -0.166159 0.111838
-0.979635 -0.185639 0.125058
-0.975094 -0.205023 0.138250
-0.970104 -0.224303 0.151412
-0.964667 -0.243468 0.164540
-0.958785 -0.262509 0.177631
-0.952461 -0.281415 0.190684
-0.945699 -0.300176 0.203694
-0.938502 -0.318784 0.216658
-0.930873 -0.337229 0.229575
-0.922816 -0.355501 0.242441
-0.914335 -0.373591 0.255253
-0.905435 -0.391490 0.268009
-0.896119 -0.409187 0.280706
-0.886392 -0.426676 0.293340
-0.876260 -0.443945 0.305909
-0.865727 -0.460987 0.318411
-0.854798 -0.477793 0.330842
-0.843479 -0.494354 0.343199
-0.831775 -0.510661 0.355481
-0.819692 -0.526707 0.367684
-0.807236 -0.542482 0.379805
-0.794414 -0.557979 0.391843
-0.781231 -0.573190 0.403794
-0.767694 -0.588107 0.415655
-0.753809 -0.602723 0.427424
-0.739585 -0.617029 0.439098
-0.725027 -0.631018 0.450675
-0.710142 -0.644683 0.462153
-0.694939 -0.658017 0.473528
-0.679424 -0.671014 0.484798
-0.663606 -0.683666 0.495961
-0.647492 -0.695966 0.507014
-0.631089 -0.707909 0.517954
-0.614407 -0.719489 0.528780
-0.597453 -0.730698 0.539489
-0.580236 -0.741532 0.550078
-0.562764 -0.751984 0.560546
-0.545046 -0.762050 0.570889
-0.527091 -0.771723 0.581106
-0.508907 -0.781000 0.591194
-0.490503 -0.789874 0.601151
-0.471889 -0.798342 0.610975
-0.453074 -0.806399 0.620664
-0.434066 -0.814040 0.630215
-0.414876 -0.821262 0.639627
-0.395512 -0.828060 0.648897
-0.375985 -0.834432 0.658023
-0.356304 -0.840373 0.667004
-0.336478 -0.845880 0.675837
-0.316517 -0.850951 0.684520
-0.296432 -0.855583 0.693051
-0.276232 -0.859773 0.701429
-0.255927 -0.863518 0.709652
-0.235528 -0.866817 0.717717
-0.215043 -0.869668 0.725624
-0.194483 -0.872069 0.733370
-0.173859 -0.874019 0.740953
-0.153180 -0.875516 0.748372
-0.132457 -0.876559 0.755626
-0.111700 -0.877149 0.762712
-0.090919 -0.877283 0.769629
-0.070124 -0.876962 0.776376
-0.049325 -0.876187 0.782951
-0.028534 -0.874956 0.789352
-0.007759 -0.873270 0.795579
0.012989 -0.871130 0.801629
0.033699 -0.868538 0.807502
0.054362 -0.865493 0.813196
0.074966 -0.861997 0.818710
0.095504 -0.858052 0.824042
0.115963 -0.853659 0.829192
0.136334 -0.848820 0.834159
0.156607 -0.843539 0.838940
0.176773 -0.837816 0.843536
0.196820 -0.831654 0.847945
0.216740 -0.825057 0.852166
0.236523 -0.818028 0.856198
0.256158 -0.810569 0.860041
0.275637 -0.802685 0.863693
0.294949 -0.794379 0.867154
0.314086 -0.785654 0.870423
0.333038 -0.776516 0.873499
0.351795 -0.766968 0.876382
0.370348 -0.757015 0.879071
0.388690 -0.746662 0.881564
0.406809 -0.735913 0.883863
0.424698 -0.724774 0.885966
0.442348 -0.713250 0.887872
0.459750 -0.701347 0.889582
0.476895 -0.689071 0.891095
0.493776 -0.676426 0.892411
0.510385 -0.663420 0.893529
0.526712 -0.650059 0.894449
0.542750 -0.636349 0.895171
0.558491 -0.622297 0.895694
0.573928 -0.607909 0.896019
0.589053 -0.593193 0.896146
0.603859 -0.578156 0.896075
0.618339 -0.562805 0.895804
0.632485 -0.547147 0.895336
0.646290 -0.531191 0.894669
0.659749 -0.514943 0.893804
0.672854 -0.498412 0.892741
0.685599 -0.481606 0.891480
0.697978 -0.464533 0.890022
0.709986 -0.447201 0.888367
0.721615 -0.429619 0.886514
0.732861 -0.411795 0.884466
0.743719 -0.393739 0.882222
0.754182 -0.375459 0.879782
0.764247 -0.356963 0.877147
0.773908 -0.338261 0.874319
0.783160 -0.319363 0.871296
0.792000 -0.300276 0.868081
0.800423 -0.281012 0.864673
0.808424 -0.261578 0.861074
0.816002 -0.241985 0.857284
0.823150 -0.222243 0.853304
0.829868 -0.202360 0.849135
0.836150 -0.182347 0.844778
0.841995 -0.162213 0.840234
0.847399 -0.141969 0.835504
0.852361 -0.121624 0.830589
0.856878 -0.101188 0.825489
0.860947 -0.080671 0.820207
0.864568 -0.060084 0.814744
0.867738 -0.039437 0.809100
0.870457 -0.018739 0.803276
0.872722 0.002000 0.797275
0.874534 0.022768 0.791097
0.875898 0.043592 0.784721
0.876829 0.064568 0.778071
0.877329 0.085792 0.771063
0.877374 0.107283 0.763649
0.876934 0.129022 0.755805
0.875976 0.150988 0.747507
0.874470 0.173156 0.738732
0.872386 0.195499 0.729462
0.869696 0.217987 0.719675
0.866372 0.240588 0.709356
0.862388 0.263267 0.698488
0.857722 0.285988 0.687057
0.852350 0.308712 0.675051
0.846253 0.331397 0.662460
0.839413 0.354000 0.649276
0.831815 0.376477 0.635493
0.823446 0.398782 0.621107
0.814294 0.420868 0.606115
0.804354 0.442687 0.590518
0.793621 0.464189 0.574318
0.782091 0.485325 0.557521
0.769768 0.506045 0.540131
0.756655 0.526299 0.522159
0.742760 0.546037 0.503615
0.728093 0.565210 0.484512
0.712668 0.583768 0.464866
0.696501 0.601666 0.444694
0.679613 0.618855 0.424014
0.662026 0.635291 0.402848
0.643766 0.650931 0.381219
0.624861 0.665734 0.359150
0.605342 0.679661 0.336670
0.585242 0.692675 0.313804
0.564598 0.704743 0.290583
0.543447 0.715833 0.267036
0.521830 0.725918 0.243195
0.499787 0.734973 0.219092
0.477364 0.742976 0.194761
0.454603 0.749910 0.170237
0.431552 0.755761 0.145553
0.408256 0.760518 0.120744
0.384764 0.764174 0.095847
0.361122 0.766726 0.070897
0.337378 0.768175 0.045929
0.313581 0.768525 0.020978
0.289777 0.767784 -0.003920
0.266013 0.765964 -0.028731
0.242336 0.763080 -0.053420
0.218789 0.759152 -0.077955
0.195417 0.754202 -0.102303
0.172262 0.748255 -0.126432
0.149365 0.741340 -0.150312
0.126764 0.733489 -0.173914
0.104496 0.724735 -0.197209
0.082596 0.715116 -0.220170
0.061096 0.704671 -0.242773
0.040028 0.693440 -0.264992
0.019418 0.681469 -0.286807
-0.000707 0.668800 -0.308195
-0.020325 0.655481 -0.329137
-0.039415 0.641560 -0.349615
-0.057959 0.627083 -0.369613
-0.075941 0.612102 -0.389116
-0.093348 0.596665 -0.408111
-0.110170 0.580822 -0.426587
-0.126398 0.564623 -0.444532
-0.142026 0.548119 -0.461939
-0.157050 0.531358 -0.478800
-0.171468 0.514390 -0.495109
-0.185281 0.497262 -0.510861
-0.198490 0.480022 -0.526053
-0.211100 0.462715 -0.540683
-0.223116 0.445388 -0.554750
-0.234544 0.428081 -0.568253
-0.245394 0.410839 -0.581194
-0.255674 0.393700 -0.593574
-0.265397 0.376704 -0.605395
-0.274572 0.359886 -0.616661
-0.283212 0.343282 -0.627376
-0.291331 0.326924 -0.637544
-0.298943 0.310842 -0.647170
-0.306061 0.295065 -0.656260
-0.312699 0.279619 -0.664818
-0.318873 0.264528 -0.672852
-0.324598 0.249815 -0.680368
-0.329887 0.235499 -0.687371
-0.334756 0.221597 -0.693869
-0.339219 0.208126 -0.699868
-0.343290 0.195098 -0.705374
-0.346983 0.182526 -0.710395
-0.350313 0.170417 -0.714937
-0.353291 0.158780 -0.719007
-0.355932 0.147619 -0.722611
-0.358246 0.136939 -0.725756
-0.360246 0.126741 -0.728447
-0.361943 0.117024 -0.730692
-0.363348 0.107788 -0.732496
-0.364471 0.099028 -0.733865
-0.365321 0.090739 -0.734805
-0.365931 0.082918 -0.735369
-0.366331 0.075556 -0.735605
-0.366458 0.068640 -0.735376
-0.366200 0.062158 -0.734448
-0.365516 0.056099 -0.732732
-0.364414 0.050455 -0.730235
-0.362901 0.045217 -0.726963
-0.360983 0.040372 -0.722922
-0.358667 0.035907 -0.718121
-0.355959 0.031808 -0.712565
-0.352866 0.028060 -0.706265
-0.349393 0.024646 -0.699227
-0.345548 0.021550 -0.691462
-0.341337 0.018753 -0.682979
-0.336765 0.016239 -0.673788
-0.331840 0.013989 -0.663899
-0.326567 0.011985 -0.653324
-0.320954 0.010209 -0.642074
-0.315007 0.008644 -0.630162
-0.308733 0.007272 -0.617600
-0.302140 0.006076 -0.604402
-0.295234 0.005041 -0.590581
-0.288024 0.004150 -0.576153
-0.280517 0.003389 -0.561132
-0.272720 0.002743 -0.545534
-0.264643 0.002200 -0.529375
-0.256293 0.001746 -0.512672
-0.247680 0.001372 -0.495441
-0.238812 0.001064 -0.477702
-0.229698 0.000816 -0.459471
-0.220348 0.000616 -0.440768
-0.210772 0.000459 -0.421613
-0.200979 0.000336 -0.402024
-0.190980 0.000241 -0.382022
-0.180784 0.000169 -0.361627
-0.170403 0.000116 -0.340861
-0.159846 0.000078 -0.319744
-0.149125 0.000051 -0.298299
-0.138251 0.000032 -0.276547
-0.127235 0.000019 -0.254512
-0.116088 0.000011 -0.232214
-0.104822 0.000006 -0.209678
-0.093448 0.000003 -0.186927
-0.081978 0.000001 -0.163983
-0.070424 0.000001 -0.140871
-0.058798 0.000000 -0.117615
-0.047111 0.000000 -0.094237
-0.035376 0.000000 -0.070763
-0.023604 0.000000 -0.047216
-0.011808 0.000000 -0.023620
0.000000 0.000000 0.000000
##END
