##TITLE= dor_1
##JCAMP-DX= 5.00 Bruker JCAMP library
##DATA TYPE= Shape Data
##ORIGIN= Bruker Analytik GmbH
##OWNER= <nmrsu>
##DATE= 2025-02-28
##TIME= 15:41:45
##MINX= 0
##MAXX= 1
##MINY= 0
##MAXY= 1
##$SHAPE_EXMODE= Gradient
##$SHAPE_TOTROT= 0
##$SHAPE_BWFAC= 0
##$SHAPE_INTEGFAC= 0
##$SHAPE_MODE= 0
##EFFIFACTOR=0.0038123
##DURATION=0.01
##DIRECTIONVEC= 0 0 1
##NPOINTS=1000
##XYDATA= (X Y Z)
0.000000 0.000000 0.000000
0.015920 0.000000 0.031845
0.031823 0.000000 0.063656
0.047694 0.000000 0.095403
0.063515 0.000000 0.127051
0.079272 0.000000 0.158569
0.094946 0.000000 0.189924
0.110524 0.000001 0.221083
0.125987 0.000002 0.252016
0.141322 0.000004 0.282689
0.156511 0.000007 0.313072
0.171539 0.000011 0.343134
0.186391 0.000019 0.372843
0.201051 0.000030 0.402168
0.215505 0.000047 0.431081
0.229738 0.000070 0.459550
0.243734 0.000102 0.487547
0.257480 0.000145 0.515044
0.270961 0.000202 0.542011
0.284164 0.000276 0.568421
0.297075 0.000371 0.594246
0.309680 0.000491 0.619462
0.321968 0.000641 0.644041
0.333924 0.000826 0.667957
0.345537 0.001052 0.691188
0.356795 0.001325 0.713708
0.367687 0.001652 0.735495
0.378200 0.002041 0.756526
0.388324 0.002499 0.776780
0.398049 0.003036 0.796235
0.407365 0.003659 0.814871
0.416261 0.004379 0.832671
0.424729 0.005206 0.849614
0.432759 0.006148 0.865684
0.440343 0.007218 0.880864
0.447474 0.008425 0.895138
0.454142 0.009780 0.908492
0.460341 0.011294 0.920911
0.466064 0.012978 0.932383
0.471305 0.014843 0.942895
0.476056 0.016899 0.952437
0.480313 0.019157 0.960998
0.484070 0.021626 0.968569
0.487322 0.024316 0.975142
0.490064 0.027234 0.980710
0.492293 0.030391 0.985266
0.494003 0.033791 0.988805
0.495191 0.037443 0.991324
0.495855 0.041350 0.992817
0.496054 0.045518 0.993411
0.495978 0.049958 0.993488
0.495815 0.054681 0.993428
0.495627 0.059696 0.993359
0.495409 0.065013 0.993280
0.495159 0.070640 0.993188
0.494872 0.076586 0.993083
0.494545 0.082859 0.992963
0.494173 0.089467 0.992827
0.493751 0.096421 0.992672
0.493273 0.103727 0.992498
0.492735 0.111395 0.992300
0.492130 0.119432 0.992079
0.491451 0.127847 0.991830
0.490692 0.136649 0.991552
0.489844 0.145845 0.991242
0.488870 0.155440 0.990834
0.487667 0.165433 0.990138
0.486133 0.175817 0.988963
0.484227 0.186591 0.987244
0.481943 0.197750 0.984980
0.479270 0.209292 0.982168
0.476199 0.221210 0.978806
0.472723 0.233500 0.974895
0.468831 0.246153 0.970433
0.464515 0.259160 0.965419
0.459765 0.272511 0.959854
0.454574 0.286194 0.953739
0.448931 0.300195 0.947074
0.442828 0.314501 0.939861
0.436257 0.329094 0.932101
0.429210 0.343958 0.923797
0.421677 0.359073 0.914952
0.413653 0.374420 0.905568
0.405129 0.389975 0.895649
0.396098 0.405717 0.885200
0.386556 0.421622 0.874225
0.376495 0.437662 0.862729
0.365911 0.453812 0.850719
0.354801 0.470044 0.838200
0.343160 0.486329 0.825179
0.330986 0.502636 0.811665
0.318279 0.518935 0.797665
0.305036 0.535193 0.783188
0.291260 0.551379 0.768244
0.276951 0.567459 0.752842
0.262114 0.583399 0.736994
0.246751 0.599166 0.720711
0.230870 0.614724 0.704004
0.214475 0.630039 0.686887
0.197577 0.645076 0.669374
0.180185 0.659800 0.651477
0.162309 0.674178 0.633213
0.143963 0.688174 0.614596
0.125161 0.701754 0.595644
0.105919 0.714886 0.576371
0.086253 0.727537 0.556797
0.066182 0.739676 0.536939
0.045726 0.751271 0.516816
0.024907 0.762293 0.496447
0.003747 0.772714 0.475851
-0.017729 0.782507 0.455051
-0.039497 0.791646 0.434065
-0.061529 0.800107 0.412916
-0.083799 0.807869 0.391626
-0.106276 0.814911 0.370216
-0.128933 0.821215 0.348709
-0.151738 0.826764 0.327128
-0.174660 0.831544 0.305497
-0.197668 0.835543 0.283837
-0.220729 0.838750 0.262174
-0.243811 0.841158 0.240529
-0.266880 0.842762 0.218928
-0.289905 0.843559 0.197393
-0.312852 0.843547 0.175949
-0.335689 0.842728 0.154618
-0.358382 0.841107 0.133424
-0.380900 0.838688 0.112389
-0.403212 0.835482 0.091538
-0.425287 0.831498 0.070891
-0.447095 0.826749 0.050472
-0.468607 0.821251 0.030300
-0.489795 0.815021 0.010399
-0.510633 0.808077 -0.009213
-0.531095 0.800442 -0.028515
-0.551157 0.792136 -0.047487
-0.570798 0.783186 -0.066113
-0.589996 0.773617 -0.084374
-0.608732 0.763456 -0.102252
-0.626989 0.752732 -0.119733
-0.644752 0.741476 -0.136801
-0.662006 0.729718 -0.153441
-0.678741 0.717491 -0.169641
-0.694945 0.704826 -0.185388
-0.710613 0.691759 -0.200672
-0.725737 0.678321 -0.215481
-0.740315 0.664548 -0.229806
-0.754344 0.650474 -0.243641
-0.767825 0.636134 -0.256976
-0.780761 0.621562 -0.269808
-0.793154 0.606792 -0.282130
-0.805013 0.591858 -0.293939
-0.816344 0.576793 -0.305232
-0.827159 0.561631 -0.316009
-0.837467 0.546403 -0.326268
-0.847284 0.531140 -0.336011
-0.856624 0.515873 -0.345239
-0.865503 0.500632 -0.353955
-0.873941 0.485443 -0.362163
-0.881956 0.470334 -0.369868
-0.889569 0.455331 -0.377077
-0.896803 0.440458 -0.383796
-0.903681 0.425736 -0.390033
-0.910228 0.411188 -0.395798
-0.916468 0.396832 -0.401100
-0.922432 0.382647 -0.406003
-0.928154 0.368527 -0.410670
-0.933654 0.354360 -0.415261
-0.938939 0.340112 -0.419828
-0.944006 0.325784 -0.424370
-0.948854 0.311381 -0.428888
-0.953482 0.296907 -0.433381
-0.957890 0.282363 -0.437849
-0.962076 0.267754 -0.442292
-0.966039 0.253083 -0.446709
-0.969778 0.238353 -0.451100
-0.973293 0.223568 -0.455465
-0.976582 0.208731 -0.459804
-0.979646 0.193846 -0.464116
-0.982482 0.178916 -0.468401
-0.985091 0.163945 -0.472659
-0.987472 0.148936 -0.476890
-0.989624 0.133892 -0.481093
-0.991547 0.118817 -0.485268
-0.993240 0.103715 -0.489415
-0.994703 0.088588 -0.493534
-0.995936 0.073441 -0.497624
-0.996938 0.058278 -0.501686
-0.997710 0.043100 -0.505718
-0.998250 0.027913 -0.509721
-0.998559 0.012719 -0.513695
-0.998637 -0.002478 -0.517639
-0.998484 -0.017674 -0.521552
-0.998099 -0.032866 -0.525436
-0.997483 -0.048050 -0.529289
-0.996637 -0.063224 -0.533112
-0.995559 -0.078382 -0.536904
-0.994251 -0.093523 -0.540664
-0.992713 -0.108642 -0.544394
-0.990945 -0.123736 -0.548092
-0.988947 -0.138801 -0.551758
-0.986720 -0.153834 -0.555392
-0.984265 -0.168831 -0.558994
-0.981582 -0.183789 -0.562564
-0.978672 -0.198705 -0.566101
-0.975535 -0.213575 -0.569605
-0.972172 -0.228395 -0.573076
-0.968584 -0.243162 -0.576514
-0.964771 -0.257873 -0.579919
-0.960735 -0.272524 -0.583290
-0.956477 -0.287112 -0.586628
-0.951997 -0.301634 -0.589931
-0.947297 -0.316086 -0.593201
-0.942377 -0.330465 -0.596436
-0.937240 -0.344767 -0.599636
-0.931885 -0.358989 -0.602802
-0.926314 -0.373128 -0.605933
-0.920529 -0.387181 -0.609028
-0.914530 -0.401144 -0.612089
-0.908320 -0.415014 -0.615114
-0.901900 -0.428788 -0.618103
-0.895270 -0.442463 -0.621057
-0.888434 -0.456035 -0.623975
-0.881391 -0.469502 -0.626856
-0.874144 -0.482860 -0.629702
-0.866696 -0.496106 -0.632510
-0.859046 -0.509237 -0.635283
-0.851197 -0.522250 -0.638018
-0.843151 -0.535143 -0.640717
-0.834910 -0.547911 -0.643378
-0.826476 -0.560553 -0.646002
-0.817850 -0.573064 -0.648589
-0.809035 -0.585443 -0.651138
-0.800033 -0.597687 -0.653650
-0.790845 -0.609792 -0.656123
-0.781474 -0.621756 -0.658559
-0.771922 -0.633576 -0.660956
-0.762192 -0.645249 -0.663316
-0.752284 -0.656773 -0.665637
-0.742203 -0.668144 -0.667919
-0.731950 -0.679361 -0.670163
-0.721527 -0.690421 -0.672367
-0.710937 -0.701320 -0.674533
-0.700183 -0.712058 -0.676660
-0.689266 -0.722630 -0.678748
-0.678190 -0.733035 -0.680796
-0.666957 -0.743270 -0.682805
-0.655569 -0.753333 -0.684775
-0.644029 -0.763222 -0.686705
-0.632341 -0.772934 -0.688595
-0.620506 -0.782467 -0.690445
-0.608527 -0.791819 -0.692255
-0.596407 -0.800987 -0.694025
-0.584149 -0.809970 -0.695755
-0.571756 -0.818765 -0.697445
-0.559231 -0.827371 -0.699094
-0.546576 -0.835785 -0.700703
-0.533794 -0.844006 -0.702271
-0.520889 -0.852031 -0.703799
-0.507863 -0.859859 -0.705286
-0.494719 -0.867488 -0.706732
-0.481461 -0.874915 -0.708137
-0.468092 -0.882141 -0.709501
-0.454614 -0.889161 -0.710824
-0.441031 -0.895976 -0.712106
-0.427345 -0.902584 -0.713347
-0.413561 -0.908982 -0.714546
-0.399681 -0.915170 -0.715704
-0.385708 -0.921147 -0.716821
-0.371647 -0.926909 -0.717896
-0.357499 -0.932457 -0.718929
-0.343268 -0.937790 -0.719921
-0.328957 -0.942905 -0.720871
-0.314571 -0.947801 -0.721780
-0.300112 -0.952478 -0.722646
-0.285583 -0.956935 -0.723471
-0.270988 -0.961170 -0.724254
-0.256330 -0.965182 -0.724995
-0.241613 -0.968971 -0.725694
-0.226840 -0.972536 -0.726351
-0.212015 -0.975875 -0.726966
-0.197140 -0.978988 -0.727539
-0.182220 -0.981875 -0.728070
-0.167257 -0.984534 -0.728559
-0.152256 -0.986965 -0.729005
-0.137219 -0.989168 -0.729409
-0.122151 -0.991141 -0.729771
-0.107055 -0.992885 -0.730091
-0.091933 -0.994399 -0.730368
-0.076791 -0.995683 -0.730604
-0.061630 -0.996737 -0.730797
-0.046456 -0.997559 -0.730947
-0.031270 -0.998150 -0.731055
-0.016077 -0.998511 -0.731121
-0.000881 -0.998640 -0.731145
0.014316 -0.998537 -0.731126
0.029509 -0.998204 -0.731065
0.044695 -0.997639 -0.730962
0.059871 -0.996844 -0.730816
0.075034 -0.995817 -0.730628
0.090179 -0.994560 -0.730398
0.105303 -0.993073 -0.730125
0.120402 -0.991355 -0.729810
0.135474 -0.989408 -0.729453
0.150514 -0.987232 -0.729054
0.165520 -0.984828 -0.728612
0.180487 -0.982195 -0.728129
0.195412 -0.979334 -0.727603
0.210292 -0.976247 -0.727035
0.225124 -0.972934 -0.726425
0.239903 -0.969396 -0.725773
0.254627 -0.965633 -0.725078
0.269291 -0.961647 -0.724342
0.283894 -0.957437 -0.723564
0.298431 -0.953006 -0.722744
0.312898 -0.948355 -0.721882
0.327293 -0.943484 -0.720979
0.341612 -0.938394 -0.720033
0.355853 -0.933087 -0.719046
0.370010 -0.927564 -0.718018
0.384082 -0.921826 -0.716947
0.398066 -0.915874 -0.715836
0.411957 -0.909711 -0.714683
0.425752 -0.903337 -0.713488
0.439449 -0.896753 -0.712252
0.453044 -0.889962 -0.710975
0.466535 -0.882965 -0.709657
0.479917 -0.875764 -0.708297
0.493188 -0.868359 -0.706897
0.506345 -0.860754 -0.705456
0.519384 -0.852949 -0.703974
0.532304 -0.844947 -0.702451
0.545100 -0.836748 -0.700887
0.557770 -0.828357 -0.699283
0.570310 -0.819773 -0.697638
0.582719 -0.811000 -0.695953
0.594993 -0.802038 -0.694228
0.607129 -0.792891 -0.692463
0.619124 -0.783561 -0.690657
0.630976 -0.774049 -0.688811
0.642682 -0.764357 -0.686926
0.654239 -0.754489 -0.685001
0.665644 -0.744446 -0.683036
0.676895 -0.734231 -0.681031
0.687990 -0.723845 -0.678988
0.698925 -0.713292 -0.676904
0.709699 -0.702574 -0.674782
0.720308 -0.691693 -0.672621
0.730750 -0.680652 -0.670420
0.741023 -0.669453 -0.668181
0.751124 -0.658099 -0.665903
0.761052 -0.646593 -0.663587
0.770803 -0.634937 -0.661232
0.780376 -0.623134 -0.658839
0.789768 -0.611187 -0.656408
0.798977 -0.599098 -0.653938
0.808001 -0.586870 -0.651431
0.816838 -0.574507 -0.648886
0.825486 -0.562010 -0.646304
0.833942 -0.549383 -0.643684
0.842206 -0.536630 -0.641027
0.850274 -0.523751 -0.638333
0.858146 -0.510752 -0.635602
0.865819 -0.497634 -0.632834
0.873291 -0.484401 -0.630029
0.880561 -0.471056 -0.627188
0.887627 -0.457602 -0.624311
0.894488 -0.444042 -0.621397
0.901142 -0.430379 -0.618448
0.907586 -0.416616 -0.615462
0.913821 -0.402757 -0.612442
0.919844 -0.388804 -0.609385
0.925654 -0.374762 -0.606293
0.931250 -0.360633 -0.603167
0.936630 -0.346420 -0.600005
0.941793 -0.332127 -0.596809
0.946738 -0.317757 -0.593578
0.951464 -0.303313 -0.590312
0.955969 -0.288800 -0.587013
0.960253 -0.274219 -0.583679
0.964315 -0.259575 -0.580312
0.968153 -0.244871 -0.576911
0.971767 -0.230110 -0.573477
0.975156 -0.215296 -0.570009
0.978320 -0.200431 -0.566509
0.981256 -0.185521 -0.562975
0.983966 -0.170568 -0.559410
0.986447 -0.155575 -0.555811
0.988701 -0.140546 -0.552181
0.990725 -0.125484 -0.548518
0.992520 -0.110393 -0.544824
0.994085 -0.095277 -0.541098
0.995419 -0.080139 -0.537341
0.996524 -0.064982 -0.533553
0.997397 -0.049810 -0.529734
0.998040 -0.034627 -0.525884
0.998451 -0.019436 -0.522004
0.998631 -0.004240 -0.518094
0.998580 0.010957 -0.514154
0.998298 0.026151 -0.510183
0.997784 0.041340 -0.506184
0.997039 0.056518 -0.502155
0.996064 0.071684 -0.498097
0.994858 0.086833 -0.494010
0.993421 0.101962 -0.489894
0.991755 0.117067 -0.485750
0.989858 0.132145 -0.481578
0.987733 0.147193 -0.477379
0.985379 0.162206 -0.473151
0.982796 0.177182 -0.468896
0.979986 0.192117 -0.464614
0.976949 0.207008 -0.460305
0.973686 0.221850 -0.455970
0.970197 0.236641 -0.451608
0.966484 0.251378 -0.447219
0.962547 0.266056 -0.442805
0.958387 0.280672 -0.438366
0.954005 0.295224 -0.433901
0.949402 0.309707 -0.429410
0.944579 0.324118 -0.424895
0.939537 0.338454 -0.420356
0.934278 0.352712 -0.415792
0.928803 0.366889 -0.411204
0.923112 0.380980 -0.406592
0.917208 0.394983 -0.401957
0.911091 0.408895 -0.397298
0.904763 0.422712 -0.392616
0.898226 0.436431 -0.387912
0.891481 0.450049 -0.383185
0.884529 0.463562 -0.378436
0.877373 0.476969 -0.373665
0.870013 0.490265 -0.368873
0.862452 0.503447 -0.364059
0.854691 0.516513 -0.359224
0.846732 0.529459 -0.354368
0.838577 0.542283 -0.349491
0.830228 0.554981 -0.344595
0.821687 0.567550 -0.339678
0.812955 0.579988 -0.334742
0.804035 0.592292 -0.329787
0.794929 0.604459 -0.324812
0.785639 0.616485 -0.319819
0.776166 0.628369 -0.314807
0.766515 0.640107 -0.309777
0.756685 0.651697 -0.304728
0.746681 0.663137 -0.299663
0.736503 0.674422 -0.294580
0.726155 0.685552 -0.289479
0.715639 0.696522 -0.284362
0.704957 0.707332 -0.279229
0.694111 0.717977 -0.274079
0.683105 0.728457 -0.268914
0.671941 0.738767 -0.263733
0.660622 0.748907 -0.258537
0.649149 0.758873 -0.253326
0.637526 0.768663 -0.248100
0.625755 0.778275 -0.242859
0.613839 0.787708 -0.237605
0.601782 0.796957 -0.232337
0.589584 0.806022 -0.227055
0.577251 0.814901 -0.221761
0.564783 0.823591 -0.216453
0.552185 0.832090 -0.211133
0.539459 0.840396 -0.205801
0.526608 0.848508 -0.200457
0.513635 0.856423 -0.195101
0.500543 0.864140 -0.189734
0.487336 0.871657 -0.184356
0.474015 0.878972 -0.178967
0.460585 0.886083 -0.173568
0.447048 0.892990 -0.168159
0.433407 0.899689 -0.162740
0.419666 0.906180 -0.157312
0.405828 0.912461 -0.151874
0.391896 0.918531 -0.146428
0.377873 0.924388 -0.140973
0.363763 0.930032 -0.135511
0.349568 0.935459 -0.130040
0.335293 0.940670 -0.124562
0.320939 0.945664 -0.119076
0.306512 0.950438 -0.113584
0.292013 0.954992 -0.108085
0.277447 0.959325 -0.102580
0.262817 0.963436 -0.097069
0.248126 0.967324 -0.091552
0.233377 0.970988 -0.086030
0.218574 0.974427 -0.080503
0.203721 0.977640 -0.074971
0.188820 0.980627 -0.069435
0.173876 0.983387 -0.063895
0.158891 0.985919 -0.058352
0.143870 0.988222 -0.052804
0.128815 0.990297 -0.047254
0.113731 0.992143 -0.041701
0.098620 0.993759 -0.036146
0.083487 0.995144 -0.030589
0.068334 0.996299 -0.025030
0.053165 0.997224 -0.019469
0.037984 0.997917 -0.013907
0.022794 0.998380 -0.008345
0.007598 0.998611 -0.002782
-0.007598 0.998611 0.002782
-0.022794 0.998380 0.008345
-0.037984 0.997917 0.013907
-0.053165 0.997224 0.019469
-0.068334 0.996299 0.025030
-0.083487 0.995144 0.030589
-0.098620 0.993759 0.036146
-0.113731 0.992143 0.041701
-0.128815 0.990297 0.047254
-0.143870 0.988222 0.052804
-0.158891 0.985919 0.058352
-0.173876 0.983387 0.063895
-0.188820 0.980627 0.069435
-0.203721 0.977640 0.074971
-0.218574 0.974427 0.080503
-0.233377 0.970988 0.086030
-0.248126 0.967324 0.091552
-0.262817 0.963436 0.097069
-0.277447 0.959325 0.102580
-0.292013 0.954992 0.108085
-0.306512 0.950438 0.113584
-0.320939 0.945664 0.119076
-0.335293 0.940670 0.124562
-0.349568 0.935459 0.130040
-0.363763 0.930032 0.135511
-0.377873 0.924388 0.140973
-0.391896 0.918531 0.146428
-0.405828 0.912461 0.151874
-0.419666 0.906180 0.157312
-0.433407 0.899689 0.162740
-0.447048 0.892990 0.168159
-0.460585 0.886083 0.173568
-0.474015 0.878972 0.178967
-0.487336 0.871657 0.184356
-0.500543 0.864140 0.189734
-0.513635 0.856423 0.195101
-0.526608 0.848508 0.200457
-0.539459 0.840396 0.205801
-0.552185 0.832090 0.211133
-0.564783 0.823591 0.216453
-0.577251 0.814901 0.221761
-0.589584 0.806022 0.227055
-0.601782 0.796957 0.232337
-0.613839 0.787708 0.237605
-0.625755 0.778275 0.242859
-0.637526 0.768663 0.248100
-0.649149 0.758873 0.253326
-0.660622 0.748907 0.258537
-0.671941 0.738767 0.263733
-0.683105 0.728457 0.268914
-0.694111 0.717977 0.274079
-0.704957 0.707332 0.279229
-0.715639 0.696522 0.284362
-0.726155 0.685552 0.289479
-0.736503 0.674422 0.294580
-0.746681 0.663137 0.299663
-0.756685 0.651697 0.304728
-0.766515 0.640107 0.309777
-0.776166 0.628369 0.314807
-0.785639 0.616485 0.319819
-0.794929 0.604459 0.324812
-0.804035 0.592292 0.329787
-0.812955 0.579988 0.334742
-0.821687 0.567550 0.339678
-0.830228 0.554981 0.344595
-0.838577 0.542283 0.349491
-0.846732 0.529459 0.354368
-0.854691 0.516513 0.359224
-0.862452 0.503447 0.364059
-0.870013 0.490265 0.368873
-0.877373 0.476969 0.373665
-0.884529 0.463562 0.378436
-0.891481 0.450049 0.383185
-0.898226 0.436431 0.387912
-0.904763 0.422712 0.392616
-0.911091 0.408895 0.397298
-0.917208 0.394983 0.401957
-0.923112 0.380980 0.406592
-0.928803 0.366889 0.411204
-0.934278 0.352712 0.415792
-0.939537 0.338454 0.420356
-0.944579 0.324118 0.424895
-0.949402 0.309707 0.429410
-0.954005 0.295224 0.433901
-0.958387 0.280672 0.438366
-0.962547 0.266056 0.442805
-0.966484 0.251378 0.447219
-0.970197 0.236641 0.451608
-0.973686 0.221850 0.455970
-0.976949 0.207008 0.460305
-0.979986 0.192117 0.464614
-0.982796 0.177182 0.468896
-0.985379 0.162206 0.473151
-0.987733 0.147193 0.477379
-0.989858 0.132145 0.481578
-0.991755 0.117067 0.485750
-0.993421 0.101962 0.489894
-0.994858 0.086833 0.494010
-0.996064 0.071684 0.498097
-0.997039 0.056518 0.502155
-0.997784 0.041340 0.506184
-0.998298 0.026151 0.510183
-0.998580 0.010957 0.514154
-0.998631 -0.004240 0.518094
-0.998451 -0.019436 0.522004
-0.998040 -0.034627 0.525884
-0.997397 -0.049810 0.529734
-0.996524 -0.064982 0.533553
-0.995419 -0.080139 0.537341
-0.994085 -0.095277 0.541098
-0.992520 -0.110393 0.544824
-0.990725 -0.125484 0.548518
-0.988701 -0.140546 0.552181
-0.986447 -0.155575 0.555811
-0.983966 -0.170568 0.559410
-0.981256 -0.185521 0.562975
-0.978320 -0.200431 0.566509
-0.975156 -0.215296 0.570009
-0.971767 -0.230110 0.573477
-0.968153 -0.244871 0.576911
-0.964315 -0.259575 0.580312
-0.960253 -0.274219 0.583679
-0.955969 -0.288800 0.587013
-0.951464 -0.303313 0.590312
-0.946738 -0.317757 0.593578
-0.941793 -0.332127 0.596809
-0.936630 -0.346420 0.600005
-0.931250 -0.360633 0.603167
-0.925654 -0.374762 0.606293
-0.919844 -0.388804 0.609385
-0.913821 -0.402757 0.612442
-0.907586 -0.416616 0.615462
-0.901142 -0.430379 0.618448
-0.894488 -0.444042 0.621397
-0.887627 -0.457602 0.624311
-0.880561 -0.471056 0.627188
-0.873291 -0.484401 0.630029
-0.865819 -0.497634 0.632834
-0.858146 -0.510752 0.635602
-0.850274 -0.523751 0.638333
-0.842206 -0.536630 0.641027
-0.833942 -0.549383 0.643684
-0.825486 -0.562010 0.646304
-0.816838 -0.574507 0.648886
-0.808001 -0.586870 0.651431
-0.798977 -0.599098 0.653938
-0.789768 -0.611187 0.656408
-0.780376 -0.623134 0.658839
-0.770803 -0.634937 0.661232
-0.761052 -0.646593 0.663587
-0.751124 -0.658099 0.665903
-0.741023 -0.669453 0.668181
-0.730750 -0.680652 0.670420
-0.720308 -0.691693 0.672621
-0.709699 -0.702574 0.674782
-0.698925 -0.713292 0.676904
-0.687990 -0.723845 0.678988
-0.676895 -0.734231 0.681031
-0.665644 -0.744446 0.683036
-0.654239 -0.754489 0.685001
-0.642682 -0.764357 0.686926
-0.630976 -0.774049 0.688811
-0.619124 -0.783561 0.690657
-0.607129 -0.792891 0.692463
-0.594993 -0.802038 0.694228
-0.582719 -0.811000 0.695953
-0.570310 -0.819773 0.697638
-0.557770 -0.828357 0.699283
-0.545100 -0.836748 0.700887
-0.532304 -0.844947 0.702451
-0.519384 -0.852949 0.703974
-0.506345 -0.860754 0.705456
-0.493188 -0.868359 0.706897
-0.479917 -0.875764 0.708297
-0.466535 -0.882965 0.709657
-0.453044 -0.889962 0.710975
-0.439449 -0.896753 0.712252
-0.425752 -0.903337 0.713488
-0.411957 -0.909711 0.714683
-0.398066 -0.915874 0.715836
-0.384082 -0.921826 0.716947
-0.370010 -0.927564 0.718018
-0.355853 -0.933087 0.719046
-0.341612 -0.938394 0.720033
-0.327293 -0.943484 0.720979
-0.312898 -0.948355 0.721882
-0.298431 -0.953006 0.722744
-0.283894 -0.957437 0.723564
-0.269291 -0.961647 0.724342
-0.254627 -0.965633 0.725078
-0.239903 -0.969396 0.725773
-0.225124 -0.972934 0.726425
-0.210292 -0.976247 0.727035
-0.195412 -0.979334 0.727603
-0.180487 -0.982195 0.728129
-0.165520 -0.984828 0.728612
-0.150514 -0.987232 0.729054
-0.135474 -0.989408 0.729453
-0.120402 -0.991355 0.729810
-0.105303 -0.993073 0.730125
-0.090179 -0.994560 0.730398
-0.075034 -0.995817 0.730628
-0.059871 -0.996844 0.730816
-0.044695 -0.997639 0.730962
-0.029509 -0.998204 0.731065
-0.014316 -0.998537 0.731126
0.000881 -0.998640 0.731145
0.016077 -0.998511 0.731121
0.031270 -0.998150 0.731055
0.046456 -0.997559 0.730947
0.061630 -0.996737 0.730797
0.076791 -0.995683 0.730604
0.091933 -0.994399 0.730368
0.107055 -0.992885 0.730091
0.122151 -0.991141 0.729771
0.137219 -0.989168 0.729409
0.152256 -0.986965 0.729005
0.167257 -0.984534 0.728559
0.182220 -0.981875 0.728070
0.197140 -0.978988 0.727539
0.212015 -0.975875 0.726966
0.226840 -0.972536 0.726351
0.241613 -0.968971 0.725694
0.256330 -0.965182 0.724995
0.270988 -0.961170 0.724254
0.285583 -0.956935 0.723471
0.300112 -0.952478 0.722646
0.314571 -0.947801 0.721780
0.328957 -0.942905 0.720871
0.343268 -0.937790 0.719921
0.357499 -0.932457 0.718929
0.371647 -0.926909 0.717896
0.385708 -0.921147 0.716821
0.399681 -0.915170 0.715704
0.413561 -0.908982 0.714546
0.427345 -0.902584 0.713347
0.441031 -0.895976 0.712106
0.454614 -0.889161 0.710824
0.468092 -0.882141 0.709501
0.481461 -0.874915 0.708137
0.494719 -0.867488 0.706732
0.507863 -0.859859 0.705286
0.520889 -0.852031 0.703799
0.533794 -0.844006 0.702271
0.546576 -0.835785 0.700703
0.559231 -0.827371 0.699094
0.571756 -0.818765 0.697445
0.584149 -0.809970 0.695755
0.596407 -0.800987 0.694025
0.608527 -0.791819 0.692255
0.620506 -0.782467 0.690445
0.632341 -0.772934 0.688595
0.644029 -0.763222 0.686705
0.655569 -0.753333 0.684775
0.666957 -0.743270 0.682805
0.678190 -0.733035 0.680796
0.689266 -0.722630 0.678748
0.700183 -0.712058 0.676660
0.710937 -0.701320 0.674533
0.721527 -0.690421 0.672367
0.731950 -0.679361 0.670163
0.742203 -0.668144 0.667919
0.752284 -0.656773 0.665637
0.762192 -0.645249 0.663316
0.771922 -0.633576 0.660956
0.781474 -0.621756 0.658559
0.790845 -0.609792 0.656123
0.800033 -0.597687 0.653650
0.809035 -0.585443 0.651138
0.817850 -0.573064 0.648589
0.826476 -0.560553 0.646002
0.834910 -0.547911 0.643378
0.843151 -0.535143 0.640717
0.851197 -0.522250 0.638018
0.859046 -0.509237 0.635283
0.866696 -0.496106 0.632510
0.874144 -0.482860 0.629702
0.881391 -0.469502 0.626856
0.888434 -0.456035 0.623975
0.895270 -0.442463 0.621057
0.901900 -0.428788 0.618103
0.908320 -0.415014 0.615114
0.914530 -0.401144 0.612089
0.920529 -0.387181 0.609028
0.926314 -0.373128 0.605933
0.931885 -0.358989 0.602802
0.937240 -0.344767 0.599636
0.942377 -0.330465 0.596436
0.947297 -0.316086 0.593201
0.951997 -0.301634 0.589931
0.956477 -0.287112 0.586628
0.960735 -0.272524 0.583290
0.964771 -0.257873 0.579919
0.968584 -0.243162 0.576514
0.972172 -0.228395 0.573076
0.975535 -0.213575 0.569605
0.978672 -0.198705 0.566101
0.981582 -0.183789 0.562564
0.984265 -0.168831 0.558994
0.986720 -0.153834 0.555392
0.988947 -0.138801 0.551758
0.990945 -0.123736 0.548092
0.992713 -0.108642 0.544394
0.994251 -0.093523 0.540664
0.995559 -0.078382 0.536904
0.996637 -0.063224 0.533112
0.997483 -0.048050 0.529289
0.998099 -0.032866 0.525436
0.998484 -0.017674 0.521552
0.998637 -0.002478 0.517639
0.998559 0.012719 0.513695
0.998250 0.027913 0.509721
0.997710 0.043100 0.505718
0.996938 0.058278 0.501686
0.995936 0.073441 0.497624
0.994703 0.088588 0.493534
0.993240 0.103715 0.489415
0.991547 0.118817 0.485268
0.989624 0.133892 0.481093
0.987472 0.148936 0.476890
0.985091 0.163945 0.472659
0.982482 0.178916 0.468401
0.979646 0.193846 0.464116
0.976582 0.208731 0.459804
0.973293 0.223568 0.455465
0.969778 0.238353 0.451100
0.966039 0.253083 0.446709
0.962076 0.267754 0.442292
0.957890 0.282363 0.437849
0.953482 0.296907 0.433381
0.948854 0.311381 0.428888
0.944006 0.325784 0.424370
0.938939 0.340112 0.419828
0.933654 0.354360 0.415261
0.928154 0.368527 0.410670
0.922432 0.382647 0.406003
0.916468 0.396832 0.401100
0.910228 0.411188 0.395798
0.903681 0.425736 0.390033
0.896803 0.440458 0.383796
0.889569 0.455331 0.377077
0.881956 0.470334 0.369868
0.873941 0.485443 0.362163
0.865503 0.500632 0.353955
0.856624 0.515873 0.345239
0.847284 0.531140 0.336011
0.837467 0.546403 0.326268
0.827159 0.561631 0.316009
0.816344 0.576793 0.305232
0.805013 0.591858 0.293939
0.793154 0.606792 0.282130
0.780761 0.621562 0.269808
0.767825 0.636134 0.256976
0.754344 0.650474 0.243641
0.740315 0.664548 0.229806
0.725737 0.678321 0.215481
0.710613 0.691759 0.200672
0.694945 0.704826 0.185388
0.678741 0.717491 0.169641
0.662006 0.729718 0.153441
0.644752 0.741476 0.136801
0.626989 0.752732 0.119733
0.608732 0.763456 0.102252
0.589996 0.773617 0.084374
0.570798 0.783186 0.066113
0.551157 0.792136 0.047487
0.531095 0.800442 0.028515
0.510633 0.808077 0.009213
0.489795 0.815021 -0.010399
0.468607 0.821251 -0.030300
0.447095 0.826749 -0.050472
0.425287 0.831498 -0.070891
0.403212 0.835482 -0.091538
0.380900 0.838688 -0.112389
0.358382 0.841107 -0.133424
0.335689 0.842728 -0.154618
0.312852 0.843547 -0.175949
0.289905 0.843559 -0.197393
0.266880 0.842762 -0.218928
0.243811 0.841158 -0.240529
0.220729 0.838750 -0.262174
0.197668 0.835543 -0.283837
0.174660 0.831544 -0.305497
0.151738 0.826764 -0.327128
0.128933 0.821215 -0.348709
0.106276 0.814911 -0.370216
0.083799 0.807869 -0.391626
0.061529 0.800107 -0.412916
0.039497 0.791646 -0.434065
0.017729 0.782507 -0.455051
-0.003747 0.772714 -0.475851
-0.024907 0.762293 -0.496447
-0.045726 0.751271 -0.516816
-0.066182 0.739676 -0.536939
-0.086253 0.727537 -0.556797
-0.105919 0.714886 -0.576371
-0.125161 0.701754 -0.595644
-0.143963 0.688174 -0.614596
-0.162309 0.674178 -0.633213
-0.180185 0.659800 -0.651477
-0.197577 0.645076 -0.669374
-0.214475 0.630039 -0.686887
-0.230870 0.614724 -0.704004
-0.246751 0.599166 -0.720711
-0.262114 0.583399 -0.736994
-0.276951 0.567459 -0.752842
-0.291260 0.551379 -0.768244
-0.305036 0.535193 -0.783188
-0.318279 0.518935 -0.797665
-0.330986 0.502636 -0.811665
-0.343160 0.486329 -0.825179
-0.354801 0.470044 -0.838200
-0.365911 0.453812 -0.850719
-0.376495 0.437662 -0.862729
-0.386556 0.421622 -0.874225
-0.396098 0.405717 -0.885200
-0.405129 0.389975 -0.895649
-0.413653 0.374420 -0.905568
-0.421677 0.359073 -0.914952
-0.429210 0.343958 -0.923797
-0.436257 0.329094 -0.932101
-0.442828 0.314501 -0.939861
-0.448931 0.300195 -0.947074
-0.454574 0.286194 -0.953739
-0.459765 0.272511 -0.959854
-0.464515 0.259160 -0.965419
-0.468831 0.246153 -0.970433
-0.472723 0.233500 -0.974895
-0.476199 0.221210 -0.978806
-0.479270 0.209292 -0.982168
-0.481943 0.197750 -0.984980
-0.484227 0.186591 -0.987244
-0.486133 0.175817 -0.988963
-0.487667 0.165433 -0.990138
-0.488870 0.155440 -0.990834
-0.489844 0.145845 -0.991242
-0.490692 0.136649 -0.991552
-0.491451 0.127847 -0.991830
-0.492130 0.119432 -0.992079
-0.492735 0.111395 -0.992300
-0.493273 0.103727 -0.992498
-0.493751 0.096421 -0.992672
-0.494173 0.089467 -0.992827
-0.494545 0.082859 -0.992963
-0.494872 0.076586 -0.993083
-0.495159 0.070640 -0.993188
-0.495409 0.065013 -0.993280
-0.495627 0.059696 -0.993359
-0.495815 0.054681 -0.993428
-0.495978 0.049958 -0.993488
-0.496054 0.045518 -0.993411
-0.495855 0.041350 -0.992817
-0.495191 0.037443 -0.991324
-0.494003 0.033791 -0.988805
-0.492293 0.030391 -0.985266
-0.490064 0.027234 -0.980710
-0.487322 0.024316 -0.975142
-0.484070 0.021626 -0.968569
-0.480313 0.019157 -0.960998
-0.476056 0.016899 -0.952437
-0.471305 0.014843 -0.942895
-0.466064 0.012978 -0.932383
-0.460341 0.011294 -0.920911
-0.454142 0.009780 -0.908492
-0.447474 0.008425 -0.895138
-0.440343 0.007218 -0.880864
-0.432759 0.006148 -0.865684
-0.424729 0.005206 -0.849614
-0.416261 0.004379 -0.832671
-0.407365 0.003659 -0.814871
-0.398049 0.003036 -0.796235
-0.388324 0.002499 -0.776780
-0.378200 0.002041 -0.756526
-0.367687 0.001652 -0.735495
-0.356795 0.001325 -0.713708
-0.345537 0.001052 -0.691188
-0.333924 0.000826 -0.667957
-0.321968 0.000641 -0.644041
-0.309680 0.000491 -0.619462
-0.297075 0.000371 -0.594246
-0.284164 0.000276 -0.568421
-0.270961 0.000202 -0.542011
-0.257480 0.000145 -0.515044
-0.243734 0.000102 -0.487547
-0.229738 0.000070 -0.459550
-0.215505 0.000047 -0.431081
-0.201051 0.000030 -0.402168
-0.186391 0.000019 -0.372843
-0.171539 0.000011 -0.343134
-0.156511 0.000007 -0.313072
-0.141322 0.000004 -0.282689
-0.125987 0.000002 -0.252016
-0.110524 0.000001 -0.221083
-0.094946 0.000000 -0.189924
-0.079272 0.000000 -0.158569
-0.063515 0.000000 -0.127051
-0.047694 0.000000 -0.095403
-0.031823 0.000000 -0.063656
-0.015920 0.000000 -0.031845
0.000000 0.000000 0.000000
##END
