-0.137834 0.109939 -0.984335
0.705083 0.324050 -0.630754
0.896992 0.303893 -0.321019
0.992583 0.017925 -0.120244
0.814279 0.037856 0.579237
-0.173140 0.824427 0.538834
0.620912 0.326256 0.712759
0.400302 0.396643 -0.826095
0.040224 -0.246680 -0.968262
0.214190 0.684679 -0.696662
0.570288 0.625959 -0.531927
0.547575 0.832919 -0.080045
0.436990 0.858852 0.267233
0.931787 0.359899 0.047389
0.908903 -0.278132 -0.310705
0.297802 0.550057 0.780225
-0.677859 -0.626739 0.384325
-0.513178 0.050465 -0.856797
-0.171006 0.690384 -0.702942
0.000059 0.891317 -0.453381
0.350843 0.852382 -0.387756
-0.373923 0.845755 -0.380632
0.229034 0.085810 -0.969629
0.089563 0.960996 0.261660
0.568268 0.635493 0.522705
-0.072016 0.591054 0.803411
0.319171 0.234765 0.918159
-0.908876 0.278216 0.310710
0.038564 0.427365 -0.903256
-0.526104 0.616400 -0.585889
-0.992519 -0.012868 0.121407
-0.524543 0.850265 -0.043624
0.742347 0.645722 0.178784
-0.250248 0.949167 0.190939
0.198369 0.799881 0.566427
-0.022454 0.275285 0.961100
0.781720 -0.615457 -0.100629
-0.661008 0.314262 -0.681401
-0.854133 0.337340 -0.395801
-0.720358 0.639181 -0.269317
-0.780971 0.616679 0.098952
0.835248 0.368695 0.407952
-0.716224 0.529848 0.454185
0.210267 0.974801 -0.074504
-0.426770 0.592389 0.683332
-0.089554 -0.960995 -0.261666
-0.828072 -0.347732 -0.439750
-0.303606 -0.218260 -0.927462
-0.802508 -0.017585 -0.596382
-0.948056 -0.302394 -0.098734
-0.141962 0.980529 -0.135683
-0.963609 0.010584 -0.267105
-0.850589 -0.004187 0.525815
-0.898090 -0.303714 0.318107
-0.942220 0.331035 -0.051343
-0.606560 -0.311081 -0.731652
-0.724240 -0.640722 -0.254857
-0.368604 0.292019 0.882528
-0.431489 -0.860160 -0.271922
0.141998 -0.980526 0.135669
-0.816886 -0.572061 0.073778
-0.513955 0.785797 0.344055
-0.676739 0.269724 0.685035
-0.700636 -0.322737 0.636357
-0.562089 -0.040820 0.826069
-0.269583 -0.536510 -0.799676
-0.190049 -0.797252 -0.572949
0.223975 -0.684765 0.693493
-0.538762 -0.627726 -0.561868
-0.210267 -0.974801 0.074504
-0.550584 -0.831722 0.071383
-0.350843 -0.852382 0.387756
-0.459006 -0.607503 0.648269
-0.362366 -0.348504 0.864428
0.085672 -0.579191 -0.810678
0.427934 -0.591639 -0.683254
0.173612 -0.823924 -0.539451
0.250250 -0.949167 -0.190936
0.526036 -0.849329 0.043889
0.003079 -0.892962 0.450122
-0.131840 -0.685131 0.716389
-0.205822 -0.046402 0.977489
0.373018 -0.283201 -0.883547
0.870767 -0.304742 0.385871
0.763882 0.605954 -0.222045
-0.333956 0.397451 -0.854696
0.513955 -0.785797 -0.344055
0.735968 -0.625099 0.260005
0.382394 -0.843816 0.376497
0.559972 -0.603353 0.567799
0.358134 -0.383485 0.851281
-0.006055 -0.408486 0.912744
0.676855 -0.269499 -0.685009
0.562638 0.047091 -0.825361
0.716224 -0.529848 -0.454185
0.850607 0.004113 -0.525787
0.969015 0.034959 0.244514
0.945387 -0.322179 0.049444
0.676819 -0.297858 0.673199
0.530473 -0.032954 0.847061
0.159457 -0.090944 0.983007
