0.528068 0.127700 -0.839545
0.828263 0.154867 -0.538514
0.771633 -0.523107 -0.361857
0.850185 0.432155 -0.300711
0.975958 0.115584 -0.184785
0.382208 -0.443159 0.810881
0.980332 0.040637 0.193125
0.915454 0.398128 0.058631
0.695008 0.181785 0.695642
0.410466 0.160302 0.897675
0.321115 0.427260 -0.845183
0.627944 0.428555 -0.649637
0.621688 0.678385 -0.391533
0.347487 0.717918 -0.603197
0.400075 0.888972 -0.222866
0.717235 0.626098 0.305899
-0.232214 0.952168 0.198628
-0.796345 0.577849 0.178678
0.285693 0.484711 0.826701
0.061618 0.207003 0.976398
-0.623197 0.294009 -0.724696
-0.526112 -0.078334 -0.846800
-0.208431 -0.896473 0.391014
0.094419 0.907003 -0.410403
-0.762284 0.621114 -0.182048
0.121651 0.992438 -0.016359
0.109585 0.936656 0.332667
0.422214 0.771474 0.475987
0.123644 0.747258 0.652930
-0.201404 0.818015 0.538783
-0.091941 0.533124 0.841026
0.032645 0.668101 -0.743354
-0.310729 0.548351 -0.776375
-0.189628 0.968105 -0.163751
-0.543128 0.837045 0.066092
0.973475 -0.221506 -0.057293
-0.530516 0.744287 0.405696
-0.744727 0.445168 0.497200
-0.419554 0.570740 0.705855
-0.484871 0.828851 -0.279118
-0.827489 0.365350 -0.426358
0.449934 0.881949 0.140448
-0.898306 -0.276797 -0.341219
-0.944220 0.326623 -0.042020
-0.934471 0.203094 0.292434
0.583721 0.503920 0.636659
-0.597962 0.263802 0.756869
-0.293846 0.240743 0.925039
-0.335378 0.218674 -0.916353
-0.796737 0.002001 -0.604323
-0.205348 -0.699155 0.684847
-0.531160 -0.610381 0.587626
-0.228149 0.815687 -0.531604
-0.997451 -0.064777 0.029908
-0.919538 -0.197194 0.339947
-0.576869 0.610939 -0.542195
-0.807885 0.041456 0.587880
0.038270 -0.993313 0.108923
-0.332894 -0.376555 -0.864516
0.275344 -0.590774 -0.758400
-0.682809 -0.342151 -0.645527
-0.731112 -0.587052 -0.347627
-0.697658 -0.716370 -0.009305
-0.707224 -0.307263 0.636729
-0.909004 -0.416615 -0.011965
-0.789057 -0.525107 0.318830
-0.519239 -0.076399 0.851207
-0.087786 -0.623568 -0.776825
-0.211819 -0.826868 -0.520982
-0.474699 -0.620910 -0.623804
-0.474355 -0.835444 -0.277527
-0.335521 -0.941421 0.033936
-0.532857 -0.794051 0.292482
-0.366682 -0.397191 0.841299
-0.163399 -0.096666 0.981813
-0.149667 -0.065316 -0.986577
0.149197 -0.840244 -0.521277
0.894949 -0.194338 -0.401621
-0.084575 -0.969626 -0.229503
-0.955242 0.065049 -0.288585
0.061023 -0.335319 -0.940126
0.143356 -0.888007 0.436912
0.138267 -0.681708 0.718440
-0.009023 -0.418093 0.908359
0.396697 -0.235868 -0.887129
-0.009828 0.347087 -0.937781
0.704471 -0.142517 -0.695277
0.590197 -0.468203 -0.657612
0.484920 -0.752074 -0.446360
0.600518 -0.792861 -0.103680
0.689196 -0.671966 0.271053
0.277445 -0.943881 -0.179200
0.457864 -0.710412 0.534487
0.220781 -0.142957 0.964790
0.194879 0.056381 -0.979205
0.403733 -0.896330 0.183282
0.860225 0.307338 0.406885
0.712357 0.700557 -0.042046
0.840032 -0.542022 -0.023637
0.894806 -0.343147 0.285609
0.692022 -0.431993 0.578350
0.850457 -0.083046 0.519449
0.584502 -0.155574 0.796338
