0.761282 0.614727 -0.206301
0.467747 -0.879647 -0.086223
0.618568 0.200863 -0.759623
0.847405 0.064845 -0.526972
0.736633 0.658435 0.154386
-0.165663 -0.702868 0.691760
0.183925 0.902904 -0.388505
0.647361 0.264542 0.714801
0.404248 0.467823 -0.785955
0.726500 0.444923 -0.523681
0.165663 0.702868 -0.691760
0.315250 0.191079 0.929573
0.843700 -0.281333 -0.457189
-0.843700 0.281333 0.457189
0.470186 0.866249 0.168930
0.420924 0.751835 0.507511
0.685608 0.542823 0.485063
0.385586 0.505119 0.772126
-0.128156 0.566602 -0.813965
-0.154987 0.826860 -0.540630
0.490954 0.707353 -0.508543
-0.150019 0.965759 -0.211668
0.499493 0.847055 -0.181671
0.180719 0.982926 -0.034588
-0.172589 0.860469 0.479381
0.097950 0.724337 0.682452
-0.262032 0.623002 0.737026
0.029549 0.438491 0.898249
0.111018 0.331578 -0.936873
-0.706379 0.349632 -0.615457
-0.419545 0.386743 -0.821226
0.926001 0.278552 -0.254817
-0.470844 0.837859 -0.276221
-0.467747 0.879647 0.086223
-0.147211 0.978888 0.141802
-0.491313 0.763009 0.420034
0.913963 -0.279596 0.294104
-0.584952 0.491255 0.645368
-0.329088 0.307485 0.892835
-0.199069 0.161379 -0.966607
-0.989141 -0.024486 -0.144912
-0.732467 0.680360 -0.024522
-0.758183 0.576111 0.305375
-0.618569 -0.200866 0.759622
-0.847405 -0.064843 0.526973
-0.631556 0.159010 0.758850
-0.042071 0.092878 0.994788
0.262032 -0.623002 -0.737026
-0.834319 0.028552 -0.550541
-0.877737 -0.271200 -0.395004
0.042071 -0.092878 -0.994788
-0.925322 0.376955 0.041044
-0.979361 0.068320 0.190224
-0.761282 -0.614727 0.206301
-0.926001 -0.278552 0.254817
-0.349997 -0.066049 0.934420
-0.315251 -0.191079 -0.929573
-0.736633 -0.658436 -0.154386
-0.685608 -0.542823 -0.485063
-0.462203 0.659614 -0.592687
-0.420925 -0.751835 -0.507511
-0.923588 -0.377408 -0.067445
-0.726500 -0.444923 0.523681
-0.404248 -0.467823 0.785955
-0.913963 0.279596 -0.294104
0.732468 -0.680359 0.024523
-0.385585 -0.505122 -0.772124
-0.097950 -0.724337 -0.682452
-0.154244 -0.926444 -0.343380
-0.180719 -0.982926 0.034588
-0.470186 -0.866249 -0.168930
-0.499493 -0.847055 0.181671
-0.490954 -0.707353 0.508543
0.128156 -0.566602 0.813965
-0.111018 -0.331578 0.936873
-0.647361 -0.264542 -0.714801
-0.029549 -0.438492 -0.898249
0.172589 -0.860469 -0.479381
-0.561730 0.057041 -0.825352
0.147217 -0.978887 -0.141802
0.989141 0.024486 0.144912
0.150019 -0.965759 0.211668
0.470844 -0.837859 0.276221
-0.183925 -0.902904 0.388505
0.154987 -0.826860 0.540630
0.154244 0.926444 0.343380
-0.735179 0.581736 -0.347988
0.584952 -0.491255 -0.645368
0.923588 0.377407 0.067445
0.491313 -0.763009 -0.420034
0.877737 0.271200 0.395004
0.329088 -0.307485 -0.892835
0.462203 -0.659614 0.592687
0.925322 -0.376955 -0.041044
0.199069 -0.161379 0.966607
0.349997 0.066049 -0.934420
0.631557 -0.159011 -0.758849
0.979361 -0.068320 -0.190224
0.758183 -0.576111 -0.305375
0.735179 -0.581736 0.347988
0.419545 -0.386744 0.821226
0.706379 -0.349632 0.615457
0.834319 -0.028552 0.550541
0.561730 -0.057041 0.825352
