0.758145 0.279601 -0.589101
0.588558 0.048147 -0.807020
0.935346 0.120500 -0.332579
0.860879 0.451601 -0.234401
0.985739 0.167806 0.012671
-0.279935 -0.121567 0.952291
0.917802 0.187110 0.350184
0.745820 0.497222 0.443308
0.854554 0.507498 0.110377
0.469015 0.463290 0.751922
0.110111 0.532446 -0.839272
0.474804 0.394725 -0.786609
0.643411 0.600723 -0.474504
0.652107 0.744809 -0.141478
0.602674 0.772682 0.199365
0.473609 0.713510 0.516331
0.159953 0.701360 0.694629
0.378922 0.168529 0.909954
0.351675 0.688085 -0.634716
0.814412 -0.433198 -0.386100
0.367476 0.868951 -0.331489
0.339562 0.940490 0.013311
-0.015929 0.992008 0.125167
-0.536844 0.665958 -0.517975
0.233939 0.903692 0.358628
-0.130535 0.305755 -0.943120
0.636965 -0.753271 0.163885
-0.622601 0.761815 -0.178903
-0.276942 0.863277 -0.421966
0.032606 0.973481 -0.226434
-0.329611 0.939488 -0.093375
-0.342330 0.906869 0.245760
-0.462968 0.720740 0.515940
-0.099334 0.859780 0.500911
-0.193610 0.616962 0.762806
-0.212416 0.295670 0.931375
-0.450801 0.383827 -0.805888
-0.831848 0.492964 -0.254982
-0.907667 0.145524 -0.393655
-0.595991 -0.280035 -0.752579
0.043221 0.824930 -0.563581
-0.836895 -0.171303 -0.519868
-0.644369 0.745155 0.171849
0.117355 0.416712 0.901432
-0.867172 0.490040 0.088732
-0.770524 0.168370 0.614772
-0.522531 0.448812 0.724934
-0.383603 0.027890 -0.923077
-0.633321 -0.707561 0.313466
-0.382017 -0.725557 0.572390
-0.721684 0.387374 -0.573685
-0.961061 -0.193967 -0.196820
-0.980864 -0.136181 0.139144
-0.864531 -0.158134 0.477053
-0.629707 -0.177555 0.756270
-0.982581 0.176094 -0.059380
-0.122126 -0.633670 -0.763903
-0.675817 0.077897 -0.732942
-0.747251 -0.495954 -0.442320
-0.751472 0.495188 0.435981
-0.860879 -0.451601 0.234401
-0.850561 -0.514865 -0.107050
-0.672680 -0.471617 0.570157
0.295813 -0.905234 0.305035
-0.381428 -0.441530 0.812135
-0.288753 -0.323124 -0.901229
-0.223145 0.641741 -0.733740
-0.220032 -0.850685 -0.477410
-0.301940 -0.944975 -0.125917
-0.631409 -0.775216 -0.019049
-0.504556 0.127110 0.853971
-0.457060 -0.596379 -0.659870
-0.077835 -0.890424 0.448426
-0.082995 -0.643719 0.760748
-0.933926 0.189923 0.302840
-0.033387 -0.040440 -0.998624
0.129561 -0.798820 -0.587452
-0.351260 -0.909378 0.222818
0.045474 -0.967738 -0.247819
-0.000103 -0.994491 0.104822
-0.544302 -0.763444 -0.347691
0.538731 -0.683470 0.492583
0.208972 -0.762967 0.611729
-0.012258 -0.350282 0.936564
0.061015 -0.376742 -0.924306
0.308817 -0.555292 -0.772194
0.563588 -0.624979 -0.540156
0.307574 -0.187480 0.932872
0.667426 -0.720729 -0.187331
0.364467 -0.930851 -0.026078
0.814279 -0.465742 0.346461
0.630290 -0.399798 0.665505
0.314380 -0.504316 0.804257
0.035187 0.043905 0.998416
0.239529 0.190895 -0.951937
0.335736 -0.164020 -0.927566
0.819214 -0.117358 -0.561352
0.597295 -0.325947 -0.732801
0.376492 -0.853467 -0.360343
0.870991 -0.491285 -0.003768
0.965854 -0.188653 -0.177583
0.969976 -0.165128 0.178547
0.718669 0.217860 0.660342
0.849174 -0.129653 0.511951
0.611094 -0.081997 0.787299
