0.298662 0.086987 -0.950387
0.631036 0.042596 -0.774583
0.893533 0.361860 -0.265814
0.891062 -0.300119 -0.340495
0.986508 0.058193 -0.153018
0.968036 -0.015245 0.250346
0.827603 -0.157159 0.538864
0.625192 0.109160 0.772800
0.442080 0.364416 -0.819613
0.740947 0.335082 -0.581995
0.364481 -0.906594 0.212699
0.688371 0.653289 -0.315211
0.332513 0.846783 -0.415203
0.451174 0.721896 0.524699
0.594159 0.774016 0.218803
0.803857 0.594774 0.007669
0.766854 0.515140 0.382839
0.573140 0.442671 0.689603
0.315678 0.287540 0.904250
0.088337 0.399903 -0.912291
0.189851 0.674529 -0.713419
-0.371611 0.807592 -0.457930
-0.020366 0.884317 -0.466442
0.146770 0.979348 -0.139051
0.284413 0.935879 0.207940
-0.058255 0.985314 0.160510
0.657206 -0.522248 0.543449
0.124025 0.848773 0.514006
0.219199 0.596679 0.771963
-0.217035 0.962860 -0.160610
-0.495918 0.555971 -0.667054
-0.154224 0.662799 -0.732743
-0.550142 0.821419 -0.150384
-0.423892 0.891082 0.162138
0.944857 0.302565 0.125300
0.516882 0.610681 -0.599918
-0.488193 0.686218 0.539232
-0.140160 0.671428 0.727695
-0.060543 0.394071 0.917084
-0.271029 0.360427 -0.892544
-0.592096 0.243922 -0.768066
-0.815608 0.274993 -0.509080
-0.943117 -0.217802 0.251181
-0.798185 0.599820 -0.055834
-0.998009 0.049178 0.039483
-0.907064 0.371822 0.197443
-0.900968 0.108106 0.420203
0.837916 0.207326 0.504888
-0.082881 0.082398 -0.993147
-0.940082 -0.026206 -0.339939
-0.687648 0.679084 0.256875
-0.950361 -0.290616 -0.111156
-0.779804 -0.155125 0.606500
-0.419855 -0.013782 -0.907487
-0.560140 -0.726311 0.398392
0.074407 -0.683053 0.726569
-0.521436 -0.172573 0.835657
-0.339189 0.150207 0.928649
0.826869 -0.558376 -0.067116
-0.541981 -0.331479 -0.772255
-0.237125 -0.598988 -0.764843
-0.560809 -0.601593 -0.568840
0.390142 -0.808736 -0.440154
-0.777673 -0.585303 -0.229445
-0.822662 -0.556259 0.117491
-0.769777 -0.455969 0.446694
-0.809495 -0.343866 -0.475893
-0.523531 -0.494199 0.694033
0.033503 0.068737 0.997072
-0.933429 0.308105 -0.183799
0.092710 -0.774733 -0.625454
-0.253604 -0.825197 -0.504713
-0.657521 0.160520 0.736138
-0.521372 -0.804590 -0.284265
-0.267456 -0.957856 -0.104783
-0.580891 -0.811754 0.060165
-0.284988 -0.921441 0.264061
0.108931 -0.339389 0.934318
-0.211256 -0.502492 0.838375
0.969238 -0.246080 -0.004712
0.118253 -0.520683 -0.845521
0.369499 -0.502912 0.781377
0.014340 -0.947429 -0.319645
-0.744609 -0.059318 -0.664860
0.289717 -0.948416 -0.128731
0.022083 -0.995239 0.094934
-0.217014 -0.299317 -0.929147
-0.260025 -0.763011 0.591778
-0.738083 0.424015 0.524829
-0.216568 0.869103 0.444700
0.111528 -0.206443 -0.972082
0.442539 -0.568877 -0.693209
0.687367 -0.594559 -0.417163
0.592214 -0.797500 -0.115221
0.659954 -0.713312 0.235897
0.385510 -0.759573 0.523862
-0.204847 -0.179648 0.962166
0.343028 -0.077264 0.936142
-0.704566 0.588766 -0.396158
0.438653 -0.256563 -0.861255
0.708488 -0.296613 -0.640363
0.869824 0.019352 -0.492982
0.051310 -0.897223 0.438587
0.496708 0.861885 -0.102150
0.866111 -0.410593 0.285071
0.592096 -0.243922 0.768066
-0.430405 0.449502 0.782751
