-0.764950 0.547200 0.339741
0.568704 0.133506 -0.811635
0.807918 0.171687 -0.563730
0.932895 0.248675 -0.260514
0.914129 0.274823 0.298062
0.886240 0.463205 0.004481
0.727717 0.632841 0.264460
0.814679 0.065629 0.576186
0.766227 0.538235 -0.350997
0.716591 0.433145 0.546702
-0.960862 0.205432 0.185855
0.069564 0.988887 0.131393
0.611976 0.456561 -0.645784
0.503525 0.776767 -0.378279
0.957436 -0.286090 -0.038318
-0.618898 0.371245 -0.692202
0.661329 0.746694 -0.071356
0.456981 0.870385 0.183299
0.482713 0.700669 0.525405
0.574224 -0.099783 0.812595
0.360899 0.509140 0.781363
0.278138 0.177777 0.943946
0.343231 0.672485 -0.655710
-0.316534 0.561914 -0.764237
0.143922 0.884837 -0.443114
0.312597 0.941258 -0.127739
-0.831149 0.246943 0.498207
-0.067119 0.980551 -0.184432
-0.685254 0.700559 -0.199106
0.088722 0.718775 0.689559
0.207856 0.882986 0.420870
0.018709 0.448069 0.893803
-0.775051 -0.422877 0.469543
-0.034019 0.390130 -0.920131
0.012432 0.682066 -0.731185
-0.214185 0.836195 -0.504879
-0.401884 0.892516 -0.204707
-0.473445 0.763498 0.439227
-0.289509 0.948082 0.131628
-0.146830 0.883159 0.445500
-0.882640 -0.452450 0.127423
-0.061025 0.120084 0.990886
-0.379764 0.225827 -0.897096
-0.809630 0.441602 -0.386636
0.271965 -0.498304 -0.823242
0.307311 0.400967 -0.863010
-0.865714 0.500340 0.014081
-0.604350 0.787423 0.121350
-0.656541 -0.602720 -0.453523
-0.144418 -0.972275 0.183914
-0.580879 0.493381 0.647422
-0.325675 0.340942 0.881870
-0.334486 -0.154462 -0.929656
-0.507999 -0.608180 0.609962
-0.620413 -0.022710 -0.783946
-0.937369 -0.099285 -0.333889
-0.961778 0.212201 -0.173072
-0.991975 -0.126422 -0.001915
-0.937002 -0.126349 0.325672
-0.782648 -0.082635 0.616956
-0.570599 -0.288312 0.768956
-0.607668 0.164046 0.777064
-0.177660 -0.455801 -0.872171
-0.517158 -0.407699 -0.752549
-0.771204 -0.277022 -0.573151
-0.824413 0.128336 -0.551247
-0.875576 -0.425361 -0.228985
-0.707282 -0.700098 -0.098058
-0.660067 -0.700798 0.270545
-0.259305 0.649581 0.714707
-0.531537 0.675891 -0.510529
0.580862 -0.493394 -0.647427
-0.379556 -0.045973 0.924026
0.665991 -0.719897 0.195462
0.228631 -0.929747 -0.288614
-0.353294 -0.694970 -0.626258
-0.080850 -0.880810 -0.466517
-0.431145 -0.847513 -0.309572
-0.353827 -0.837283 0.416849
-0.280397 -0.457858 0.843649
0.083365 -0.249217 -0.964853
0.005910 -0.689774 -0.724001
-0.126297 -0.980122 -0.153001
0.186093 -0.980437 0.064131
0.100679 -0.504559 0.857487
0.384042 -0.863795 0.326144
0.051677 -0.894923 0.443217
0.273108 -0.715385 0.643146
0.461162 -0.207535 -0.862704
0.590560 -0.720029 -0.364414
0.797068 -0.596446 -0.094521
-0.130110 -0.722704 0.678801
0.497251 -0.865027 -0.066852
0.257512 0.072320 -0.963565
0.599236 -0.609511 0.519050
0.758119 -0.296910 0.580604
0.451705 -0.428838 0.782343
-0.077515 -0.220350 0.972336
-0.081934 0.060416 -0.994805
0.743874 -0.168493 -0.646732
0.316027 -0.758690 -0.569663
0.818459 -0.421306 -0.390675
0.937027 -0.098972 -0.334941
-0.453177 -0.890297 0.044743
0.855370 -0.443430 0.267793
0.997481 0.068671 0.017752
0.945283 -0.110506 0.306966
0.575145 0.238911 0.782387
0.259186 -0.168159 0.951076
