0.332109 -0.086081 -0.939305
0.559890 0.173436 -0.810211
0.602763 0.626100 -0.494648
0.940290 0.198803 -0.276281
0.810691 0.534446 -0.239058
0.871937 0.483210 0.078952
0.946434 -0.082061 0.312297
0.881419 0.275213 0.383872
0.657799 0.402584 0.636574
0.562986 0.144370 0.813759
0.289450 0.033352 0.956612
0.433954 0.484782 -0.759388
-0.362298 0.097909 -0.926906
0.298170 0.766770 -0.568471
0.755417 0.346143 -0.556354
0.659440 0.750837 0.037182
-0.198215 0.943489 -0.265591
0.469125 0.812893 0.345146
0.326189 0.393064 0.859710
0.275998 -0.316154 0.907674
0.231570 0.258419 -0.937867
-0.033269 0.817088 -0.575552
0.159985 0.943003 -0.291805
0.345391 0.938338 0.015082
-0.708704 0.077278 -0.701261
-0.020814 0.999609 0.018682
0.166076 0.938131 0.303858
0.109219 0.795027 0.596660
0.037089 0.563670 0.825167
0.797302 0.022705 0.603153
0.097076 0.578383 -0.809969
-0.263213 0.577905 -0.772492
-0.622725 0.572806 -0.533017
-0.361189 0.773180 -0.521282
-0.542102 0.805933 -0.237902
-0.672362 0.737404 0.064538
-0.368305 0.928017 0.056000
-0.471224 0.796405 0.379060
-0.237914 0.721838 0.649882
0.001881 0.246651 0.969103
-0.118304 0.326459 -0.937779
-0.521813 0.355767 -0.775333
-0.819380 0.309336 -0.482625
-0.801022 0.556714 -0.220078
-0.994568 -0.086521 -0.057861
-0.893251 0.436904 0.105914
-0.728477 0.581607 0.362014
-0.753976 -0.282785 -0.592918
-0.541075 0.538484 0.645967
-0.605427 0.221378 0.764494
-0.967144 0.125192 0.221268
-0.531261 -0.178666 -0.828155
-0.912199 -0.021235 -0.409198
-0.291372 0.427543 0.855751
-0.958389 0.235707 -0.161035
-0.908622 -0.416347 0.032587
-0.931292 -0.214312 0.294559
-0.829365 -0.024170 0.558184
-0.164117 0.919386 0.357484
-0.818809 0.297504 0.490962
-0.327122 0.096940 0.939997
-0.227639 -0.253353 -0.940209
-0.490866 -0.500769 -0.712938
-0.399320 -0.762888 -0.508475
-0.888680 -0.355123 -0.290062
-0.681980 -0.602123 -0.415152
-0.728153 -0.679902 -0.086758
-0.747042 -0.376586 0.547824
-0.603781 -0.125421 0.787222
0.885639 -0.418217 0.201838
-0.005522 -0.001478 -0.999984
-0.083130 -0.804046 -0.588727
-0.460126 -0.867445 -0.189272
-0.132901 -0.949061 -0.285694
-0.521303 -0.838817 0.156938
-0.199881 -0.978536 0.050138
-0.520796 -0.699863 0.488839
-0.247700 -0.891659 0.378931
-0.220918 -0.685193 0.694051
-0.480333 -0.470177 0.740415
-0.311435 -0.246390 0.917769
-0.172827 -0.560457 -0.809950
-0.759347 -0.589041 0.276447
0.211128 -0.879564 -0.426371
0.919033 -0.177423 -0.351994
0.174684 -0.648845 -0.740598
0.151119 -0.984852 -0.085029
0.982324 0.178984 0.054818
0.102892 -0.963041 0.248930
0.044027 -0.831104 0.554372
-0.055837 -0.461933 0.885155
0.714086 0.594555 0.369575
0.109877 -0.352072 -0.929501
0.434191 -0.428729 -0.792256
0.469782 -0.684585 -0.557358
0.691539 -0.649746 -0.315601
0.462456 -0.865549 -0.192248
0.990105 -0.137427 -0.028388
0.434176 -0.887491 0.154436
0.707640 -0.705440 0.040005
0.212097 -0.621154 0.754442
0.575868 -0.200566 0.792559
0.378751 -0.794045 0.475436
0.625191 -0.164810 -0.762872
0.818173 0.025895 -0.574388
0.882629 -0.447638 -0.143480
0.785123 -0.328345 0.525139
0.734877 -0.403382 -0.545196
0.410819 0.646757 0.642599
0.506208 0.823300 -0.256768
0.669422 -0.642752 0.372483
0.526047 -0.519900 0.673037
-0.013833 -0.107883 0.994067
