0.847365 0.061895 -0.527392
0.603048 0.090257 -0.792583
-0.344534 -0.086640 -0.934767
0.702021 0.360259 -0.614312
0.878101 0.372441 -0.300376
0.850380 -0.491546 0.187716
-0.148894 -0.057393 0.987186
0.427589 0.409027 -0.806142
0.694646 0.260090 0.670686
0.425791 0.390036 0.816440
0.177523 -0.193709 0.964864
-0.724523 0.685584 -0.070999
-0.524391 0.549500 -0.650434
0.393687 0.680421 -0.618092
0.447388 0.842495 -0.300079
0.664527 0.617296 -0.421129
0.904952 0.424520 0.029064
0.835448 0.415343 0.359885
0.972692 -0.230075 -0.030582
0.685090 0.688469 0.238037
0.587885 0.582226 0.561608
0.157704 0.138935 0.977664
0.109808 0.400671 -0.909618
0.121015 0.874239 -0.470172
0.177635 0.972748 -0.149022
0.463583 0.884649 0.049874
-0.123034 0.992383 -0.006217
0.146062 0.967526 0.206297
0.723609 0.683139 -0.098546
0.265994 0.690150 0.673008
-0.105259 0.661517 0.742506
-0.171662 0.295104 0.939918
-0.141555 0.190113 -0.971504
-0.231584 0.501082 -0.833838
-0.248939 0.925924 0.284067
-0.507070 0.778246 -0.370423
-0.236416 0.760039 -0.605349
-0.185823 0.927707 -0.323773
-0.576980 0.780328 0.241212
-0.648964 0.570198 0.503707
0.018781 0.865844 0.499962
-0.361957 0.758680 0.541656
0.929346 -0.192477 0.315068
-0.705873 -0.650401 -0.280575
-0.726607 0.261046 -0.635529
-0.753384 -0.364096 -0.547583
-0.750083 0.540733 -0.380765
0.275342 0.111899 -0.954812
-0.920457 0.385890 -0.062029
-0.829658 0.510687 0.225537
-0.657934 0.297267 0.691921
-0.397307 0.489437 0.776272
-0.447856 0.110289 0.887277
-0.446023 0.893512 -0.051949
-0.651224 -0.061989 -0.756350
-0.870758 -0.065130 -0.487379
-0.904036 0.242747 -0.351843
-0.980969 0.124641 0.148877
0.111385 0.459371 0.881233
-0.866462 0.241557 0.436913
-0.904068 -0.109608 0.413096
-0.445861 -0.228794 0.865368
-0.721397 -0.026489 0.692015
-0.468808 0.239854 -0.850111
-0.487293 -0.368780 -0.791547
-0.276669 -0.948586 0.153749
-0.987444 -0.019265 -0.156792
-0.127843 -0.394644 0.909897
-0.965018 -0.245692 0.091518
-0.089580 -0.700244 0.708261
-0.832843 -0.444777 0.329464
-0.689824 -0.344721 0.636639
0.339029 -0.886992 0.313537
0.752131 -0.397949 0.525295
-0.164916 -0.397370 -0.902718
-0.542275 -0.619338 -0.567767
-0.355504 -0.840374 -0.409131
-0.811658 -0.583615 0.024591
0.484798 -0.282485 0.827752
-0.499190 -0.859594 -0.109119
-0.593715 -0.781189 0.192995
-0.326128 -0.817837 0.474113
-0.603304 -0.634619 0.482994
-0.392925 -0.547402 0.738892
0.173371 -0.384938 -0.906513
0.105461 -0.661169 -0.742788
0.355769 -0.765643 -0.535928
0.018969 -0.101183 -0.994687
-0.019260 -0.865577 -0.500405
0.207002 -0.939976 -0.271286
0.072580 -0.994156 0.079916
-0.012124 -0.914533 0.404329
0.231585 -0.764653 0.601393
0.189112 -0.510321 0.838933
0.986409 0.112194 0.120043
-0.903638 -0.355765 -0.238473
0.456221 -0.504615 -0.732957
0.568448 -0.773001 -0.281669
0.399974 -0.916493 -0.007858
0.671983 -0.738946 0.048955
-0.236246 -0.664291 -0.709158
0.608978 -0.698303 0.376189
0.493186 -0.566824 0.659908
-0.145960 -0.973587 -0.175570
0.429515 -0.182264 -0.884476
0.688120 -0.534635 -0.490567
0.394491 0.830396 0.393470
0.892283 -0.249354 -0.376370
0.833080 -0.524822 -0.174755
0.074554 0.674656 -0.734357
0.975618 0.066938 -0.209020
0.888803 0.100821 0.447063
0.703353 -0.235183 -0.670808
0.731115 -0.099873 0.674904
0.473799 0.052133 0.879089
