0.889386 -0.435209 -0.139948
0.607180 0.111772 -0.786663
0.793242 0.270256 -0.545644
0.937000 0.235503 -0.258010
0.985707 0.158743 0.056418
-0.038605 0.111147 0.993054
-0.116356 0.476103 0.871658
0.786471 0.108461 0.608029
0.536785 0.218156 0.815028
0.296231 0.020832 0.954889
0.343840 0.283715 -0.895142
0.567197 0.473683 -0.673730
0.274329 0.604361 -0.747991
0.098073 0.971737 -0.214730
0.670052 0.738641 -0.073748
0.450286 0.874995 0.177838
0.875935 0.482424 0.002218
0.512449 0.730983 -0.450621
0.714722 0.645982 0.268103
0.135973 0.676206 0.724056
0.422481 0.524967 0.738864
0.065089 0.073323 -0.995182
-0.060328 0.690041 -0.721251
-0.882974 0.393529 -0.255914
0.199746 0.834885 -0.512902
0.766640 0.545075 -0.339346
-0.191262 0.980191 -0.051426
-0.882584 0.465629 0.065080
0.136603 0.983257 0.120601
0.155081 0.882748 0.443515
-0.152941 0.773188 0.615459
0.193564 0.351788 0.915848
-0.286651 0.436653 -0.852740
-0.566193 0.452785 -0.688775
-0.375274 0.713071 -0.592198
-0.442327 0.856969 -0.264481
0.886236 0.325479 0.329621
-0.403176 0.555379 0.727326
-0.165041 0.939119 0.301359
-0.445407 0.773576 0.450768
0.528963 -0.489633 0.693151
-0.564625 0.143664 -0.812748
-0.700200 -0.695154 0.162730
-0.795753 0.253918 -0.549820
-0.142787 0.891783 -0.429342
0.523166 -0.849237 -0.071376
-0.358823 -0.517986 -0.776490
-0.602534 0.274932 0.749243
-0.693034 0.494294 0.524764
-0.894098 0.290002 0.341304
0.459174 0.742395 0.487862
-0.338126 0.206919 0.918071
-0.511994 -0.180751 -0.839757
-0.780594 -0.079746 -0.619931
-0.891845 -0.275825 -0.358515
-0.261473 0.109746 -0.958951
-0.949082 0.050678 -0.310925
0.028706 0.402198 -0.915102
-0.699893 0.707402 -0.098656
-0.952226 -0.068070 0.297711
-0.811855 0.080345 0.578305
-0.496232 -0.403240 0.768864
-0.297121 -0.153200 0.942470
-0.989141 0.146009 0.016780
-0.463982 0.879302 0.107460
-0.654458 -0.406295 -0.637659
-0.734751 -0.570567 -0.366870
-0.981009 -0.191954 -0.027846
-0.860403 -0.505797 -0.062252
-0.671694 0.612727 -0.416405
-0.875883 -0.401222 0.268049
0.342665 -0.751841 0.563308
-0.586739 -0.070331 0.806716
-0.162966 -0.486587 0.858298
-0.213462 -0.234393 -0.948416
-0.162287 -0.927416 0.336990
-0.289545 -0.913540 -0.285672
-0.778880 -0.256178 0.572467
-0.597764 -0.784492 -0.165077
-0.088698 -0.996049 -0.004424
-0.404295 -0.912320 0.064942
-0.657022 -0.559543 0.505207
-0.319680 -0.687692 0.651831
-0.698832 0.669569 0.251616
0.103622 -0.264063 -0.958923
-0.032155 -0.554939 -0.831270
0.189999 -0.745965 -0.638307
0.374854 -0.846731 -0.377533
0.228576 -0.972756 -0.038706
0.161887 -0.938928 0.303655
-0.004804 -0.795365 0.606111
-0.463677 -0.799708 0.381406
0.156535 -0.577949 0.800919
0.027259 -0.231764 0.972390
0.378037 -0.085770 -0.921809
-0.149070 -0.787676 -0.597783
0.599448 -0.279808 -0.749913
0.529384 -0.606236 -0.593490
0.686111 -0.664907 -0.295213
0.750831 -0.655287 0.082779
0.692304 0.452668 0.561968
0.475318 -0.840778 0.259163
0.669142 -0.611563 0.422184
0.048052 -0.937084 -0.345780
0.334895 -0.313409 0.888606
0.323037 -0.472059 -0.820248
-0.466917 -0.718859 -0.515006
0.811532 -0.065860 -0.580584
0.790904 -0.388498 -0.472800
0.985277 -0.167685 0.033337
0.951889 -0.101840 -0.289025
0.882974 -0.393529 0.255914
0.404953 0.898200 -0.171022
0.781315 -0.276985 0.559309
0.934683 -0.039750 0.353252
0.598249 -0.124379 0.791599
