0.222794 -0.056350 -0.973236
0.712459 0.248128 -0.656380
0.915413 0.126000 -0.382287
0.585817 0.555825 -0.589811
0.805786 0.456344 -0.377437
0.940404 0.324083 -0.103007
0.847105 0.510383 0.148064
0.947505 0.202998 0.247036
0.596272 0.374687 0.709979
0.819408 0.129798 0.558321
0.373365 0.237664 0.896724
0.500696 0.096070 -0.860276
0.301256 0.731869 -0.611239
0.533145 0.772498 -0.344970
0.092051 -0.616221 -0.782175
0.491213 0.870866 -0.017406
0.591458 -0.497553 0.634522
0.628173 0.733975 0.258222
0.763175 0.458812 0.455035
0.335649 0.885188 0.322152
0.481414 0.672493 0.562133
-0.642633 0.716122 -0.272383
0.400527 0.420353 -0.814175
-0.581398 -0.432389 -0.689214
0.999105 0.007917 -0.041546
0.237734 0.919715 -0.312421
-0.131708 0.990543 0.038451
0.190781 0.981469 0.017903
0.741948 0.660097 -0.117409
0.000900 0.940926 0.338612
-0.358585 0.897146 0.257964
0.140963 0.785551 0.602527
0.058996 0.293304 0.954197
-0.252912 0.637771 -0.727519
0.081656 0.572681 -0.815701
0.781090 -0.075715 -0.619812
-0.091204 0.954982 -0.282298
-0.357464 0.814214 -0.457465
-0.411121 0.903533 -0.120862
-0.633487 0.768262 0.092019
-0.553024 0.705444 0.443298
-0.215683 0.799519 0.560580
-0.713618 0.421940 0.559211
-0.073899 0.589375 0.804473
-0.165665 0.348737 -0.922463
-0.468298 0.389799 -0.792940
-0.593776 0.575311 -0.562536
-0.830281 0.391808 -0.396385
-0.839449 0.535064 -0.095035
-0.126686 0.021345 -0.991713
-0.803031 0.536027 0.260414
-0.014333 0.819128 -0.573432
-0.898523 0.193501 0.393972
-0.257898 0.300442 0.918272
-0.893227 -0.145522 0.425404
-0.880683 -0.009491 -0.473611
-0.720319 0.220419 -0.657689
-0.961928 -0.202614 -0.183416
-0.918984 -0.364252 0.150958
-0.405544 0.566630 0.717262
-0.966073 0.152404 -0.208510
-0.953542 0.289264 0.084162
0.269115 0.543172 0.795325
-0.551550 0.267020 0.790249
-0.448224 -0.027256 0.893506
0.924611 -0.205410 -0.320783
-0.678409 -0.116040 -0.725463
-0.816941 -0.345087 -0.462086
-0.662383 -0.644328 -0.382216
0.342349 -0.911852 -0.226549
-0.842464 -0.519717 -0.141950
-0.741167 -0.652579 0.157520
-0.767093 -0.439202 0.467621
-0.637594 -0.260980 0.724820
-0.451634 -0.527151 0.719818
0.067874 -0.321915 0.944332
-0.380605 -0.238324 -0.893499
-0.240119 -0.539107 -0.807284
-0.415952 -0.699450 -0.581166
-0.748480 0.041518 0.661856
-0.582947 -0.806427 -0.099232
-0.569890 -0.688294 0.448862
-0.342673 -0.883174 -0.320280
-0.448627 -0.869957 0.204716
-0.274897 -0.784054 0.556500
-0.111066 -0.579309 0.807506
-0.283231 -0.304915 0.909289
-0.049273 -0.301324 -0.952248
-0.098106 -0.806150 -0.583522
0.248176 -0.807751 -0.534741
0.005591 -0.952579 -0.304240
0.823292 -0.421013 0.380708
0.107099 -0.994102 0.017043
-0.230200 -0.972711 -0.028996
0.194769 -0.920745 0.338073
0.052365 -0.789439 0.611592
0.255086 -0.554723 0.791968
0.445123 -0.281682 0.850012
0.272709 -0.363922 -0.890612
0.446247 -0.566046 -0.693148
0.569443 -0.705852 -0.421316
0.820680 -0.513737 -0.250118
0.629502 -0.770498 -0.100301
0.755314 -0.201448 0.623633
-0.110791 -0.012451 0.993766
0.433061 -0.892731 0.124459
0.623994 -0.709543 0.327383
0.387573 -0.744639 0.543415
-0.993143 -0.039116 0.110165
0.554070 -0.227302 -0.800837
-0.448861 0.083062 -0.889733
0.724668 -0.409355 -0.554333
0.154972 0.256480 -0.954045
0.809485 -0.580289 0.089437
-0.131511 -0.944453 0.301188
0.953404 -0.300592 0.025778
0.940709 -0.115950 0.318781
0.594125 0.016477 0.804204
0.234754 -0.045116 0.971007
