0.460402 -0.057141 -0.885870
0.678911 0.111500 -0.725705
0.877051 0.075791 -0.474381
0.883246 0.363991 -0.295613
0.957806 0.285455 0.033506
0.984806 0.037299 -0.169605
0.979494 -0.014158 0.200973
0.830712 0.510917 0.221090
0.884396 0.237184 0.401980
0.692817 0.222305 0.685992
0.417811 0.150489 0.895984
0.437970 0.307977 -0.844590
0.847818 -0.523429 0.085005
0.397745 0.816855 -0.417788
0.664549 0.642260 -0.381938
0.787959 0.610211 -0.082238
0.533338 0.839890 -0.100679
0.613732 0.759799 0.214567
-0.836692 0.252772 0.485853
0.323940 0.924267 0.201972
0.683221 0.528630 0.503745
0.198319 0.392519 0.898108
0.145115 0.466490 -0.872542
0.434494 0.596947 -0.674440
-0.191989 0.830786 -0.522432
0.094637 0.911254 -0.400824
0.225659 0.967869 -0.110937
-0.233662 0.905682 0.353755
-0.017380 0.992320 0.122471
-0.378727 0.924401 0.045267
0.097581 0.890379 0.444638
0.193189 0.673838 0.713176
0.474631 0.477042 0.739701
-0.174314 0.594559 -0.784929
-0.453996 0.662890 -0.595368
0.702483 0.399209 -0.589194
-0.451864 0.844499 -0.287474
-0.475984 -0.096882 0.874101
-0.704675 0.619020 -0.346766
-0.672578 0.739131 -0.036389
-0.570271 0.772744 0.278671
-0.413107 0.718398 0.559685
-0.116640 0.736323 0.666501
-0.109997 0.471557 0.874948
-0.134605 0.287359 -0.948318
-0.426240 0.360411 -0.829713
-0.701909 0.110216 -0.703687
-0.661907 0.420654 -0.620427
-0.881067 0.461491 -0.103665
0.124003 0.727768 -0.674520
-0.336890 -0.783047 -0.522822
-0.669728 0.515069 0.534947
-0.144463 -0.882895 0.446797
-0.618800 0.214162 0.755792
-0.306285 0.188032 0.933184
-0.135460 -0.037343 -0.990079
-0.682306 -0.216206 -0.698364
-0.882391 -0.058169 -0.466908
-0.862742 0.292204 -0.412666
-0.148502 0.971176 -0.186452
-0.976798 0.121011 -0.176695
-0.954005 0.254620 0.158251
0.222561 -0.600508 0.768021
-0.924541 -0.036882 0.379294
-0.745061 -0.072291 0.663068
-0.159178 -0.130119 0.978638
0.173111 0.133786 -0.975774
-0.809263 0.541267 0.228306
-0.785312 -0.421177 -0.453756
-0.944419 -0.254094 -0.208586
-0.811120 -0.566827 -0.144191
-0.916169 -0.378468 0.131895
-0.741028 -0.647920 0.176286
-0.826825 -0.338265 0.449374
-0.417964 0.471943 0.776257
-0.644062 -0.599472 0.475202
-0.585868 -0.374627 0.718619
-0.411443 -0.295298 -0.862272
-0.537734 -0.535591 -0.651141
0.060211 -0.760493 -0.646549
-0.225660 -0.967003 0.118247
-0.062223 -0.914465 -0.399853
-0.323940 -0.924267 -0.201972
-0.561225 -0.827436 -0.019426
-0.455090 -0.834023 0.311927
-0.378938 -0.678629 0.629180
-0.443054 0.033795 -0.895858
-0.290659 -0.424051 0.857729
-0.103205 -0.357071 -0.928358
-0.215010 -0.607118 -0.764969
0.266343 -0.892738 -0.363428
0.042761 -0.381042 0.923568
0.031130 -0.994767 -0.097316
0.357717 -0.933090 -0.037178
-0.604648 -0.716841 -0.347190
0.116120 -0.967762 0.223500
0.182812 -0.833052 0.522115
-0.081479 -0.680225 0.728460
0.240387 -0.118554 0.963410
0.171161 -0.525939 -0.833122
0.467850 -0.389898 -0.793156
0.395254 -0.688484 -0.608082
0.669729 -0.515068 -0.534946
0.564224 -0.767521 -0.304241
0.637886 -0.769772 0.023495
0.028959 0.135913 0.990297
0.438638 -0.849682 0.292638
0.806290 -0.542940 -0.234759
0.481744 -0.651172 0.586428
0.426240 -0.360411 0.829712
0.187870 -0.205622 -0.960429
0.721091 -0.209740 -0.660331
0.891491 -0.253191 -0.375683
0.694629 -0.381081 0.610137
0.966109 -0.255235 -0.038571
0.889670 -0.310687 0.334606
0.698710 -0.622388 0.352758
0.837512 -0.062200 0.542868
0.425052 0.757725 0.495160
0.605794 -0.094936 0.789937
-0.994649 -0.074520 0.071554
