0.712844 0.007853 -0.701279
0.715848 0.350479 -0.603925
-0.007800 0.507980 0.861334
0.891063 0.111435 -0.439988
0.979631 -0.084687 -0.182077
0.973672 0.214552 -0.077011
0.928118 0.309380 0.207078
0.766848 0.567465 0.299879
0.715609 0.041924 0.697241
0.525432 0.334557 0.782300
0.479324 0.569650 -0.667643
0.905897 0.073147 0.417134
0.664399 0.641125 -0.384100
-0.728341 -0.040346 -0.684026
0.861350 0.409851 -0.300165
0.818217 0.574400 -0.024191
0.329659 0.823424 0.461842
-0.487384 -0.570123 0.661375
0.559823 0.613274 0.557220
0.129845 -0.009557 0.991488
0.237760 0.462897 -0.853930
0.151348 0.731044 -0.665334
-0.001149 -0.510709 -0.859753
0.057704 0.921797 -0.383355
-0.136025 0.008189 -0.990672
0.002893 0.999373 -0.035292
0.291998 0.944329 0.151589
0.049033 0.787408 0.614479
-0.122027 0.210677 0.969910
-0.962845 -0.262630 -0.062891
0.294487 0.593779 0.748802
-0.116697 0.582406 -0.804478
-0.179639 0.802251 -0.569318
-0.253569 0.936369 -0.242725
-0.280239 0.952275 0.120987
0.010635 0.947745 0.318852
0.307637 0.936829 -0.166467
-0.861232 0.190034 -0.471346
-0.531072 0.622720 0.574616
-0.361291 0.410067 0.837445
-0.986263 -0.011495 0.164783
-0.026818 0.309091 -0.950654
-0.343769 0.302091 -0.889137
-0.433979 0.570498 -0.697276
-0.525932 0.848204 -0.062813
-0.565260 0.780217 0.267849
-0.768483 0.510501 0.385775
-0.715174 0.657463 -0.237212
-0.695763 -0.615252 0.370646
-0.459589 0.101982 0.882257
-0.458797 -0.017286 -0.888373
-0.649919 0.328465 0.685358
-0.285332 0.853193 0.436632
-0.706444 0.488927 -0.511749
-0.985656 0.087014 -0.144608
-0.896827 0.393285 -0.202554
-0.785935 0.613768 0.074806
-0.625549 0.265033 -0.733789
-0.236303 0.673351 0.700542
-0.868285 0.211497 0.448721
-0.711874 -0.006719 0.702275
-0.757440 -0.338106 -0.558542
-0.918040 -0.130025 -0.374562
-0.229695 -0.110708 0.966946
-0.938694 0.319107 0.130480
0.229792 -0.943284 0.239604
-0.885755 -0.111204 0.450635
-0.724671 -0.357304 0.589225
-0.506279 -0.249142 0.825597
-0.622485 -0.748180 -0.229650
-0.827943 -0.484199 -0.282952
-0.525288 -0.334512 -0.782416
-0.310203 -0.593839 -0.742381
-0.582324 -0.609210 -0.538295
-0.815248 -0.578510 0.026407
-0.591975 -0.798805 0.107125
0.233184 0.294377 0.926805
-0.416588 -0.796769 0.437736
-0.476176 0.768065 -0.428175
-0.245320 -0.464553 0.850887
-0.233764 -0.294612 -0.926584
-0.894827 -0.365758 0.255941
-0.064700 -0.786409 -0.614308
-0.348060 -0.817812 -0.458298
0.246349 -0.862734 -0.441591
-0.347931 -0.925404 -0.150240
0.260360 -0.957482 -0.124263
-0.307213 -0.936696 0.167992
-0.166023 -0.735117 0.657297
0.099082 -0.587339 0.803253
0.591991 0.798782 -0.107210
0.359150 -0.410761 -0.838025
0.227010 -0.673997 -0.702990
-0.050285 -0.949434 -0.309914
0.505786 -0.860051 0.067027
0.467368 -0.778639 0.418675
0.418487 -0.576214 0.702030
0.179639 -0.802251 0.569318
0.337254 -0.305968 0.890305
0.022246 -0.310771 0.950224
0.119718 -0.213883 -0.969496
-0.025205 -0.999362 0.025314
0.649919 -0.328465 -0.685358
0.388363 0.805565 -0.447481
0.747824 -0.658730 -0.082663
0.715649 -0.657759 0.234948
0.896827 -0.393285 0.202554
0.684687 -0.512824 0.517895
0.518274 -0.627764 -0.580779
-0.069799 -0.918518 0.389168
0.618681 -0.269444 0.737993
0.459223 -0.102617 -0.882374
0.762269 0.342401 0.549279
0.222865 0.105775 -0.969094
0.859322 -0.223304 -0.460109
0.755179 -0.526027 -0.391152
0.915391 -0.384187 -0.120250
0.986213 -0.080890 0.144364
0.497491 0.245330 -0.832055
0.569963 0.792797 0.215907
0.845905 -0.229962 0.481209
0.530718 -0.798047 -0.285412
0.449955 0.015118 0.892923
