-0.401971 0.869818 -0.286071
-0.093610 -0.871649 -0.481108
0.890259 0.174100 -0.420866
0.985210 -0.012885 -0.170869
0.952144 0.301851 -0.048032
0.281877 -0.959315 -0.016147
0.538866 0.842366 0.006501
0.901521 -0.131476 0.412278
0.686279 0.496311 0.531692
0.664545 0.213526 0.716092
0.154089 0.386728 0.909229
0.151242 0.145572 -0.977719
0.424799 0.426595 -0.798475
0.437219 0.683830 -0.584137
0.651140 0.691625 -0.312525
0.399829 0.866636 -0.298462
0.688200 -0.418774 0.592460
0.784418 0.620231 -0.001417
0.865123 0.434227 0.251017
0.408840 0.739961 0.534142
-0.456247 -0.121905 0.881463
0.217770 0.974131 -0.060378
-0.759773 -0.567961 0.316490
0.081400 -0.175589 -0.981093
0.122753 0.448771 -0.885176
-0.736520 0.413835 0.535051
-0.192505 0.728685 0.657236
0.332543 0.907654 0.256086
0.132312 0.665623 0.734466
-0.457211 0.676658 -0.577141
0.437847 0.497647 0.748757
-0.081895 0.975895 -0.202291
0.637175 0.712018 0.295023
-0.169699 0.614750 -0.770250
-0.409634 -0.192835 -0.891636
-0.172007 0.834954 -0.522749
0.092392 0.870743 0.482981
0.674830 0.447306 -0.586960
-0.304191 0.952249 0.026239
-0.505640 0.827878 0.242789
-0.225718 0.895340 0.383950
-0.159800 0.485427 0.859549
-0.173895 0.316484 -0.932523
-0.450302 0.423375 -0.786119
0.379244 -0.189881 -0.905604
0.128853 0.890902 -0.435535
-0.624999 0.779254 -0.046256
-0.000673 0.985892 0.167384
-0.742219 0.610145 0.277191
-0.914356 0.318524 0.249992
-0.500800 0.684609 0.529632
-0.467741 0.467263 0.750256
-0.081400 0.175589 0.981093
-0.176970 0.008236 -0.984182
-0.488733 0.121071 -0.863992
-0.740115 0.099114 -0.665137
-0.698944 0.406038 -0.588737
-0.914550 0.104147 -0.390836
-0.154089 -0.386728 -0.909229
-0.846709 0.531764 -0.017653
0.159632 -0.620099 0.768111
-0.654471 0.170041 0.736719
-0.865745 -0.438942 -0.240448
-0.671938 0.658549 -0.338840
0.841192 0.451409 -0.297700
-0.664634 -0.213532 -0.716007
-0.862726 -0.202481 -0.463363
-0.379245 0.189880 0.905604
-0.712177 -0.145418 0.686774
-0.981451 -0.124542 -0.145748
-0.976592 0.206507 -0.060190
-0.933199 -0.346608 0.094882
-0.982883 -0.016644 0.183476
0.480704 -0.126580 0.867699
-0.880447 -0.245120 0.405869
-0.151257 -0.145588 0.977714
-0.437847 -0.497647 -0.748757
-0.408840 -0.739961 -0.534142
-0.686299 -0.496299 -0.531678
-0.861715 0.401367 -0.310405
-0.777275 -0.629113 0.007798
-0.449665 -0.680289 0.578799
-0.151166 -0.708722 0.689103
-0.673067 -0.445247 0.590538
0.176467 -0.008289 0.984272
-0.132312 -0.665623 -0.734466
-0.331711 -0.908148 -0.255410
-0.024449 -0.989093 -0.145251
-0.255806 -0.962283 0.092599
0.115486 -0.847154 0.518646
-0.869091 0.090153 0.486367
-0.524835 -0.797838 0.296654
0.486559 -0.697919 -0.525518
-0.123584 -0.450908 0.883974
0.728754 -0.628190 -0.272571
-0.423923 -0.426644 0.798915
0.159531 -0.485962 -0.859297
0.188519 -0.732771 -0.653841
0.490189 -0.839351 -0.234956
-0.538183 -0.842744 -0.011909
0.861805 0.193045 0.469069
0.444245 -0.432653 0.784511
-0.213018 -0.885655 0.412599
-0.637785 -0.710855 -0.296506
0.171745 -0.318676 0.932174
0.456111 0.121889 -0.881536
0.464338 -0.471038 -0.750008
0.653022 -0.172089 -0.737528
0.722959 -0.436947 -0.535170
0.600137 -0.797673 0.059620
0.827819 -0.560442 0.024912
0.848842 -0.425862 0.313222
0.370798 -0.879259 0.299020
0.709285 0.145663 -0.689708
0.424958 -0.694936 0.580065
0.140647 0.704207 -0.695924
0.863097 -0.136329 -0.486290
0.648953 -0.674392 0.352216
0.907626 -0.345476 -0.238457
0.980917 0.084514 0.175100
0.969243 -0.235719 0.070744
0.050534 -0.975689 0.213254
0.208692 -0.905148 -0.370344
0.728805 -0.104830 0.676649
0.409634 0.192835 0.891636
