0.137169 0.971759 -0.192014
0.430705 0.070947 -0.899700
0.775740 0.328483 -0.538819
0.899782 0.007477 -0.436276
0.902458 -0.321426 -0.286802
0.990475 -0.062973 -0.122448
0.977206 0.208555 0.039660
0.731548 0.345520 0.587752
0.293385 0.197719 0.935325
0.090115 0.121832 -0.988451
0.273199 0.360265 -0.891948
0.539611 0.633181 -0.554888
0.749765 0.579376 -0.319649
0.922160 0.285972 -0.260463
0.657739 0.750828 -0.060306
0.576697 0.780128 0.242528
0.540401 0.645268 0.539996
0.642727 -0.530245 0.552939
0.860402 0.509604 0.003578
0.484073 0.419011 0.768181
-0.065991 0.733303 -0.676692
-0.662385 -0.076617 -0.745235
0.266735 0.634742 -0.725227
0.463793 0.832069 -0.304232
0.211514 0.843204 -0.494235
0.059702 0.986355 0.153426
0.297581 0.887668 0.351412
0.245979 0.738702 0.627546
-0.560441 0.762300 0.323737
0.195070 0.507601 0.839219
-0.052905 0.350601 0.935029
-0.018587 0.483969 -0.874888
-0.382314 0.735363 -0.559533
-0.399438 0.876519 -0.268635
-0.106723 0.908665 -0.403657
-0.179612 0.981895 -0.060181
0.551571 0.366676 -0.749211
-0.272079 0.927906 0.254878
-0.024573 0.882280 0.470084
-0.072241 0.670883 0.738036
-0.330041 0.487177 0.808537
0.777973 0.546763 0.309531
-0.214957 0.239348 -0.946840
-0.338012 0.514138 -0.788296
-0.650351 0.692340 -0.312584
-0.761942 0.647451 -0.015887
-0.516110 0.856181 0.024198
-0.786683 0.547572 0.285122
-0.478384 -0.811453 0.335697
-0.326792 0.761774 0.559381
0.031795 0.028200 0.999097
-0.406421 -0.009954 -0.913632
-0.548964 0.259030 -0.794696
-0.627929 0.506798 -0.590645
-0.792262 0.198974 -0.576828
-0.837464 0.430469 -0.336677
-0.928492 0.369391 -0.038132
-0.999002 0.033215 0.029856
-0.924981 -0.039265 0.377980
-0.781762 0.318619 0.536031
-0.558899 0.257552 0.788225
-0.506844 -0.079915 0.858325
-0.113732 -0.125599 -0.985540
-0.855553 -0.126789 -0.501949
-0.955203 -0.216953 -0.201294
-0.952444 -0.278016 0.124729
0.037937 -0.696618 -0.716438
0.178003 -0.899703 0.398559
-0.841261 -0.353675 0.408892
0.387840 -0.112004 0.914896
-0.762242 0.024820 0.646816
-0.689998 -0.279914 0.667496
-0.951154 0.118098 -0.285235
-0.626231 -0.392630 -0.673555
-0.930835 0.256467 0.260327
-0.516388 -0.666510 -0.537687
-0.801938 -0.436362 -0.408024
-0.852384 -0.518925 -0.064485
-0.757592 -0.609221 0.234315
-0.321233 -0.710559 0.626031
-0.601475 -0.798408 0.027798
-0.434480 -0.421675 0.795875
-0.379136 -0.325810 -0.866085
-0.309081 -0.948699 0.066623
-0.213583 -0.831698 -0.512505
-0.403984 -0.878772 -0.254080
0.018032 -0.994351 0.104599
-0.167282 -0.911318 0.376187
0.278966 -0.489601 -0.826117
-0.003984 -0.773064 0.634315
-0.139826 -0.513558 0.846586
0.115139 -0.280969 0.952785
-0.040697 -0.427677 -0.903015
-0.284318 -0.602365 -0.745869
0.352535 -0.735127 -0.579057
0.106339 -0.886437 -0.450469
-0.093353 -0.974716 -0.203012
0.252182 -0.951400 -0.176757
-0.213922 -0.200368 0.956081
0.339686 -0.932440 0.123165
-0.289057 0.142632 0.946627
0.363552 -0.713494 0.598963
0.170259 -0.564651 0.807577
0.804860 -0.585591 -0.096358
0.219199 -0.191871 -0.956628
0.558314 -0.507357 -0.656410
0.526619 -0.228542 -0.818805
0.505023 -0.805887 -0.309027
0.711929 -0.578648 -0.397900
0.599327 -0.800497 -0.003373
-0.608598 -0.583427 0.537793
0.775745 -0.584411 0.238084
0.442451 -0.412953 0.796057
0.835986 0.011182 0.548637
0.674804 -0.217532 0.705209
0.604976 0.100596 0.789863
-0.671320 -0.692107 -0.265173
0.704142 0.047078 -0.708497
0.771138 -0.262419 -0.580070
0.533430 -0.776753 0.334824
0.937990 -0.339581 0.069708
0.968678 -0.067922 0.238852
0.851568 -0.312919 0.420610
0.907086 0.253630 0.335957
-0.579120 0.557210 0.595094
0.371897 0.928164 0.014273
