0.108277 0.150072 -0.982728
0.055444 -0.985456 -0.160628
0.802897 0.325913 -0.499136
0.726121 0.052619 -0.685550
0.805420 0.547014 -0.228197
0.999386 0.012700 -0.032670
0.324807 0.845519 0.423790
0.943182 -0.257228 -0.210335
0.956342 0.105878 0.272396
0.649900 0.398993 0.646865
0.326232 0.430564 0.841539
0.460290 0.089109 -0.883285
0.306620 0.372255 -0.876020
0.586218 0.371746 -0.719829
0.612620 0.620125 -0.490042
0.756146 0.649311 0.081482
0.634717 0.674728 0.376665
0.308701 0.941680 -0.133948
0.829745 0.414769 0.373483
0.446572 0.634050 0.631312
-0.714371 -0.021646 0.699432
-0.976921 -0.175844 0.121262
-0.240644 -0.525660 -0.815949
0.023139 0.500215 -0.865592
0.941811 0.254172 -0.219973
0.348724 0.827197 -0.440609
-0.288846 0.936594 -0.198393
0.494540 0.859350 0.130187
0.166040 0.968755 0.184238
-0.021027 0.889561 0.456333
-0.704386 -0.696925 0.134670
0.139113 0.711814 0.688454
-0.114967 0.197322 0.973574
-0.197099 0.277574 -0.940268
-0.256691 0.606558 -0.752461
0.040835 0.920955 -0.387524
-0.005805 0.996428 -0.084249
-0.747615 0.663991 -0.013690
-0.873465 0.448280 0.190008
0.925801 0.370853 0.073219
-0.353654 0.836860 0.417845
-0.489697 0.613587 0.619442
-0.185122 0.699713 0.690023
0.006370 0.477586 0.878562
-0.191064 0.966030 0.174015
-0.474029 0.373395 -0.797416
-0.523904 0.646560 -0.554513
-0.561041 0.783899 -0.265961
-0.975227 0.137882 0.172977
0.528684 0.165595 0.832509
-0.630690 0.718147 0.294099
-0.741503 0.478879 0.469945
-0.258344 0.826895 -0.499503
-0.326590 0.427314 0.843055
-0.444860 0.055563 -0.893875
-0.711284 0.389614 -0.585043
-0.702696 0.094985 -0.705121
-0.782796 0.538327 -0.312145
-0.988205 0.014458 -0.152451
-0.861408 0.183450 0.473627
-0.481130 0.874596 0.059969
0.155976 -0.435146 0.886746
-0.628540 0.306440 0.714865
-0.450605 0.113839 0.885436
-0.933707 0.342137 -0.105513
-0.649534 -0.224772 -0.726350
-0.927066 -0.289805 -0.237825
-0.862779 -0.109161 -0.493656
-0.528191 -0.737114 -0.421517
-0.887230 -0.460936 0.018993
-0.832090 -0.441132 0.336197
-0.891816 -0.132090 0.432685
-0.699802 -0.354680 0.620064
0.207291 0.162031 0.964768
-0.494138 -0.230204 0.838352
0.043582 0.752290 -0.657389
-0.760522 -0.440503 -0.477037
-0.746991 -0.629706 -0.213249
-0.892803 0.198337 -0.404433
-0.604139 -0.646031 0.466540
0.670618 -0.110567 0.733517
-0.303955 -0.774382 0.554926
-0.228162 -0.100834 0.968388
-0.249016 -0.762859 -0.596688
-0.522037 -0.527000 -0.670633
-0.251617 -0.916599 -0.310702
0.306019 -0.454758 -0.836390
0.079628 -0.138767 0.987119
-0.226971 -0.973868 0.008111
-0.515944 -0.850480 -0.102397
0.343349 0.632259 -0.694521
-0.374597 -0.255644 -0.891248
0.071226 -0.853632 0.515985
-0.423729 -0.534815 0.731045
-0.175293 -0.404950 0.897378
0.316154 -0.723802 -0.613317
0.042865 -0.875656 -0.481029
0.328508 -0.895484 -0.300318
0.388999 -0.921068 0.017710
0.111222 -0.980770 0.160372
0.352311 -0.864132 0.359377
0.912691 -0.001781 -0.408647
0.276150 -0.674939 0.684251
0.463185 -0.415408 0.782877
-0.065441 -0.663224 0.745555
-0.001093 -0.352452 -0.935829
0.578733 -0.494544 -0.648455
0.640688 -0.759228 -0.114421
0.627727 -0.750968 0.204955
0.847161 -0.531002 -0.018821
-0.157098 -0.934146 0.320455
0.549744 -0.656855 0.516066
0.809080 -0.503247 0.303532
0.711284 -0.389614 0.585043
0.389540 -0.129728 0.911828
0.565426 -0.714078 -0.412778
0.548629 -0.213941 -0.808230
0.588118 0.785859 -0.191164
0.788542 -0.255712 -0.559296
0.809086 0.131469 0.572797
-0.130897 -0.060102 -0.989572
0.044966 -0.655872 -0.753532
0.957318 -0.254546 0.136923
0.241918 -0.145775 -0.959284
0.884026 -0.165428 0.437186
-0.457550 -0.855335 0.243002
0.791983 -0.502591 -0.346650
