0.019657 0.754144 -0.656414
0.608164 0.151254 -0.779268
0.758261 0.640796 -0.120087
0.051930 0.985366 0.162349
0.307832 0.501700 0.808416
-0.701631 0.672727 -0.234845
-0.246749 -0.118509 0.961806
-0.889720 -0.081040 -0.449257
-0.560073 0.580153 0.591389
-0.924466 -0.140319 0.354503
-0.499856 -0.782046 -0.372221
0.301859 -0.953210 0.016487
-0.404927 -0.789165 0.461794
0.229845 -0.610097 -0.758257
0.898049 -0.392198 -0.199221
-0.275899 0.031326 -0.960676
0.438466 -0.531871 0.724472
0.889720 0.081040 0.449257
