0.814761 0.322790 -0.481634
0.421287 0.896464 -0.137365
0.759315 0.407689 0.507179
0.093854 0.110422 0.989443
0.047122 0.616132 -0.786232
-0.454880 0.888788 -0.056036
0.052264 0.813531 0.579168
-0.650999 0.404866 0.642093
-0.756167 -0.413065 -0.507532
-0.744401 0.382728 -0.547162
-0.476705 -0.446652 0.757136
-0.421403 -0.895360 0.144046
-0.984060 -0.080834 0.158403
-0.089653 -0.107312 -0.990175
-0.052264 -0.813531 -0.579168
0.447423 -0.892543 0.056395
0.649749 -0.403865 -0.643987
0.957916 -0.241089 0.155799
0.389506 -0.550116 0.738686
