0.052050 0.607722 -0.792442
0.771634 0.515993 -0.371931
0.787473 0.456018 0.414650
-0.301436 0.763713 0.570858
-0.695265 0.287123 -0.658914
-0.461300 0.864934 -0.197715
0.278975 0.958132 0.064462
0.210252 0.280083 0.936668
-0.787473 -0.456018 -0.414650
-0.952652 0.272478 0.134946
-0.771636 -0.515991 0.371929
0.301436 -0.763713 -0.570858
-0.052051 -0.607722 0.792442
-0.210252 -0.280083 -0.936668
-0.278975 -0.958132 -0.064461
-0.547821 0.056159 0.834709
0.547821 -0.056159 -0.834709
0.952652 -0.272478 -0.134946
0.461300 -0.864934 0.197715
0.695265 -0.287123 0.658914
