0.374232 0.352387 -0.857773
0.738320 0.629251 -0.242748
0.342560 0.871490 0.350939
0.789773 -0.579674 0.200592
0.436298 -0.760967 -0.480180
0.400977 -0.390379 0.828747
-0.044415 0.934597 -0.352923
0.326611 0.352489 0.876970
-0.789767 0.579369 -0.201494
-0.834252 -0.193873 -0.516174
-0.409073 0.208606 0.888337
-0.417985 0.804752 0.421501
-0.940452 0.063277 0.333984
-0.399885 0.386082 -0.831284
-0.333803 -0.828242 -0.450101
-0.744096 -0.649973 0.154456
-0.348284 -0.522785 0.778071
0.871448 -0.125856 -0.474066
-0.023251 -0.310823 -0.950183
0.072145 -0.963506 0.257780
0.915884 0.169585 0.363866
