0.508661 0.832510 -0.219524
0.301068 0.327782 -0.895498
0.714685 0.531228 0.454997
-0.609099 0.415054 0.675817
-0.519892 0.234735 -0.821348
-0.163250 0.834673 -0.525995
0.010648 0.928676 0.370738
-0.644790 0.764233 0.013908
-0.010648 -0.928676 -0.370738
-0.508661 -0.832510 0.219524
0.103574 0.376561 0.920584
-0.892549 -0.222364 0.392315
0.519891 -0.234731 0.821349
-0.103574 -0.376561 -0.920584
-0.961353 0.156392 -0.226587
0.644790 -0.764233 -0.013908
-0.714685 -0.531228 -0.454997
-0.301068 -0.327782 0.895498
0.609099 -0.415054 -0.675817
0.961353 -0.156392 0.226587
0.892546 0.222385 -0.392309
0.163250 -0.834673 0.525995
