0.364673 -0.169469 -0.915584
0.872650 0.315949 -0.372368
-0.071203 0.961406 -0.265760
0.912075 0.128044 0.389517
0.374432 0.355660 0.856333
0.329582 0.571571 -0.751453
-0.912070 -0.128044 -0.389529
-0.623966 0.681319 0.382714
-0.364673 0.169469 0.915584
-0.350414 0.361518 -0.864011
-0.741271 0.595468 -0.309733
-0.924676 0.032058 0.379403
-0.749668 -0.634271 0.188939
0.026834 0.862751 0.504917
-0.354234 -0.356447 -0.864560
-0.389579 -0.848635 -0.357836
0.350414 -0.361518 0.864011
0.728036 -0.612738 0.307433
-0.336384 -0.554305 0.761309
0.317918 -0.822118 -0.472281
0.607525 0.788796 0.093351
0.861798 -0.372213 -0.344619
0.071203 -0.961406 0.265760
