0.886515 0.303210 -0.349506
0.838768 0.379861 0.390095
0.290250 0.737581 0.609696
0.062769 -0.790754 0.608908
-0.207883 0.366002 -0.907098
0.381663 0.637682 -0.669101
0.447434 0.892720 -0.053421
-0.371745 0.482622 0.793021
-0.260299 0.935686 0.238195
-0.252667 -0.264367 0.930736
-0.306368 0.853856 -0.420795
-0.791019 0.240861 -0.562384
-0.815337 0.014736 0.578799
-0.634852 -0.665408 0.392676
-0.644086 -0.652324 -0.399534
-0.826553 0.555529 0.090543
-0.981935 -0.177922 -0.064398
-0.349793 -0.302163 -0.886760
0.140371 -0.751394 -0.644750
-0.153949 -0.986954 -0.047126
0.377804 -0.053527 -0.924337
0.753556 -0.416802 -0.508360
0.961356 -0.243687 0.128104
0.537186 -0.842417 0.041999
0.613201 -0.386510 0.688909
0.309160 0.146176 0.939709
