0.484674 0.660515 -0.573420
0.955488 0.263489 -0.132725
0.641643 0.766632 0.023878
0.709886 0.058412 -0.701891
0.688438 0.414313 0.595313
0.500744 -0.158108 0.851033
-0.144730 0.721153 -0.677489
0.000067 0.994828 -0.101574
0.197884 0.844640 0.497418
0.923037 -0.149020 0.354676
-0.420394 0.772126 0.476539
0.027252 0.407638 0.912737
-0.608839 0.761687 -0.221694
-0.751662 -0.397214 -0.526521
-0.929372 0.171980 -0.326635
-0.876775 0.399915 0.267083
-0.535923 0.239579 -0.809561
-0.141579 -0.191866 0.971155
-0.230863 -0.338242 -0.912302
-0.945116 -0.247536 0.213266
-0.630840 0.126722 0.765495
0.378170 -0.489838 -0.785523
-0.641643 -0.766632 -0.023878
-0.064867 -0.982865 0.172534
-0.536867 -0.585649 0.607280
0.129471 -0.704467 0.697828
0.141579 0.191866 -0.971155
0.875925 -0.402078 -0.266626
-0.197861 -0.844543 -0.497592
0.412068 -0.871188 -0.266892
0.626487 -0.710947 0.319480
