0.587491 -0.168386 -0.791518
0.618483 0.725778 -0.301205
0.420530 0.379419 -0.824134
0.769531 0.566164 0.295431
0.272160 0.712356 0.646898
0.973160 -0.021074 0.229162
0.047312 0.811544 -0.582373
0.229291 0.971249 0.064030
-0.283377 0.882328 0.375760
0.030575 0.246419 0.968681
-0.690787 0.445134 -0.569798
-0.400654 0.884993 -0.237200
-0.977621 0.017057 -0.209681
-0.811239 0.578043 0.088078
-0.483511 0.481539 0.730984
-0.835323 -0.457415 0.304970
-0.013922 -0.244731 -0.969491
-0.622341 -0.148831 -0.768467
-0.768662 -0.558131 -0.312488
-0.429707 -0.899937 0.073922
-0.473793 -0.139378 0.869536
-0.891131 0.105023 0.441424
-0.198002 0.342407 -0.918451
-0.272773 -0.713469 -0.645412
0.084111 -0.981744 -0.170596
0.182389 -0.861048 0.474690
-0.347287 -0.670358 0.655753
0.179574 -0.355546 0.917246
0.374408 -0.696327 -0.612329
0.909890 0.227178 -0.347116
0.880570 -0.384825 -0.276598
0.628323 -0.776139 0.053089
0.690787 -0.445134 0.569798
0.622341 0.148831 0.768467
