0.457033 0.460297 -0.761083
0.924161 0.111289 -0.365432
0.693754 0.671224 -0.261081
0.870659 0.436856 0.226074
0.717275 0.080393 0.692137
0.211679 -0.073260 0.974590
-0.176407 0.593298 -0.785416
0.561799 -0.121491 -0.818304
0.142294 0.901045 -0.409719
0.328249 0.928952 0.171175
-0.198909 0.856960 0.475452
-0.044475 0.441459 0.896178
-0.597909 0.115723 -0.793167
-0.670208 0.594014 -0.444938
-0.334043 0.938722 -0.084952
-0.796106 0.586648 0.148522
-0.765282 -0.382496 -0.517726
-0.611989 0.430701 0.663300
0.017922 0.060047 -0.998035
-0.973951 0.102014 -0.202515
-0.916714 -0.032537 0.398216
-0.849532 -0.527004 0.023716
-0.605427 -0.548641 0.576586
-0.429613 -0.081003 0.899373
-0.261698 -0.430675 -0.863732
-0.349857 -0.837750 -0.419255
-0.375457 -0.913629 0.155927
0.159988 -0.914659 0.371219
0.446709 0.616737 0.648141
-0.053477 -0.591560 0.804485
0.261637 -0.634940 -0.726909
0.223254 -0.945905 -0.235418
0.967761 -0.178347 0.177852
0.774565 -0.495753 -0.392782
0.683446 -0.719940 0.120783
0.568351 -0.496190 0.656333
