0.443486 0.533205 -0.720425
0.131444 0.461381 0.877411
0.889616 0.378028 0.256278
0.490830 -0.467811 0.735009
0.704121 -0.689195 0.170949
-0.163033 0.422432 -0.891612
-0.694883 -0.384323 -0.607810
0.141198 0.985463 0.094482
0.600865 0.155391 0.784101
0.497830 0.716344 0.488893
0.717166 -0.067557 -0.693620
-0.505900 0.685974 -0.522976
-0.709801 0.178911 -0.681303
0.594361 0.791000 -0.145096
-0.416441 0.908924 -0.020823
-0.057578 -0.608292 0.791622
-0.438040 0.296737 0.848568
-0.271948 -0.201770 -0.940921
-0.882211 0.452998 -0.128439
-0.154139 0.815852 0.557339
-0.896204 0.120453 0.426977
-0.196882 -0.978131 -0.067068
-0.694977 -0.702827 -0.151794
-0.432044 -0.795399 0.425062
-0.850914 -0.415661 0.321203
-0.536041 -0.260582 0.802968
-0.979656 -0.104622 -0.171254
-0.229249 -0.752338 -0.617602
0.301978 -0.910732 -0.281737
0.868733 0.359996 -0.340156
0.215168 -0.908157 0.359100
0.052672 -0.089003 0.994638
0.244288 0.032836 -0.969147
0.261160 -0.534954 -0.803505
0.710861 -0.569363 -0.412920
0.980573 -0.158051 -0.116176
0.053889 0.872635 -0.485391
0.882447 -0.189213 0.430680
-0.672762 0.619416 0.404618
