-0.231698 0.505879 -0.830905
0.925654 -0.190823 -0.326727
0.982391 0.144441 0.118509
0.737453 0.593020 0.323251
0.752443 0.080477 0.653722
0.341102 0.507653 0.791163
-0.035299 0.880306 -0.473091
0.447804 0.879810 -0.159395
-0.150971 0.987130 0.052738
0.270387 0.880970 0.388308
-0.227888 0.735546 0.637997
-0.218722 0.270688 0.937490
0.370348 0.592615 -0.715297
0.820715 0.492312 -0.289922
-0.579332 0.732956 -0.356580
-0.935442 0.353476 0.001694
-0.620275 0.753846 0.216738
-0.729109 0.355022 0.585115
-0.930272 -0.160114 0.330088
-0.759945 0.266259 -0.592950
-0.957650 -0.133934 -0.254890
-0.583035 -0.131280 0.801770
-0.082770 -0.463610 -0.882165
-0.654380 -0.419725 -0.628982
-0.786544 -0.615585 -0.049026
-0.399287 -0.013038 -0.916733
-0.580249 -0.614501 0.534508
0.263731 -0.011206 0.964531
0.175808 0.079246 -0.981230
0.223072 -0.796259 -0.562326
-0.338663 -0.832282 -0.438879
0.519364 -0.376435 -0.767175
0.013332 -0.831582 0.555242
-0.113371 -0.418792 0.900977
0.490160 -0.461989 0.739128
0.690398 0.144240 -0.708904
0.150971 -0.987130 -0.052738
0.527405 -0.795588 0.298133
0.688190 -0.683708 -0.242771
0.886114 -0.375752 0.271314
-0.362999 -0.922760 0.129407
