0.647533 0.003010 -0.762031
0.649114 0.569074 -0.504784
-0.146683 0.984766 -0.093385
0.822394 0.568048 0.031459
0.923828 0.136881 0.357499
0.583105 0.230248 0.779085
0.280391 0.395204 -0.874754
0.081578 0.812369 -0.577409
0.402080 0.912284 -0.077911
0.034081 0.906720 0.420355
0.099075 0.484452 0.869189
-0.269394 0.396516 -0.877611
-0.501028 0.743242 -0.443354
-0.746569 0.274616 -0.605987
-0.590389 0.789543 0.167521
-0.387156 0.645239 0.658617
-0.393764 0.141519 0.908252
-0.501808 -0.157785 -0.850466
-0.804100 0.316018 0.503544
-0.388963 -0.919830 -0.051184
-0.987278 -0.064245 0.145448
-0.593386 -0.645243 -0.481201
-0.745315 -0.273724 0.607932
-0.902555 -0.202088 -0.380203
-0.901347 0.421765 -0.098426
-0.395416 -0.774863 0.493187
-0.805176 -0.585095 0.096724
-0.280391 -0.395204 0.874754
0.080063 -0.104561 -0.991291
-0.149386 -0.582252 -0.799166
0.173800 -0.101582 0.979528
0.536953 -0.819965 -0.198342
0.096620 -0.972878 0.210173
0.579610 -0.738494 0.344497
0.034954 -0.915049 -0.401824
0.399761 -0.545400 -0.736702
0.820956 -0.398087 -0.409340
0.958809 0.116413 -0.259103
0.922157 -0.364031 0.130798
0.655715 -0.311274 0.687856
0.535966 0.691709 0.484024
0.171707 -0.667990 0.724090
