-0.273563 0.905793 0.323576
0.862800 0.462310 -0.204561
0.387797 -0.264349 0.883025
0.532685 0.846128 -0.017725
0.762693 0.532642 0.366869
0.400465 0.438309 0.804682
0.148037 0.405878 -0.901858
-0.217037 0.754942 -0.618835
0.352087 0.774618 -0.525359
-0.728164 0.466197 -0.502431
0.017443 0.991046 -0.132375
-0.640677 -0.340612 0.688125
0.013235 0.113287 0.993474
-0.387797 0.264349 -0.883025
-0.525484 0.837997 -0.147066
-0.886469 0.462368 0.019709
0.260207 0.853055 0.452315
-0.656232 0.569980 0.494452
-0.352087 -0.774618 0.525358
-0.151158 0.609086 0.778566
-0.013245 -0.113294 -0.993473
-0.754355 -0.057663 -0.653929
-0.987037 -0.041719 -0.154977
-0.906643 0.064679 0.416911
-0.862800 -0.462310 0.204561
-0.507188 0.158151 0.847200
-0.400465 -0.438309 -0.804682
0.151158 -0.609086 -0.778566
-0.260207 -0.853055 -0.452315
-0.762693 -0.532642 -0.366869
-0.532685 -0.846128 0.017725
-0.148037 -0.405878 0.901858
-0.017439 -0.991046 0.132378
0.640677 0.340613 -0.688125
0.656232 -0.569980 -0.494452
0.273560 -0.905794 -0.323578
0.525484 -0.837997 0.147066
0.217037 -0.754942 0.618835
0.507192 -0.158147 -0.847199
0.906643 -0.064679 -0.416911
0.886469 -0.462368 -0.019709
0.728162 -0.466195 0.502436
0.754355 0.057663 0.653929
0.987037 0.041719 0.154977
