0.713734 -0.141525 -0.685970
0.525916 0.805540 -0.272979
0.971090 -0.093843 -0.219495
0.952265 -0.002013 0.305266
0.745817 0.445890 0.494913
0.543786 0.125813 0.829740
0.265535 0.614096 -0.743221
-0.018350 0.906454 -0.421905
0.895513 0.441740 -0.054055
0.066944 0.993621 0.090756
0.508448 0.819747 0.263620
0.229778 0.658565 0.716586
-0.191783 0.377545 -0.905913
-0.672751 0.225751 -0.704587
-0.855446 0.484093 -0.184027
-0.474480 0.879638 -0.033246
-0.722991 0.587427 0.363613
-0.328815 0.462650 0.823308
-0.184477 -0.157061 -0.970206
-0.229716 -0.658580 -0.716591
-0.946083 -0.051197 -0.319852
-0.971093 0.093846 0.219481
-0.236364 0.843403 0.482496
0.439875 -0.897991 0.011092
-0.716236 0.138621 0.683951
-0.902415 -0.426994 0.057648
-0.543214 -0.804855 0.239011
-0.202002 -0.956506 -0.210455
-0.339177 -0.172718 0.924731
-0.026207 -0.956778 0.289636
-0.724991 -0.388932 0.568436
0.068349 0.174142 0.982346
-0.471938 0.690197 -0.548546
-0.643302 -0.300531 -0.704162
0.236384 -0.843394 -0.482504
0.732042 0.375066 -0.568718
-0.654092 -0.681062 -0.329117
0.711539 -0.586870 -0.386389
-0.233391 -0.668329 0.706303
0.311854 0.112734 -0.943418
0.291345 -0.449058 -0.844669
0.831435 -0.535738 0.147310
0.383284 -0.746677 0.543660
0.692500 -0.334985 0.638928
0.191782 -0.377545 0.905914
