0.138273 0.446289 -0.884142
0.656491 0.407880 -0.634550
0.857219 -0.220591 -0.465312
0.719140 0.685876 -0.111410
0.912731 0.289715 0.288075
0.612123 0.339366 0.714239
0.946133 0.228165 -0.229724
0.101529 -0.095961 -0.990194
-0.707714 0.665463 0.237276
-0.133929 0.865152 -0.483297
-0.439004 0.577517 0.688295
0.356596 0.791689 -0.496053
0.545731 0.756960 0.359429
0.194524 0.658136 0.727336
-0.388428 0.530322 -0.753580
-0.343790 0.938740 -0.024003
-0.688661 0.651576 -0.318111
-0.113932 0.899310 0.422210
0.217720 0.976010 -0.001560
-0.656491 -0.407880 0.634550
-0.055004 0.298904 0.952697
-0.365356 0.057535 -0.929088
-0.796253 0.175721 -0.578881
-0.966108 0.247857 -0.072129
-0.914698 -0.274297 -0.296799
-0.943284 -0.233860 0.235639
-0.857249 0.220585 0.465260
-0.741747 -0.670668 -0.003935
-0.612123 -0.339366 -0.714239
-0.472121 -0.760764 -0.445354
0.392949 -0.533136 0.749238
-0.444720 -0.814509 0.372559
0.435757 -0.549592 -0.712786
-0.146880 -0.647871 0.747455
-0.124874 -0.533163 -0.836746
0.090706 -0.866863 -0.490225
0.354565 -0.933750 -0.048936
0.157925 -0.897401 0.411984
-0.551660 0.057215 0.832104
-0.130948 -0.221617 0.966301
0.553505 -0.033897 -0.832156
-0.198448 -0.979244 -0.041225
0.712056 -0.657144 -0.247262
0.966108 -0.247853 0.072138
0.688352 -0.652808 0.316249
0.796253 -0.175721 0.578881
0.369383 -0.048745 0.927998
