0.548771 0.032529 -0.835339
0.895677 -0.016211 -0.444411
0.737343 0.489570 -0.465453
0.573037 -0.469593 -0.671648
0.936210 0.351205 0.012919
0.722509 0.505805 0.471319
0.474282 0.107437 0.873793
-0.136052 0.649576 -0.748025
0.348471 0.486688 -0.801064
0.272330 0.860704 -0.430145
0.038941 0.999113 0.016049
-0.169971 0.790946 0.587804
0.330915 0.860185 0.388041
0.269364 0.550041 0.790505
-0.474282 -0.107437 -0.873793
-0.567740 0.392520 -0.723601
-0.323753 0.880464 -0.346362
-0.815423 0.526405 0.240797
-0.455078 0.874177 0.169466
-0.146164 0.301902 0.942068
-0.548771 -0.032529 0.835339
-0.050345 0.171409 -0.983913
-0.852970 -0.005533 -0.521930
-0.751920 0.592179 -0.289726
-0.984930 0.157475 -0.071514
-0.895677 0.016211 0.444411
-0.573037 0.469593 0.671648
0.323752 -0.880465 0.346360
-0.269364 -0.550041 -0.790505
-0.722506 -0.505813 -0.471315
-0.936205 -0.351218 -0.012917
-0.737343 -0.489570 0.465453
0.050345 -0.171409 0.983913
-0.272330 -0.860704 0.430146
-0.348471 -0.486688 0.801064
0.146164 -0.301902 -0.942068
0.169971 -0.790946 -0.587804
-0.330915 -0.860185 -0.388041
0.455078 -0.874177 -0.169466
-0.038941 -0.999113 -0.016049
0.136052 -0.649576 0.748025
0.984930 -0.157475 0.071514
0.815423 -0.526405 -0.240797
0.567740 -0.392520 0.723601
0.751920 -0.592179 0.289726
-0.617133 -0.786055 0.035546
0.852970 0.005533 0.521930
0.617134 0.786055 -0.035546
