0.686040 0.494087 -0.534067
0.937657 0.111071 -0.329337
0.548906 0.760089 0.347804
-0.216927 -0.473060 0.853907
0.989536 0.009695 0.143963
-0.472267 0.010018 0.881399
0.368072 0.280051 -0.886620
-0.239590 -0.101181 -0.965587
0.219044 0.724006 -0.654091
-0.031212 0.955076 -0.294714
0.497155 0.844701 -0.198285
0.809891 0.314392 0.495212
0.025730 0.779842 0.625448
0.402478 0.492986 0.771347
-0.105638 0.379855 -0.918994
-0.355771 0.696915 -0.622685
-0.591646 -0.351359 -0.725604
0.853001 0.521897 -0.003482
-0.780306 0.582783 0.226908
-0.356332 0.875627 0.326044
-0.507690 0.524877 0.683195
-0.086317 0.376835 0.922250
-0.591736 0.233620 -0.771537
-0.983201 0.182169 0.011429
-0.785797 0.510636 -0.348962
-0.495882 0.857175 -0.139108
-0.833686 0.140022 0.534192
0.130803 0.977902 0.163092
-0.893466 0.004154 -0.449111
-0.391046 -0.786999 0.477195
0.230261 -0.222736 -0.947295
-0.847398 -0.448702 -0.283872
-0.943657 -0.265348 0.197743
-0.688516 -0.384558 0.614867
0.053519 -0.082836 0.995125
-0.113477 -0.602425 -0.790068
0.073585 -0.904498 -0.420083
-0.460237 -0.776282 -0.430776
-0.697313 -0.709272 0.103382
-0.261806 -0.965119 -0.001651
0.427520 -0.602073 -0.674340
0.084559 -0.821599 0.563759
0.562035 -0.801744 -0.203279
0.572232 -0.723829 0.385514
0.213043 -0.971802 0.101063
0.355302 -0.472391 0.806602
0.675101 -0.073330 -0.734072
0.829215 -0.395381 -0.395065
0.876225 -0.474821 0.082304
0.790971 -0.258401 0.554611
0.519156 0.029173 0.854182
