0.619227 0.589653 -0.518525
0.908592 0.374374 -0.185215
0.994066 -0.095658 -0.051793
-0.327459 0.864212 0.381979
0.869536 0.378722 0.316982
0.143330 0.581417 -0.800882
-0.193720 0.817092 -0.542986
0.287718 0.894877 -0.341194
0.250378 0.940928 0.227960
0.650152 0.759386 0.025194
0.075340 0.751543 0.655368
-0.594140 0.800254 -0.081188
-0.303091 0.347544 -0.887327
-0.134260 0.988293 -0.072469
-0.352055 0.514211 0.782077
-0.300372 -0.486844 0.820220
0.134083 0.339572 0.930974
-0.610570 0.580990 -0.538196
-0.725351 -0.368134 -0.581673
-0.378105 -0.710433 -0.593567
-0.967002 -0.098875 -0.234799
-0.957159 0.112192 0.266943
-0.740495 0.570324 0.355525
-0.694063 0.183536 0.696126
0.065082 0.012886 -0.997797
-0.389762 -0.185554 -0.902028
-0.904349 0.397050 -0.156536
-0.733700 -0.656312 -0.175897
-0.908592 -0.374374 0.185215
-0.707632 -0.292073 0.643390
0.536162 0.619177 0.573716
-0.287209 0.003042 0.957863
0.483303 0.236130 -0.843007
0.491276 -0.268453 -0.828602
0.028170 -0.908568 -0.416786
-0.354497 -0.933170 -0.059379
0.134260 -0.988293 0.072469
-0.135168 -0.874328 0.466133
-0.584219 -0.721758 0.371153
0.892052 -0.082606 0.444319
0.003301 -0.506338 -0.862329
0.606682 -0.376623 0.700066
0.555219 -0.821284 -0.131246
0.461931 -0.790040 0.403060
0.166505 -0.617481 0.768761
0.194172 -0.161369 0.967604
0.410740 -0.686614 -0.599879
-0.744324 0.132412 -0.654560
0.833621 0.028718 -0.551590
0.810517 -0.447875 -0.377451
0.832006 -0.523931 0.182379
0.590151 0.159341 0.791411
