0.150966 -0.310148 -0.938625
0.711781 0.196547 -0.674342
0.826069 0.484487 -0.287893
-0.093442 0.497758 -0.862268
0.977971 0.185443 0.095826
0.263010 -0.902572 0.340865
0.506438 -0.176714 0.843975
0.468417 0.648729 0.599781
0.440757 0.605015 -0.663091
0.470456 0.859485 -0.199893
0.253445 0.930995 0.262706
0.740575 0.646944 0.181692
0.052330 0.847882 -0.527596
0.336520 0.273091 0.901208
-0.542179 0.833384 -0.107297
-0.064406 0.993284 -0.096123
-0.785913 0.579489 0.215716
-0.310326 0.888191 0.338844
-0.151199 0.310778 0.938379
-0.215029 0.029590 -0.976159
-0.604057 -0.183127 -0.775616
-0.912697 -0.056191 -0.404755
-0.849220 0.440558 -0.291091
-0.613222 0.303936 -0.729096
-0.913553 -0.406533 -0.012314
-0.520728 -0.001108 0.853722
-0.993422 0.089887 0.070946
-0.433280 0.714787 -0.548951
-0.504161 0.552043 0.664131
-0.576788 -0.811570 -0.093108
-0.827695 -0.278886 0.486974
-0.827583 0.200590 0.524280
0.769360 0.269094 0.579373
-0.258132 -0.542412 -0.799473
-0.201177 -0.870974 -0.448255
-0.686844 -0.552358 -0.472384
0.257665 -0.707619 -0.657939
0.602071 -0.584851 0.543562
-0.623846 -0.691469 0.364263
-0.393554 -0.462119 0.794708
-0.004152 -0.162731 0.986662
0.283115 -0.932738 -0.223262
0.649179 -0.757395 0.070146
-0.143718 -0.988323 0.050631
-0.187153 -0.827958 0.528639
0.158829 -0.583875 0.796155
-0.003747 0.721372 0.692538
0.291391 0.177992 -0.939899
0.602249 -0.278861 -0.748019
0.932874 -0.082154 -0.350708
0.700939 -0.593008 -0.396264
0.931159 -0.363034 0.033908
0.865610 -0.179671 0.467374
