0.529877 -0.573909 -0.624386
0.725145 0.671538 -0.152320
0.619395 0.425792 0.659584
-0.179462 0.976602 -0.118496
0.157457 -0.325823 0.932227
0.915397 0.365262 0.169209
0.529420 -0.019199 0.848142
0.430360 -0.868085 -0.247424
-0.042986 0.818820 -0.572439
-0.796303 0.281412 -0.535453
0.315222 0.922742 -0.221770
0.156816 0.955064 0.251519
0.583459 0.751210 0.308641
0.152963 0.256660 0.954321
-0.049744 0.045908 -0.997706
-0.549435 0.721492 -0.421391
-0.585357 0.808189 0.064712
-0.675999 0.568557 0.468795
-0.258293 0.848677 0.461554
-0.267890 0.493741 0.827318
-0.360030 0.476683 -0.801967
-0.529420 0.019199 -0.848142
-0.889543 0.450064 -0.078453
-0.931774 0.170000 0.320777
-0.643200 0.171383 0.746272
-0.253003 -0.040355 0.966624
-0.271155 -0.400064 -0.875457
-0.930611 -0.285817 0.228630
-0.758262 -0.300982 -0.578316
-0.656105 -0.665418 0.356013
-0.678007 -0.287154 0.676646
0.193101 0.691995 0.695597
-0.436254 -0.899238 -0.032461
0.492853 0.629344 -0.600851
0.571172 -0.784891 0.240226
0.292291 -0.272328 -0.916735
-0.977876 -0.047920 -0.203624
-0.803909 -0.572045 -0.162776
-0.231949 -0.867099 0.440839
-0.273795 -0.533415 0.800315
0.528825 0.153377 -0.834757
0.064752 -0.700547 -0.710662
-0.057059 -0.945628 -0.320207
0.994140 -0.045975 -0.097834
0.124576 -0.981482 0.145511
0.206639 -0.747313 0.631525
0.602931 -0.461407 0.650828
0.138165 0.463285 -0.875373
0.853440 0.294398 -0.430080
-0.462849 -0.710418 -0.530167
0.797562 -0.172836 -0.577947
0.885347 -0.396011 0.243589
0.874180 0.012810 0.485434
0.816831 -0.538107 -0.207914
