0.187456 0.888275 0.419319
0.555115 0.613307 -0.561874
0.845387 0.241475 -0.476456
0.996888 -0.028167 -0.073630
0.846529 0.523589 -0.096137
0.913717 0.271233 0.302578
0.667741 0.231963 0.707330
0.529551 -0.227665 0.817156
0.200946 0.444901 -0.872745
0.510407 0.854146 -0.099597
0.076690 0.996554 -0.031607
0.632359 0.681606 0.368153
-0.584836 0.604544 0.540827
0.317080 0.567799 0.759647
0.874547 -0.484535 0.019825
-0.253441 0.207753 -0.944778
0.138457 0.848383 -0.510956
-0.640053 0.618813 -0.455414
-0.326857 0.909827 -0.255694
-0.303371 0.908638 0.286954
-0.704711 0.707991 0.046163
-0.155563 0.647737 0.745813
-0.673452 0.206035 -0.709938
-0.244660 0.639643 -0.728697
-0.921380 0.308142 -0.236869
0.220227 0.150220 0.963812
-0.907446 0.309120 0.284582
-0.679862 0.170114 0.713336
-0.262874 0.217244 0.940054
-0.995322 -0.095357 0.015526
-0.868729 -0.164646 -0.467121
-0.844677 -0.532936 -0.050002
-0.462955 -0.239890 -0.853303
-0.861332 -0.218662 0.458579
-0.507452 -0.275670 0.816394
-0.075871 -0.522797 -0.849074
-0.235917 -0.828131 -0.508471
-0.503200 -0.858323 -0.100354
-0.652592 -0.640413 0.404962
-0.255399 -0.920668 0.295199
-0.629322 -0.567786 -0.530634
-0.238169 -0.666066 0.706847
0.102864 -0.087284 -0.990858
0.244933 -0.808679 -0.534832
0.036089 -0.993031 -0.112196
0.506769 -0.862082 -0.000154
0.211684 -0.899352 0.382564
-0.036254 -0.252180 0.967001
0.640457 -0.621346 0.451381
0.241812 -0.602474 0.760626
0.542063 0.099278 -0.834453
0.432090 -0.407662 -0.804432
0.658490 -0.641411 -0.393678
0.825138 -0.229005 -0.516434
0.875985 -0.194888 0.441213
