-0.805681 0.418073 -0.419634
0.679683 0.131356 -0.721648
0.918037 -0.085011 -0.387273
0.979204 0.202842 -0.003734
0.742427 0.668619 0.041835
0.821173 0.348819 0.451664
0.515675 0.723957 0.458221
0.160905 -0.062901 0.984964
0.263230 0.082899 -0.961165
-0.132629 -0.749426 -0.648668
0.410982 0.534138 -0.738776
0.911826 -0.106451 0.396538
0.794808 0.464869 -0.390100
0.261267 0.958148 0.117015
0.085231 0.784787 0.613877
0.443420 0.839483 -0.314080
-0.092878 0.445585 -0.890409
-0.427200 0.685221 -0.589892
-0.582199 0.800865 -0.140210
-0.124058 0.972322 -0.197989
-0.222853 0.936186 0.271833
0.021395 0.394774 0.918529
-0.209929 -0.019997 -0.977512
-0.569155 0.226888 -0.790307
-0.981958 0.026567 -0.187224
-0.898556 0.432685 0.073350
-0.630795 0.698384 0.338169
-0.735891 0.284511 0.614424
-0.365178 0.108524 0.924591
-0.793179 -0.152134 -0.589680
-0.887790 -0.432662 -0.156945
-0.833472 -0.452560 0.317038
-0.363152 0.599600 0.713162
-0.481670 -0.673747 0.560409
-0.666010 -0.212370 0.715073
-0.445978 -0.384467 -0.808263
-0.598684 -0.666546 -0.444177
-0.229671 -0.944523 -0.234792
-0.216055 -0.363496 0.906196
-0.146233 -0.957953 0.246864
0.340784 -0.487230 0.804035
0.088327 -0.412079 -0.906857
0.330520 -0.763520 -0.554791
0.640916 -0.767511 0.012392
0.231617 -0.963996 -0.130637
0.334729 -0.863815 0.376537
-0.592268 -0.802980 0.066641
-0.026663 -0.740887 0.671100
-0.952612 -0.001743 0.304182
0.539374 -0.328679 -0.775272
0.046116 0.805154 -0.591271
0.729000 -0.552501 -0.404107
0.931473 -0.363609 0.012080
0.622464 -0.088453 0.777634
0.468702 0.367711 0.803185
0.698279 -0.539870 0.470051
