0.075731 0.543202 -0.836180
0.545680 0.476418 -0.689390
0.908376 0.247571 -0.336989
0.574350 -0.757874 0.309435
0.409618 -0.539933 0.735313
0.651037 0.587119 0.481084
0.454689 0.290597 0.841909
-0.160195 0.856641 -0.490412
0.863298 0.146639 0.482921
0.314580 0.822908 -0.473141
0.690326 0.680752 -0.245003
0.045608 0.937496 0.344994
0.487745 0.861969 0.138256
0.247628 0.684235 0.685932
-0.836327 0.547923 0.018393
0.892878 0.438093 0.104134
-0.409618 0.539933 -0.735313
0.079313 0.990982 -0.107997
-0.574350 0.757874 -0.309435
-0.372975 0.924409 0.079734
-0.609103 0.681561 0.405547
-0.224700 0.720517 0.656022
-0.454689 -0.290597 -0.841909
-0.617987 0.132388 -0.774962
-0.834410 0.356118 -0.420643
-0.997047 0.063373 -0.043373
-0.314580 -0.822908 0.473141
0.178480 -0.130955 0.975190
-0.500401 0.360453 0.787193
0.702675 0.046008 -0.710022
-0.863298 -0.146639 -0.482921
0.609103 -0.681561 -0.405547
-0.487745 -0.861969 -0.138256
-0.892878 -0.438093 -0.104134
-0.908376 -0.247571 0.336989
-0.290957 -0.098855 0.951615
-0.651028 -0.587126 -0.481088
-0.247628 -0.684235 -0.685932
-0.045608 -0.937496 -0.344994
-0.690326 -0.680752 0.245003
-0.877386 0.264211 0.400481
-0.545680 -0.476418 0.689390
-0.702675 -0.046008 0.710022
-0.075731 -0.543202 0.836180
0.224702 -0.720515 -0.656024
0.500401 -0.360453 -0.787193
0.031444 -0.331449 -0.942949
0.372977 -0.924410 -0.079713
-0.079312 -0.990982 0.107997
0.836327 -0.547923 -0.018393
0.160195 -0.856641 0.490412
0.290956 0.098854 -0.951616
0.877386 -0.264211 -0.400481
-0.178480 0.130955 -0.975190
0.617987 -0.132388 0.774962
0.997047 -0.063374 0.043371
0.834410 -0.356118 0.420643
-0.031444 0.331449 0.942949
