0.705205 -0.286977 -0.648329
0.818418 0.158899 -0.552216
0.699399 0.595774 -0.394835
0.480193 0.423064 -0.768396
0.691691 0.719482 0.062527
0.952076 -0.006897 0.305783
0.685328 0.080218 0.723803
0.385623 0.463828 0.797595
0.960227 -0.150797 -0.234999
-0.001261 0.804956 0.593333
0.365489 0.899797 -0.238292
0.425630 -0.293708 0.855906
0.167435 0.971740 0.166392
-0.023569 -0.395546 0.918144
0.460431 0.755894 0.465433
0.572925 -0.789258 0.220973
0.023479 0.395520 -0.918157
-0.290424 0.697966 -0.654597
-0.559875 0.797979 -0.223089
0.803901 0.420424 0.420698
-0.441638 0.242884 -0.863692
-0.303009 0.930274 0.206822
-0.463632 0.637515 0.615321
-0.117785 0.454751 0.882796
-0.897913 -0.428618 0.100192
-0.689983 0.466317 -0.553600
-0.895309 0.427238 -0.126055
-0.122183 0.957794 -0.260197
-0.889441 0.277191 0.363400
-0.699629 0.677243 0.227730
-0.278702 0.018530 0.960199
-0.877474 0.050862 -0.476920
-0.604517 -0.191396 -0.773257
-0.999811 -0.016015 -0.010988
-0.842706 -0.163871 0.512828
-0.627472 0.215257 0.748294
-0.827470 -0.406219 -0.387659
-0.254433 -0.471314 -0.844469
-0.479612 -0.707509 -0.519041
-0.635205 -0.767441 -0.086884
0.736775 -0.630687 -0.243714
-0.336708 -0.910058 0.241706
-0.177735 -0.741101 0.647440
-0.500420 -0.351448 0.791242
0.220778 -0.415379 -0.882450
-0.094567 -0.052582 -0.994129
0.001260 -0.804957 -0.593332
0.320924 -0.928987 -0.184369
-0.164850 -0.967909 -0.189673
-0.643652 -0.623483 0.443825
0.307794 -0.708790 0.634728
0.948987 0.307936 -0.067811
0.447219 -0.678099 -0.583247
0.895309 -0.427238 0.126055
0.178459 0.756744 -0.628881
0.124805 -0.957495 0.260053
0.408852 0.003028 -0.912596
0.726016 -0.418677 0.545536
0.196684 0.084722 0.976800
