0.134911 -0.162672 -0.977413
0.630908 -0.036505 -0.774999
0.650620 0.421042 -0.631995
0.887947 0.393309 -0.238448
-0.376095 0.798056 0.470807
0.795813 0.270988 0.541523
0.987303 0.094973 0.127333
0.935536 -0.353068 -0.010728
0.302547 0.285360 -0.909415
0.294521 0.752340 -0.589272
0.597711 0.764163 -0.242481
-0.191735 0.165103 -0.967460
0.450819 0.871145 0.194599
0.803005 0.565080 0.189387
0.487024 0.638480 0.595945
0.311363 0.324239 0.893265
-0.051059 0.581059 -0.812258
-0.654959 0.682164 -0.325087
-0.219925 0.854002 -0.471501
-0.300096 0.953773 -0.016093
0.041943 0.939534 0.339878
0.032221 0.670988 0.740768
-0.134911 0.162672 0.977413
-0.604017 0.030924 -0.796371
-0.504721 0.488433 -0.711821
-0.858980 0.247701 -0.448105
-0.681023 0.721339 0.126004
-0.935534 0.353073 0.010725
-0.922820 0.024946 0.384423
-0.753267 0.435434 0.492936
-0.393978 0.461641 0.794776
-0.487024 -0.638479 -0.595946
-0.795813 -0.270988 -0.541523
-0.450819 -0.871144 -0.194602
-0.987303 -0.094973 -0.127333
-0.887950 -0.393310 0.238436
-0.597711 -0.764163 0.242481
-0.630900 0.036513 0.775004
-0.302547 -0.285360 0.909415
-0.311362 -0.324239 -0.893265
-0.032221 -0.670988 -0.740768
-0.148223 -0.973222 0.175696
-0.803005 -0.565080 -0.189387
-0.294521 -0.752340 0.589272
-0.650622 -0.421040 0.631994
0.051059 -0.581059 0.812258
0.393979 -0.461641 -0.794775
0.376095 -0.798056 -0.470807
0.604017 -0.030933 0.796371
-0.041943 -0.939534 -0.339878
0.300096 -0.953773 0.016093
0.654959 -0.682164 0.325087
0.219925 -0.854003 0.471500
0.753267 -0.435435 -0.492935
0.681023 -0.721339 -0.126004
0.922820 -0.024946 -0.384423
0.858980 -0.247701 0.448105
0.148223 0.973222 -0.175696
0.504721 -0.488433 0.711821
0.191735 -0.165102 0.967460
