0.305168 0.286230 -0.908265
0.549917 0.584930 -0.596195
0.687337 0.121132 -0.716167
0.867614 0.396028 -0.300678
0.867022 0.459474 0.192760
0.592854 0.459485 0.661360
0.067482 0.011709 0.997652
0.106993 0.665110 -0.739041
0.181926 0.910873 -0.370422
0.611684 0.772532 -0.170402
0.222496 0.971817 0.077886
-0.145504 0.927178 0.345208
0.570655 0.764186 0.300620
0.848893 0.086262 0.521478
-0.903604 0.330233 -0.272847
-0.240165 0.403546 -0.882877
-0.297509 0.789217 -0.537238
-0.247563 0.962659 -0.109545
-0.473452 -0.019003 -0.880614
-0.563729 0.777051 0.280002
-0.266086 0.655645 0.706632
0.153468 0.438312 0.885624
-0.031237 -0.002454 -0.999509
-0.668390 0.424920 0.610490
0.280717 -0.653066 -0.703351
-0.620906 0.458478 -0.635825
-0.997170 -0.059867 -0.045480
-0.918760 0.081560 0.386300
-0.872098 0.464125 0.155026
-0.652445 -0.064982 0.755045
-0.808825 0.021632 -0.587651
-0.842023 -0.367784 -0.394629
-0.649724 0.732112 -0.204624
-0.851850 -0.523390 0.020382
-0.831549 -0.359145 0.423724
-0.507416 -0.587646 0.630239
-0.330360 0.244104 0.911743
-0.530099 -0.451335 -0.717838
-0.209725 -0.779279 -0.590541
-0.570782 -0.764103 -0.300591
-0.221720 -0.971975 -0.078129
-0.551973 -0.804197 0.220437
-0.120617 -0.916136 0.382292
-0.070500 -0.659923 0.748019
-0.280984 -0.274676 0.919566
-0.091051 -0.435427 -0.895608
0.677285 -0.417029 -0.606112
0.145504 -0.927178 -0.345208
0.563729 -0.777051 -0.280002
0.658621 -0.723508 0.206770
0.261966 -0.958857 0.109391
0.348617 -0.760173 0.548273
0.264729 -0.387625 0.882987
0.381445 -0.215437 -0.898937
0.903215 -0.324351 0.281068
0.918592 -0.071717 -0.388644
0.872832 -0.462904 -0.154544
0.997495 0.055529 0.043818
0.656391 -0.391394 0.644951
0.516910 0.038853 0.855157
0.210642 0.778927 0.590679
