0.308926 0.206266 -0.928450
0.669852 0.029767 -0.741898
0.812198 0.562950 -0.153037
0.455765 0.824447 -0.335507
-0.820427 0.317932 0.475205
0.775973 0.556237 0.297435
0.453542 0.651585 0.608060
0.572511 -0.152707 0.805551
-0.005585 0.869161 -0.494497
0.965468 -0.257036 -0.042481
0.670640 0.458923 -0.582780
0.082968 0.994499 -0.063932
0.150201 -0.162818 0.975156
0.484561 0.864185 0.135587
0.096684 0.906681 0.410586
0.364189 0.277252 0.889099
-0.580739 0.555211 -0.595385
-0.572511 0.152707 -0.805551
0.273900 0.607813 -0.745347
-0.403057 0.865427 -0.297624
-0.324253 0.936095 0.136333
-0.344919 0.752898 0.560514
0.023630 0.611617 0.790801
-0.150201 0.162818 -0.975156
-0.023630 -0.611617 -0.790801
-0.770662 0.612296 -0.176563
-0.880276 0.199851 -0.430319
-0.965468 0.257036 0.042481
-0.933406 -0.134433 0.332686
-0.480969 0.392511 0.783967
-0.117990 0.214120 0.969655
-0.364189 -0.277252 -0.889099
-0.755795 -0.229060 -0.613437
-0.688323 0.678434 0.256785
-0.187611 0.569038 -0.800623
-0.974320 -0.172663 -0.144523
-0.670640 -0.458923 0.582780
-0.812198 -0.562950 0.153037
-0.669852 -0.029767 0.741898
0.403057 -0.865427 0.297624
-0.453543 -0.651585 -0.608059
-0.775973 -0.556236 -0.297435
-0.484561 -0.864185 -0.135587
-0.082969 -0.994499 0.063932
0.480969 -0.392511 -0.783967
-0.273900 -0.607813 0.745347
-0.308926 -0.206266 0.928450
-0.455765 -0.824447 0.335507
-0.096684 -0.906681 -0.410586
0.344919 -0.752898 -0.560514
0.324250 -0.936096 -0.136327
0.880276 -0.199851 0.430319
0.005585 -0.869161 0.494497
0.187611 -0.569038 0.800623
0.117990 -0.214121 -0.969655
0.820427 -0.317932 -0.475205
0.933406 0.134433 -0.332686
0.974320 0.172663 0.144523
0.688323 -0.678434 -0.256785
0.770662 -0.612296 0.176563
0.580739 -0.555211 0.595385
0.755794 0.229060 0.613439
