0.641856 -0.164818 -0.748903
0.651102 0.357630 -0.669453
0.797324 0.527945 -0.292486
0.476760 0.861036 -0.176964
0.973692 0.227733 -0.007831
0.917452 -0.055589 0.393944
0.833610 0.373307 0.407108
0.611217 0.235493 0.755617
0.137938 0.502949 -0.853238
0.380814 0.729336 -0.568375
0.475837 0.669486 0.570411
0.048344 0.981455 -0.185496
0.283868 0.927298 0.244003
0.207111 0.444878 0.871314
-0.599905 0.786946 0.144326
-0.227409 0.436601 0.870439
-0.319884 0.493424 -0.808831
-0.443157 0.701672 0.557914
-0.096420 0.812320 -0.575186
-0.408621 0.879738 -0.243086
-0.133983 0.112766 -0.984547
-0.183194 0.959613 0.213501
-0.170797 0.008467 0.985270
-0.621660 0.285005 0.729596
-0.599894 0.137978 -0.788092
-0.621311 0.591644 -0.513741
0.165179 -0.245030 -0.955341
-0.840029 0.527825 -0.125509
-0.991008 0.124707 0.048480
-0.823658 0.440474 0.357169
-0.876169 0.190685 -0.442683
-0.561080 -0.140743 0.815709
-0.365822 -0.262905 -0.892780
-0.727202 -0.287657 -0.623242
-0.740946 -0.628726 -0.236015
-0.945265 -0.210726 -0.249137
-0.908558 -0.387554 0.155959
-0.884924 -0.026239 0.464996
0.009854 0.792199 0.610184
-0.701245 -0.461047 0.543775
-0.068031 -0.584771 -0.808341
0.084168 -0.800554 0.593321
-0.344702 -0.917422 -0.198788
-0.605662 -0.777325 0.170115
-0.147456 -0.962690 0.226901
-0.458413 -0.669387 -0.584618
-0.365096 -0.740432 0.564327
-0.226635 -0.448420 0.864613
0.790121 -0.443728 -0.422865
0.008718 -0.867012 -0.498211
0.462397 -0.810044 -0.360581
0.149217 -0.984779 -0.089136
0.408621 -0.879738 0.243086
0.722018 -0.691071 -0.033341
0.502829 -0.623907 0.598250
0.204464 -0.426223 0.881209
0.362916 0.141601 -0.921000
0.405037 -0.565638 -0.718330
0.901275 0.043176 -0.431091
0.969477 -0.239263 -0.053546
0.713242 0.685532 0.146055
0.814231 -0.478301 0.329022
0.639770 -0.212469 0.738615
0.264497 0.001607 0.964385
