0.862980 -0.018999 -0.504881
-0.495290 0.721956 -0.483185
0.756588 0.413431 -0.506605
0.952948 0.276102 -0.125129
0.798535 0.574956 0.178233
0.922675 0.175882 0.343128
0.325996 0.378457 0.866312
0.130881 0.360565 -0.923506
0.401141 0.635667 -0.659555
0.656792 0.720774 -0.221605
0.270294 -0.069873 0.960239
-0.178081 0.027204 -0.983640
0.444226 0.881512 0.160001
0.268655 0.917920 -0.291973
0.594554 0.578831 0.558086
-0.332303 0.458548 -0.824202
-0.026507 0.744401 -0.667207
-0.168517 0.943692 -0.284690
-0.271163 0.836662 0.475886
-0.462034 0.886134 0.035925
0.004145 0.990246 0.139266
0.211909 0.815397 0.538724
-0.054054 0.593276 0.803182
-0.768362 0.364086 -0.526366
-0.817202 -0.190471 -0.543968
-0.777271 0.613918 -0.137679
-0.667529 0.649673 0.363772
-0.792475 0.241196 0.560186
-0.465066 0.455080 0.759352
-0.491178 -0.020013 0.870829
-0.933159 0.327594 0.147975
0.549634 0.172457 -0.817411
-0.903814 -0.399254 -0.154001
-0.975206 -0.123721 0.183485
-0.789914 -0.190173 0.582984
-0.110100 0.172641 0.978812
-0.585545 0.086091 -0.806056
-0.966741 0.098172 -0.236166
-0.616772 -0.621550 -0.482978
-0.649357 -0.759270 -0.042951
-0.771044 -0.551532 0.318282
-0.499019 -0.504060 0.704913
-0.459538 -0.358403 -0.812633
-0.189951 -0.751714 -0.631541
0.142097 -0.931838 -0.333895
-0.305222 -0.923935 -0.230614
-0.034329 -0.993226 0.111009
0.211136 -0.867741 0.449941
-0.135975 -0.731537 0.668105
-0.399070 -0.855161 0.330821
-0.136377 -0.315452 0.939091
0.281039 -0.653022 -0.703263
0.556265 -0.747322 -0.363426
0.435328 -0.898946 0.048841
0.594612 -0.653783 0.467979
-0.035788 -0.423330 -0.905268
0.251033 -0.534168 0.807247
0.263907 -0.118313 -0.957264
0.590541 -0.332959 -0.735119
0.685750 0.151157 0.711968
0.833849 -0.425640 -0.351465
0.793862 -0.604414 0.066829
0.987695 -0.154404 -0.024856
0.877920 -0.270948 0.394771
0.608708 -0.276302 0.743728
