0.585569 0.547194 -0.598070
0.620092 0.141609 -0.771643
0.250013 0.449479 -0.857591
0.266475 0.832940 -0.484976
0.876074 0.332730 -0.348976
0.644600 0.051695 0.762770
0.329267 -0.931079 0.157083
0.647957 0.485239 0.587107
0.644688 0.738688 -0.196768
-0.114929 0.953991 -0.276934
0.280824 0.959389 -0.026658
0.872430 -0.096809 -0.479054
0.581962 0.769985 0.261618
0.283762 0.514823 0.808973
0.263623 0.108872 0.958462
-0.100046 0.700163 -0.706939
0.876414 0.471443 0.098181
0.190295 0.015571 -0.981604
-0.181079 0.312490 -0.932502
0.998919 0.031004 -0.034624
-0.132494 0.694936 0.706760
-0.150550 0.315520 0.936900
-0.552702 0.385717 -0.738744
-0.472066 0.735394 -0.486158
-0.489043 0.871634 -0.033027
-0.974846 0.222858 0.003033
-0.435236 0.799902 0.413190
0.226272 0.841863 0.489967
-0.778794 0.580317 0.238142
-0.855813 0.223025 -0.466738
-0.090436 0.973931 0.208039
-0.943308 -0.160156 -0.290723
-0.501130 -0.859222 0.102984
-0.785053 0.577883 -0.223033
-0.967293 -0.189919 0.168152
-0.862272 0.205520 0.462870
-0.519162 0.063726 0.852297
-0.264847 -0.110001 -0.957996
-0.366857 -0.513911 -0.775443
-0.717055 -0.447020 -0.534795
-0.558362 0.465871 0.686438
-0.650823 -0.065279 -0.756418
-0.817478 -0.567455 -0.098611
-0.779298 -0.195874 0.595255
-0.396706 -0.748103 0.531946
-0.443867 -0.403211 0.800252
0.060909 -0.435731 -0.898014
-0.106812 -0.812136 -0.573608
0.236306 -0.926585 -0.292574
-0.487463 -0.798597 -0.353018
-0.132948 -0.987499 -0.084679
-0.033324 -0.623000 0.781512
-0.119863 -0.156503 0.980377
0.644295 -0.384576 0.661049
0.331144 -0.686085 -0.647789
-0.752146 -0.557496 0.351388
0.624551 -0.764399 -0.160095
0.695729 -0.662265 0.278148
0.905104 -0.260218 0.336263
0.347735 -0.735182 0.581883
0.498190 -0.275545 -0.822120
0.706947 -0.500481 -0.499746
0.908738 -0.406770 -0.093455
-0.044156 -0.927567 0.371038
0.897022 0.161760 0.411320
0.288897 -0.337681 0.895829
