0.647356 -0.117610 -0.753059
0.603345 0.309238 -0.735083
0.895291 0.094409 -0.435364
0.957757 0.283974 -0.045392
0.859710 0.353228 0.368956
0.653254 0.200193 0.730193
0.385687 0.672573 -0.631578
0.050301 -0.468002 -0.882294
0.756213 0.540786 -0.368364
-0.167347 0.902544 0.396749
0.569507 0.629379 0.528720
0.519619 -0.845241 0.124755
-0.078058 0.680500 -0.728579
-0.248440 0.327158 -0.911726
0.080743 0.912983 -0.399929
-0.737981 0.624501 -0.255700
-0.017240 0.999850 -0.001932
-0.457251 0.888090 0.047099
0.169882 0.772509 0.611858
-0.095014 0.185790 0.977985
-0.535295 0.539999 -0.649508
-0.519698 0.680559 0.516482
-0.961651 0.274173 -0.007464
-0.770049 0.610296 0.185910
0.730553 0.677751 0.083343
-0.450112 -0.061969 0.890819
-0.598938 0.080031 -0.796786
-0.846062 0.244136 -0.473894
-0.784750 -0.266125 -0.559773
-0.152219 -0.075321 -0.985473
-0.867676 -0.491534 -0.074381
-0.178287 0.576202 0.797624
-0.963801 -0.140350 0.226691
-0.556966 0.323137 0.765096
-0.771996 -0.151201 0.617382
-0.969816 -0.099495 -0.222614
-0.630612 -0.652676 -0.419932
-0.042685 -0.698770 0.714072
-0.584111 -0.811382 0.021750
-0.756213 -0.540786 0.368364
0.481922 -0.684277 0.547281
-0.388328 -0.804498 0.449427
-0.089758 -0.293784 0.951648
-0.447585 -0.349090 -0.823289
0.144785 -0.818463 -0.556017
0.300373 -0.446716 0.842746
-0.256688 -0.918941 -0.299430
-0.172015 -0.977600 0.121278
0.283046 0.423744 0.860422
-0.853857 0.259998 0.450920
-0.466052 -0.487387 0.738410
0.455935 -0.516204 -0.725022
0.814870 -0.576075 -0.064222
0.541065 -0.762046 -0.355717
0.195869 0.345935 -0.917586
0.147739 -0.911389 0.384114
0.190182 -0.972589 -0.133797
0.816037 -0.369951 -0.444095
0.345557 0.911096 0.224709
0.282506 -0.079927 -0.955930
-0.356469 0.854478 -0.377885
0.985098 -0.164159 -0.051313
0.806966 -0.478943 0.345570
-0.263276 -0.695021 -0.669052
0.463784 0.861246 -0.207750
0.926553 -0.060556 0.371258
0.667271 -0.237379 0.705975
0.308427 -0.017170 0.951093
