0.530872 0.085394 -0.843138
-0.297580 0.929981 -0.215827
-0.138627 -0.413049 -0.900096
0.935688 0.276138 -0.219627
-0.203315 0.799553 0.565135
0.970292 0.129730 0.204215
0.893072 -0.265922 0.362917
0.783281 0.285433 0.552267
-0.834529 -0.408523 -0.369690
0.704956 0.392329 -0.590859
0.396160 0.759725 -0.515631
0.700065 0.671962 -0.241612
0.495890 0.863564 0.091381
0.821756 0.546934 0.159935
0.049881 0.131788 0.990022
0.194673 0.605909 0.771347
-0.026756 0.831000 -0.555629
0.188679 0.965976 -0.176890
-0.518584 0.819329 0.244481
-0.107383 0.982454 0.152492
-0.921454 0.378693 -0.086684
0.209861 0.886875 0.411596
0.559961 0.646642 0.517976
-0.123643 0.527367 -0.840593
-0.492178 0.315101 -0.811463
-0.468756 0.687743 -0.554326
-0.676676 0.721046 -0.149007
-0.814583 0.491393 0.308201
-0.555262 0.526363 0.643914
0.696940 -0.095454 0.710748
-0.346275 -0.049127 -0.936846
-0.749313 -0.042937 -0.660822
-0.967577 -0.021249 -0.251680
-0.975060 0.061402 0.213281
-0.923680 -0.378289 0.060934
-0.841829 -0.262128 0.471818
-0.545098 -0.296133 0.784330
-0.416486 0.095067 0.904158
-0.540362 -0.424044 -0.726771
0.814583 -0.491393 -0.308201
-0.558426 -0.729152 -0.395598
-0.764574 0.140328 0.629075
-0.678014 -0.734764 0.020491
0.336372 -0.196699 0.920958
-0.634657 -0.632176 0.444482
-0.123275 -0.280492 0.951907
-0.788646 0.370670 -0.490552
-0.194040 -0.764741 -0.614427
-0.275454 -0.949175 -0.152287
0.103157 -0.990525 0.090663
-0.329401 -0.900716 0.283208
0.042235 -0.860107 0.508362
-0.276028 -0.642933 0.714455
0.038666 0.147747 -0.988269
0.214191 -0.629862 -0.746590
0.310066 0.473543 -0.824388
0.504732 -0.860991 -0.062768
0.451142 -0.811217 0.372018
0.124274 -0.926266 -0.355791
0.191486 -0.579850 0.791901
0.245956 -0.220491 -0.943869
0.853541 -0.047589 -0.518847
0.609772 -0.354065 -0.709095
0.507167 -0.726577 -0.463538
0.979108 -0.180242 -0.094134
0.790461 -0.598089 0.132138
0.598491 -0.511397 0.616669
0.447631 0.268587 0.852929
-0.192577 0.462833 0.865274
