0.542494 -0.222430 -0.810077
0.621796 0.238812 -0.745881
0.858430 -0.110001 -0.500997
0.858442 0.303110 -0.413765
0.876220 0.481414 -0.021874
0.413541 -0.730176 0.543900
0.716248 0.605420 0.347067
0.589503 0.416116 0.692339
-0.049456 0.780406 -0.623315
0.392867 0.610367 -0.687828
0.286828 0.104074 -0.952312
0.151889 0.982868 0.104406
0.646373 0.668646 -0.367579
0.361859 0.811910 0.458106
0.201257 0.571941 0.795222
-0.027411 0.251265 0.967530
0.069264 0.451066 -0.889799
0.265809 0.902636 -0.338517
-0.163766 0.958832 -0.231994
0.373032 0.115028 0.920661
-0.267150 0.945237 0.187505
-0.058618 0.838608 0.541572
-0.276050 0.550406 0.787940
-0.990383 0.138286 0.004341
-0.579655 0.069805 -0.811866
-0.345391 0.473941 -0.809991
-0.844996 0.496346 -0.199053
0.546627 0.837176 0.018330
-0.594345 0.803419 -0.035648
-0.820269 0.518752 0.240945
-0.647978 0.354729 0.674012
-0.407766 0.079632 0.909608
0.378196 -0.916708 0.128895
-0.701016 0.413246 -0.581209
-0.897980 0.130134 0.420354
-0.919540 -0.275565 0.280196
-0.951952 -0.266965 -0.150060
-0.654194 -0.545538 0.523850
-0.517668 0.724401 0.455261
-0.355492 -0.308945 -0.882144
-0.458566 -0.651941 -0.603896
-0.734897 -0.285360 -0.615220
-0.746816 -0.591850 -0.303280
-0.393140 -0.883675 0.254086
-0.749055 -0.651881 0.118182
-0.709575 -0.144852 0.689581
-0.359948 -0.363791 0.859124
0.733399 0.001283 0.679798
0.113874 -0.289264 -0.950452
-0.062620 -0.630094 -0.773990
-0.107632 -0.890883 -0.441296
-0.445652 -0.878525 -0.172011
-0.032065 -0.999392 -0.013711
0.039264 -0.908108 0.416892
-0.900429 0.067222 -0.429777
-0.282913 -0.719403 0.634365
-0.473024 0.754138 -0.455548
0.342114 -0.634215 -0.693346
0.292491 -0.893369 -0.341087
0.912174 0.213882 0.349562
0.404731 -0.316442 0.857938
0.739000 -0.636979 0.219400
0.701016 -0.413246 0.581209
0.003253 -0.182902 0.983126
-0.168812 0.075776 -0.982731
0.693813 -0.506312 -0.512125
0.642427 -0.745389 -0.177996
0.996140 0.046028 -0.074738
0.914344 -0.383020 -0.131419
0.935578 -0.215429 0.279793
0.083033 -0.593906 0.800238
