0.252807 0.257717 -0.932561
0.548176 0.465430 -0.694895
0.538101 -0.543720 0.644061
0.646369 0.056263 -0.760948
0.895718 0.334232 0.293221
0.696123 0.270523 0.665004
-0.723198 0.178043 0.667296
0.377655 0.116228 0.918623
0.184659 0.666690 -0.722098
0.564458 0.735495 -0.374746
0.840817 0.337897 -0.422910
0.533660 0.844744 0.040174
0.643140 0.649355 0.405844
0.152434 0.988194 0.015370
-0.613526 0.717526 -0.329762
0.374056 0.556335 0.742006
0.033114 0.382860 0.923213
-0.146468 0.450674 -0.880591
-0.052633 0.731315 0.680006
0.177396 0.908071 -0.379392
-0.208349 0.801163 -0.561007
0.892879 -0.090900 -0.441026
-0.254794 0.953067 -0.163537
-0.156028 0.947580 0.278834
0.267921 0.862546 0.429223
-0.632269 -0.540926 -0.554649
-0.511824 0.524034 -0.680752
-0.821175 0.326525 -0.468031
-0.594681 0.800908 0.070001
-0.462745 0.761210 0.454342
-0.879408 0.473659 -0.047837
-0.783389 0.493897 0.377317
-0.429544 0.503479 0.749667
-0.792956 -0.079454 -0.604076
-0.983106 0.068351 -0.169794
-0.955893 0.126168 0.265237
-0.238517 -0.678294 -0.695001
-0.518916 0.145720 -0.842314
-0.821226 -0.213921 0.528985
-0.334531 0.165584 0.927724
-0.465798 -0.278763 -0.839835
-0.060932 -0.373096 -0.925790
-0.895718 -0.334232 -0.293221
-0.724698 -0.678733 -0.118887
-0.735006 -0.609708 0.296684
-0.950540 -0.286571 0.119794
-0.535765 -0.544104 0.645683
-0.496081 -0.190896 0.847032
-0.149023 -0.478984 0.865082
-0.125202 0.035890 -0.991482
0.055202 -0.887599 -0.457297
-0.402698 -0.852599 -0.333031
-0.437260 -0.885638 0.156361
0.065663 -0.950765 0.302877
-0.254754 -0.808672 0.530235
-0.018752 -0.081850 0.996468
0.307607 -0.165380 -0.937031
0.234976 -0.612929 -0.754390
0.478036 -0.762466 -0.436035
0.327563 -0.941601 -0.078040
0.701075 -0.712944 -0.014299
0.468534 -0.819449 0.330121
0.150258 -0.721612 0.675795
0.289299 -0.331255 0.898096
0.827739 0.558065 -0.058413
0.598049 -0.377975 -0.706734
0.990468 0.121713 -0.064493
0.794447 -0.491218 -0.357153
0.808088 -0.480923 0.340157
0.955049 -0.296094 -0.014494
0.923519 -0.071653 0.376800
0.678613 -0.151519 0.718698
-0.104771 -0.991786 -0.073374
