0.515459 0.267238 -0.814178
0.826718 0.162292 -0.538701
0.600908 0.778969 -0.179210
0.949955 0.231313 0.209953
0.745103 0.637632 0.195568
0.881516 -0.102871 0.460811
0.405157 0.392281 0.825811
0.236538 0.602960 -0.761899
-0.068749 -0.645866 -0.760349
0.625574 0.560851 -0.542312
0.290742 0.853655 -0.432137
0.871742 0.452775 -0.187244
0.382559 0.915165 0.126974
0.457089 0.715705 0.528049
0.066486 0.647322 0.759312
-0.282316 0.047139 -0.958163
0.080190 0.241634 -0.967048
-0.118242 0.847082 -0.518141
0.050341 0.990851 -0.125217
-0.412131 0.890460 -0.192948
-0.229462 0.958302 0.170307
0.095576 0.905852 0.412671
-0.293925 0.776531 0.557322
0.015048 0.271473 0.962328
-0.174159 0.547520 -0.818468
-0.522819 0.341845 -0.780898
-0.518448 0.675852 -0.523866
-0.775103 0.613878 -0.149563
-0.606494 0.769121 0.201539
-0.876804 0.415099 0.242707
-0.774964 0.155345 0.612616
-0.632165 0.533084 0.562307
-0.340778 0.430518 0.835778
-0.656730 -0.047797 -0.752609
-0.810057 0.347858 -0.472019
-0.910386 -0.051411 -0.410554
-0.976698 0.196960 -0.085248
-0.954786 -0.287031 -0.077437
0.655753 0.056374 0.752868
-0.958469 -0.027578 0.283859
-0.474443 0.041283 0.879318
-0.407352 -0.389192 -0.826192
-0.741203 -0.408814 -0.532438
-0.451558 -0.719261 -0.527977
-0.745103 -0.637632 -0.195568
-0.633862 -0.753915 0.172716
-0.850263 -0.432871 0.299460
-0.711102 -0.258616 0.653798
-0.110263 -0.119047 0.986747
-0.015802 -0.270441 -0.962607
-0.084820 -0.908045 -0.410194
-0.382567 -0.915161 -0.126979
0.059682 -0.997744 -0.030732
0.307111 -0.055189 0.950072
-0.262266 -0.918127 0.297086
-0.097927 -0.734847 0.671126
-0.343101 -0.413157 0.843554
0.778445 -0.624630 -0.062142
0.353751 -0.478010 -0.803969
-0.519642 -0.647856 0.557006
0.643114 -0.596157 -0.480626
0.279779 -0.794220 -0.539387
0.145175 -0.920501 0.362771
0.434475 -0.883690 -0.174133
0.521877 -0.823922 0.220899
0.377965 -0.690439 0.616795
0.138037 -0.456165 0.879124
0.347456 -0.078496 -0.934405
0.683506 -0.194980 -0.703421
0.985287 0.055931 -0.161498
0.957297 -0.272685 0.096045
0.746534 0.394099 0.536072
0.757007 -0.520574 0.394897
0.569986 -0.351357 0.742741
0.889910 -0.294783 -0.348084
