0.029412 -0.156051 -0.987311
0.763684 0.098094 -0.638094
0.776448 0.455360 -0.435633
0.964279 0.192313 -0.182160
0.856182 0.516352 0.018262
0.957431 0.157970 0.241601
0.780184 0.119138 0.614101
0.462345 0.066718 0.884187
0.101220 0.217473 0.970804
0.474053 -0.080135 -0.876842
0.411622 0.709113 -0.572474
0.763857 0.490530 0.419407
0.619060 0.752981 -0.223125
-0.970063 -0.168066 0.175304
0.426269 0.738946 0.521779
0.515310 0.377104 -0.769577
0.500957 0.427781 0.752360
0.114018 0.577227 0.808584
0.109581 0.565028 -0.817762
-0.399987 0.819209 -0.410983
0.576672 0.799981 0.165769
-0.295875 0.585505 -0.754747
-0.219803 0.946576 0.235965
0.209327 0.966208 0.150411
0.053819 0.857718 0.511295
-0.283332 0.701215 0.654233
-0.278715 0.383981 0.880271
-0.192476 0.249242 -0.949121
-0.006998 0.841270 -0.540570
-0.642694 0.535901 -0.547499
-0.800806 0.568257 -0.189194
-0.810563 -0.125259 0.572099
-0.821768 0.533498 0.200192
-0.546017 0.755733 0.361571
-0.540667 0.840286 -0.039985
-0.128572 0.980734 -0.147074
-0.583775 0.221085 -0.781235
-0.771910 -0.107900 -0.626509
-0.878796 0.220460 -0.423221
0.266519 0.933238 -0.240902
-0.377339 -0.105552 -0.920040
-0.895275 0.202641 0.396761
-0.855006 -0.518425 -0.014153
-0.644295 0.448763 0.619270
-0.583421 0.107594 0.805012
-0.533819 -0.408825 -0.740203
-0.530572 -0.317658 0.785867
-0.765647 -0.488885 -0.418062
-0.956579 -0.161117 -0.242896
-0.582059 -0.784823 -0.212744
-0.592102 -0.777816 0.210753
-0.778923 -0.478751 0.405064
-0.382809 -0.726341 -0.570865
-0.231324 -0.022624 0.972614
-0.145128 -0.497872 -0.855021
0.242121 -0.930024 -0.276466
0.076108 -0.759394 -0.646164
0.123688 -0.987425 0.098450
-0.143052 -0.928486 -0.342710
-0.979519 0.199976 -0.023493
-0.186817 -0.905396 0.381258
-0.159269 -0.405491 0.900117
-0.059539 -0.708646 0.703047
0.287571 -0.447867 -0.846592
-0.282987 -0.959090 0.008032
-0.457300 -0.661556 0.594323
0.474465 -0.684184 -0.553874
0.590630 -0.787613 -0.175561
0.817933 -0.556745 0.144983
0.624427 -0.595740 0.505158
0.247068 -0.840319 0.482516
0.308910 -0.543611 0.780424
0.503164 -0.843334 0.188714
0.672615 -0.350990 -0.651456
0.820567 -0.501236 -0.274651
0.914539 -0.140768 -0.379213
0.206223 0.199999 -0.957848
0.979976 -0.197564 0.024819
0.875294 -0.236491 0.421821
0.613220 -0.267042 0.743404
0.183025 -0.208770 0.960686
