0.109609 -0.117254 -0.987035
0.141403 -0.989135 0.040221
0.829848 0.412532 -0.375725
0.951614 0.304936 0.038017
0.241672 -0.606233 0.757678
0.763390 0.642521 -0.066354
0.983363 -0.068920 0.168069
0.613369 0.435711 0.658737
0.872957 0.191408 0.448675
0.331644 0.249876 0.909711
0.426304 0.102981 -0.898699
0.192124 -0.740912 -0.643536
0.205148 0.418825 -0.884590
-0.259832 0.703959 0.661006
-0.569976 0.821564 0.012634
0.566245 0.449787 -0.690693
-0.035160 0.466775 0.883677
0.477371 0.878599 0.013424
0.456854 0.794491 0.400084
-0.010780 0.045400 0.998911
-0.102100 0.202641 -0.973916
-0.112626 0.846319 -0.520633
-0.182538 0.977338 -0.107193
0.123612 0.981271 0.147740
-0.278762 0.915438 0.290284
0.062351 0.856124 0.512994
0.544282 0.739965 -0.395232
0.280511 0.623449 0.729812
-0.752777 -0.449092 -0.481293
-0.524865 0.555887 -0.644598
-0.454449 0.814009 -0.361753
-0.765681 0.571470 -0.295219
-0.845345 0.524630 0.100771
-0.607205 0.691720 0.390929
0.655276 0.036140 0.754524
-0.949122 0.230232 -0.214849
-0.471882 0.221411 -0.853407
-0.809943 -0.511304 0.287335
-0.780542 0.240670 -0.576916
0.197180 0.941273 -0.274088
-0.972374 -0.233424 -0.001283
-0.980775 0.130952 0.144679
-0.557169 0.452751 0.696117
-0.832856 0.309860 0.458626
-0.686444 0.038717 0.726151
-0.346142 0.232839 0.908830
-0.312092 -0.158108 -0.936803
-0.672263 -0.118958 -0.730693
-0.917510 -0.120803 -0.378921
-0.815381 -0.566856 -0.117590
-0.276399 -0.953904 -0.116920
-0.897941 -0.135160 0.418848
-0.666113 -0.370484 0.647329
-0.382025 -0.161750 0.909887
0.731725 -0.655299 -0.187515
-0.468339 -0.487133 -0.737129
-0.168590 0.572522 -0.802369
-0.534328 -0.767081 -0.355077
-0.578382 -0.811089 0.087231
-0.501771 -0.729276 0.465170
-0.332493 -0.533701 0.777568
0.762006 0.565994 0.314639
0.305031 -0.425523 -0.851990
-0.084790 -0.490330 -0.867402
-0.227231 -0.771468 -0.594309
0.568631 -0.601683 -0.560924
-0.197180 -0.941273 0.274088
-0.090672 -0.777626 0.622155
-0.012452 -0.367073 0.930109
0.236984 0.726053 -0.645512
0.024066 -0.939036 -0.342976
0.525432 -0.843513 0.111391
0.554445 -0.677105 0.483859
0.222609 -0.883680 0.411770
0.574154 -0.377028 0.726772
0.329119 -0.163692 0.929992
0.603059 -0.219670 -0.766854
0.406579 -0.868679 -0.283003
0.832724 -0.307607 -0.460379
0.963333 0.037465 -0.265681
0.936857 -0.338854 -0.086466
0.773135 0.102660 -0.625878
0.839528 -0.241187 0.486849
0.810068 -0.540708 0.226772
