0.647473 0.048487 -0.760545
0.890312 0.042293 -0.453383
0.899274 0.359979 -0.248437
0.992753 0.116573 0.029182
0.252603 -0.940408 0.227649
0.880968 0.245267 0.404648
0.636159 0.322954 0.700716
0.016299 0.906058 -0.422839
0.286154 0.385941 0.877021
0.307051 0.060382 -0.949775
0.692532 0.415613 -0.589632
0.868989 -0.483129 0.106977
0.366034 0.905912 -0.212939
0.412232 0.721651 -0.556134
0.688854 0.682073 -0.245473
0.845023 0.521980 0.116074
0.644949 0.622397 0.443468
0.330130 0.685478 0.648948
-0.615297 -0.508410 0.602435
-0.008062 0.304132 -0.952596
0.060665 0.673702 -0.736508
-0.638682 0.480641 -0.600891
-0.349781 0.782748 -0.514741
-0.314421 0.937684 -0.147946
0.238223 0.911466 0.335381
-0.090236 0.491275 0.866318
0.034906 0.104408 0.993922
-0.172666 -0.782620 -0.598074
-0.289574 0.525271 -0.800148
-0.205308 -0.446594 -0.870863
0.375782 0.420619 -0.825753
-0.656307 0.709523 -0.256588
-0.189077 0.946338 0.262096
-0.422576 0.751274 0.506968
0.066002 0.997709 -0.014879
0.733462 -0.480035 0.481249
-0.479991 0.193706 -0.855621
-0.877361 0.347815 -0.330550
-0.046050 0.784546 0.618358
-0.986130 0.165899 -0.005075
-0.607786 -0.723796 -0.326674
-0.968327 -0.215930 0.125372
-0.703632 0.164460 0.691271
-0.570226 0.810072 0.136473
-0.541945 -0.198900 -0.816538
-0.785312 0.071309 -0.614980
-0.783928 -0.347956 -0.514183
-0.954084 -0.098471 -0.282891
-0.857009 -0.497452 -0.134452
-0.277566 -0.926630 -0.253604
-0.187718 -0.038156 -0.981482
-0.844981 -0.196932 0.497217
-0.845863 0.530702 0.053591
-0.344027 0.131693 0.929679
-0.495634 -0.573999 -0.651822
-0.784740 -0.565376 0.254033
0.473648 -0.865166 -0.164760
-0.915853 0.173482 0.362100
-0.460111 0.467970 0.754521
-0.426980 -0.799478 0.422520
-0.263639 -0.605280 0.751086
0.171140 -0.613715 -0.770756
0.454859 0.012344 0.890478
-0.561053 -0.188398 0.806056
0.087632 -0.989105 -0.118288
-0.190640 -0.969164 0.156134
-0.019961 -0.860277 0.509437
-0.736847 0.518696 0.433602
0.131341 -0.266625 -0.954809
0.516455 -0.655521 -0.550968
0.759686 -0.604210 -0.240432
0.184877 -0.867046 -0.462658
-0.567307 -0.822176 0.046788
-0.208495 -0.269496 0.940161
0.613402 -0.767017 0.188208
0.406247 -0.736799 0.540454
0.125666 -0.607372 0.784415
0.494991 -0.327628 -0.804763
0.778927 -0.326711 -0.535287
0.960283 -0.222409 -0.168495
0.172224 -0.261251 0.949782
0.940238 -0.154071 0.303670
0.758605 -0.082499 0.646307
0.500563 -0.392824 0.771444
0.548915 0.826436 0.125286
