0.084376 0.081831 -0.993068
0.665987 0.213852 -0.714653
0.885521 0.254001 -0.389020
0.966028 0.258413 0.003435
0.980166 -0.082901 0.180006
0.797137 0.564516 0.214231
0.865789 0.263562 0.425375
0.601538 0.442740 0.664931
0.259404 0.334565 0.905967
0.343889 0.349031 -0.871732
0.116864 0.905737 -0.407411
0.614545 0.556365 -0.559278
0.656810 -0.730905 0.185413
0.538034 0.840063 0.069387
0.478605 0.819173 -0.316059
0.781080 -0.124960 -0.611800
-0.462748 0.817281 0.343390
0.222720 0.664968 0.712891
-0.494401 0.765069 -0.412597
0.249830 0.676561 -0.692712
-0.161932 0.758235 -0.631552
0.185154 0.982346 -0.026709
-0.091444 -0.299600 0.949672
-0.159499 0.971145 0.177307
-0.137118 0.505198 0.852041
-0.432231 0.494923 -0.753809
0.188668 0.910512 0.367931
-0.554621 0.831644 -0.027647
-0.769258 -0.413262 0.487295
-0.768818 0.580127 0.269020
-0.499990 0.587368 0.636403
-0.050925 0.454070 -0.889510
0.258625 -0.080461 0.962621
-0.135241 0.801317 0.582754
-0.483723 0.274001 0.831225
-0.191102 -0.183372 -0.964290
-0.347650 0.160033 -0.923866
-0.724408 0.474119 -0.500445
-0.921879 0.195834 -0.334346
-0.958683 0.266937 0.098339
-0.176727 -0.642221 0.745868
-0.789721 0.303873 0.532919
0.520048 0.729393 0.444450
-0.694934 0.139046 -0.705502
-0.079981 0.139409 0.987000
-0.213392 0.953717 -0.211866
-0.558991 -0.214049 -0.801070
-0.846293 -0.178292 -0.501997
-0.990456 -0.087183 -0.106756
0.096250 -0.908970 -0.405599
-0.937386 -0.024315 0.347442
-0.818153 0.559777 -0.131436
0.534947 -0.635204 0.557089
0.787840 -0.444258 -0.426548
-0.617597 -0.532362 -0.578934
-0.283763 -0.780580 -0.556932
-0.849509 -0.470157 -0.239348
-0.594097 -0.765525 -0.247025
-0.721496 -0.679315 0.134068
-0.130685 -0.901268 0.413083
-0.497200 -0.719899 0.484290
-0.491737 -0.419675 0.762934
-0.257635 -0.518184 -0.815542
-0.923096 -0.357867 0.140800
-0.408064 -0.903445 0.131421
0.673942 -0.713146 -0.192935
0.015553 -0.998355 0.055182
-0.399519 -0.079074 0.913308
0.444937 -0.734503 -0.512383
-0.726475 -0.060034 0.684565
0.236512 -0.472323 0.849101
0.161999 -0.350108 -0.922595
0.109471 -0.676486 -0.728274
0.363182 -0.924132 -0.118654
0.823279 -0.422194 0.379426
0.318580 -0.903818 0.285691
0.575715 -0.302966 0.759450
0.447935 -0.072061 -0.891157
0.512833 -0.435063 -0.740083
0.965941 -0.101327 -0.238097
0.169695 -0.768846 0.616506
0.903531 -0.428201 -0.016592
0.826448 -0.081217 0.557124
0.787850 0.587775 -0.183881
0.579264 0.098466 0.809171
-0.244225 -0.945036 -0.217396
