0.117934 -0.241340 -0.963248
0.509582 0.310547 -0.802425
0.741544 0.436528 -0.509465
0.938656 0.120258 -0.323208
0.998345 0.035594 0.045160
-0.121709 0.696833 0.706832
0.900852 0.349202 0.257921
0.762308 0.239272 0.601361
0.167449 0.497262 -0.851288
0.925038 -0.348655 0.150808
0.412140 0.676714 -0.610082
0.208025 0.906029 -0.368562
0.713141 0.690750 0.119561
0.403119 0.914251 -0.040504
0.397830 0.857249 0.326888
0.468433 0.366414 0.803935
0.348583 0.028564 0.936843
0.178815 0.138705 -0.974057
-0.199094 0.921217 -0.334247
-0.808475 0.064930 -0.584937
0.272228 0.698084 0.662247
-0.343356 0.938719 0.030223
0.100739 0.423539 0.900259
-0.040564 0.085624 0.995501
-0.384991 -0.038831 0.922103
-0.197188 0.099208 -0.975333
-0.210613 0.463761 -0.860563
-0.426316 0.684745 -0.591083
-0.577591 0.779406 -0.242722
-0.650230 0.734690 0.193474
-0.795454 0.449846 0.406069
-0.988745 -0.131944 0.070524
-0.333898 0.853992 0.399012
-0.510374 0.599079 0.616946
-0.305591 0.370581 0.877088
0.154511 -0.957942 -0.241814
-0.551171 0.329244 -0.766687
-0.959659 0.249157 0.130289
-0.752590 0.467820 -0.463415
-0.836080 0.542878 -0.079082
-0.477493 -0.777960 -0.408386
0.032393 0.921934 0.385990
-0.647098 0.237684 0.724410
0.032613 0.999449 0.006149
0.636247 0.591222 0.495627
-0.257973 -0.296632 -0.919489
-0.535146 -0.050255 -0.843263
-0.692889 -0.332695 -0.639702
-0.762792 -0.553795 -0.333856
0.038948 -0.992141 0.118909
-0.272641 -0.739225 0.615803
-0.566524 -0.499426 0.655457
-0.679646 -0.152609 0.717490
-0.951693 0.180950 -0.248067
-0.851263 -0.347235 0.393419
-0.400644 -0.574172 -0.714010
-0.928035 -0.210143 -0.307557
-0.596120 -0.802429 -0.027378
-0.636737 -0.693585 0.336907
-0.314830 -0.910687 0.267453
-0.891362 0.044043 0.451147
0.080741 -0.270325 0.959378
0.006776 -0.592249 -0.805727
0.275070 -0.781145 -0.560490
-0.115832 -0.842194 -0.526586
0.797051 -0.588682 -0.134771
-0.246467 -0.958376 -0.144119
0.073053 -0.870919 0.485966
0.698642 -0.675624 0.235438
0.425994 -0.392821 0.814998
0.082060 -0.619268 0.780880
0.403015 -0.474765 -0.782417
0.610622 -0.644343 -0.460395
-0.266364 -0.404433 0.874919
0.502190 -0.853602 -0.138449
0.388951 -0.893556 0.224222
0.436504 -0.695710 0.570484
-0.863807 -0.502645 0.034428
0.657685 -0.094928 0.747288
0.486381 -0.103311 -0.867617
0.763824 0.050147 -0.643473
-0.028183 0.762549 -0.646317
0.740470 -0.320682 -0.590650
0.931250 -0.255858 -0.259442
0.625422 0.726666 -0.284261
0.906696 -0.068549 0.416177
0.736885 -0.422113 0.528035
0.887906 0.443039 -0.123854
