0.492297 -0.075440 -0.867152
0.750047 0.092747 -0.654849
0.996442 -0.083893 0.008089
0.929367 0.345138 -0.130985
0.892390 -0.424264 0.153753
0.947443 0.234495 0.217634
0.776832 0.320576 0.541998
0.485050 0.324135 0.812196
0.333607 -0.005104 0.942698
0.775231 0.428086 -0.464498
0.519732 0.366916 -0.771525
0.405445 0.889441 -0.210971
0.696197 -0.003971 0.717840
0.519633 0.837919 0.166955
0.786923 0.579197 0.212797
0.555857 0.632016 0.539980
0.221081 0.584906 0.780390
0.495155 0.689762 -0.528252
0.198042 0.566137 -0.800168
0.124891 0.826072 -0.549552
0.498264 -0.311464 0.809150
0.033445 0.973913 -0.224442
-0.290013 0.956425 -0.033821
-0.767846 0.211736 -0.604633
-0.167016 0.931426 0.323344
-0.568212 0.587809 -0.575861
0.255316 0.847472 0.465408
-0.204416 -0.512064 0.834269
-0.108884 0.357771 -0.927440
0.235820 -0.743672 -0.625572
-0.584454 0.780962 -0.220252
-0.788584 0.613071 0.047738
-0.532378 0.814648 0.230049
-0.393663 -0.201119 0.896984
-0.454244 0.680735 0.574684
0.156091 0.980040 0.123112
-0.220647 0.496335 0.839623
-0.473378 0.308861 -0.824935
-0.826276 0.470306 -0.309968
-0.954586 0.286184 0.082847
-0.955760 0.119391 -0.268829
-0.880621 0.141227 0.452284
-0.762892 0.498856 0.411263
-0.809460 -0.177248 -0.559784
-0.764612 -0.538632 -0.353899
0.441604 -0.440291 -0.781748
-0.562018 -0.078416 -0.823399
-0.209488 0.651753 -0.728926
-0.278921 0.857900 -0.431522
-0.947032 -0.241940 -0.211178
-0.987092 -0.082885 0.137037
-0.853649 -0.268755 0.446155
0.073347 0.274205 0.958870
-0.686948 -0.035503 0.725839
-0.325032 0.156075 0.932735
-0.282366 -0.355198 -0.891125
-0.564231 -0.478285 -0.672969
0.616815 -0.627896 -0.474642
-0.654572 -0.753313 -0.063677
-0.879064 -0.469825 0.080688
-0.433375 -0.875157 0.215144
-0.346665 -0.747694 0.566372
-0.688631 -0.630439 0.358237
-0.588615 -0.443533 0.675877
-0.077560 0.768463 0.635177
-0.210857 0.007506 -0.977488
-0.036656 -0.912268 -0.407950
-0.214393 -0.701449 -0.679710
0.910054 -0.090654 0.404455
0.091317 -0.995350 -0.030644
-0.279742 -0.953099 -0.115526
0.651997 -0.693398 0.306756
-0.459098 -0.786800 -0.412523
0.158815 -0.436962 0.885348
0.225538 0.188257 -0.955872
0.367244 -0.877160 -0.309390
0.455712 -0.888992 0.044933
0.727816 -0.677026 -0.109173
0.281551 -0.885103 0.370570
0.423549 -0.645573 0.635486
-0.599267 0.339219 0.725127
-0.027908 -0.119540 0.992437
0.126118 -0.176141 -0.976252
0.751787 -0.284437 -0.594906
0.894025 -0.369008 -0.254070
-0.082535 -0.947798 0.308004
0.717273 0.677498 -0.162839
0.063583 -0.512964 -0.856052
0.041666 -0.756848 0.652261
0.937847 0.021651 -0.346373
0.745586 -0.400268 0.532810
