0.438371 0.076549 -0.895528
0.828444 0.262222 0.494895
0.733846 0.506597 -0.452582
-0.465183 0.882547 0.068664
0.932005 0.157139 -0.326611
0.974264 0.188371 0.123796
0.805380 0.549473 0.222357
-0.249789 -0.421629 0.871685
0.572108 0.251455 0.780681
0.199043 0.247415 0.948245
0.503502 0.462181 -0.729983
0.428015 0.763653 -0.483360
0.879667 0.460414 -0.119182
0.639806 0.755843 -0.139105
0.605982 0.594201 0.528877
0.865839 -0.201084 -0.458135
0.335693 0.553816 0.761970
0.512605 -0.740086 0.435326
-0.024881 0.556679 0.830355
-0.169932 0.945031 0.279354
0.133501 0.680417 -0.720562
0.309604 0.936723 -0.163389
0.000808 0.062000 -0.998076
0.031279 0.898472 -0.437915
0.741346 0.152401 -0.653591
0.188512 0.964083 0.187102
0.237824 0.819058 0.522096
-0.142623 0.790573 0.595527
-0.218439 0.263055 0.939727
-0.160682 0.425116 -0.890763
-0.368468 0.871389 -0.323903
-0.255780 0.715233 -0.650399
-0.092005 0.991248 -0.094674
-0.695539 0.702479 -0.150826
-0.503257 0.745116 0.437646
0.721879 -0.089911 0.686153
-0.744770 0.410152 0.526397
0.006748 -0.073330 0.997285
-0.686891 0.093242 -0.720755
-0.843262 0.294063 -0.449929
-0.986731 0.037533 -0.157968
-0.566473 -0.262189 -0.781259
-0.625454 0.609939 -0.486601
-0.943669 0.236863 0.231053
-0.973936 -0.138323 0.179764
-0.768450 0.604949 0.208617
-0.602589 0.174398 0.778763
-0.361897 -0.076077 0.929109
-0.369062 0.071825 -0.926625
-0.859605 -0.128389 -0.494565
-0.704301 -0.494721 -0.509127
-0.916224 -0.344494 -0.204589
-0.067820 -0.816780 -0.572950
-0.859044 -0.498354 0.116989
-0.506807 0.412588 -0.756914
-0.800401 -0.384149 0.460204
-0.622674 -0.246252 0.742723
-0.199952 -0.275915 -0.940154
-0.909406 0.402087 -0.106332
-0.455167 -0.780924 -0.427762
0.203456 0.362794 -0.909388
-0.700993 -0.695058 -0.159697
-0.848457 0.008320 0.529199
-0.425191 0.524303 0.737780
-0.123429 -0.717197 0.685852
-0.495891 -0.603471 0.624431
-0.358868 -0.578732 -0.732313
-0.179797 -0.952227 -0.246855
-0.435530 -0.900035 0.015819
-0.037134 -0.994520 0.097730
0.626292 -0.210514 -0.750628
0.124778 -0.901218 0.415014
0.023294 -0.562130 -0.826721
0.251395 -0.680662 0.688114
0.131436 -0.406780 0.904021
-0.281844 -0.879341 0.383826
0.390674 -0.503895 -0.770366
0.309301 -0.781415 -0.541962
0.558126 -0.797013 -0.230791
0.196646 -0.952849 -0.231105
0.696757 -0.708071 0.114740
0.368027 -0.923292 0.109941
0.751838 -0.447306 0.484414
0.506807 -0.412588 0.756914
-0.623558 -0.725829 0.290425
0.217131 -0.231150 -0.948380
0.658519 -0.547778 -0.516035
0.842085 -0.500185 -0.201761
0.988225 -0.126344 -0.086301
0.905240 -0.396476 0.152802
0.925878 -0.091604 0.366550
0.528038 0.820627 0.218512
0.395931 -0.083654 0.914462
