0.429822 0.139220 -0.892116
0.726216 0.136564 -0.673766
0.547108 -0.794585 -0.263263
0.579469 -0.115344 0.806791
0.926046 0.075751 -0.369731
0.973414 0.227131 -0.029611
0.880540 0.363330 0.304368
0.977416 -0.180345 -0.110150
0.463813 0.239303 0.853002
-0.844296 0.195152 0.499079
0.053240 0.223137 -0.973332
0.599973 0.486450 -0.635136
0.593641 0.735191 -0.327237
0.831551 0.435024 -0.345365
0.805386 0.592749 0.001606
0.805355 0.079968 0.587374
0.632204 0.689973 0.352498
0.670722 0.424881 0.607954
0.364268 0.601432 0.711047
0.092283 0.406687 0.908895
-0.281748 0.354213 -0.891712
-0.890433 -0.320564 -0.323061
-0.069343 0.876692 -0.476029
-0.111541 0.987508 -0.111298
0.525787 0.849950 0.033661
0.185541 0.976398 0.110555
0.301626 0.847714 0.436353
0.009946 0.727917 0.685593
0.286767 -0.304886 0.908190
-0.218451 -0.042707 -0.974913
-0.378596 0.693596 -0.612854
-0.704500 0.589857 -0.394651
-0.387430 0.913369 0.125117
-0.432354 0.859436 -0.272835
-0.913134 0.381728 -0.143074
-0.704536 0.708462 -0.041368
-0.343582 0.755244 0.558173
-0.274864 0.486221 0.829481
-0.593587 0.400464 -0.698057
-0.892691 -0.217746 0.394575
-0.839223 0.211240 -0.501081
-0.551593 -0.831684 0.063608
-0.976345 0.016553 -0.215584
-0.984563 0.083067 0.154063
-0.865603 0.446589 0.226472
-0.774097 -0.140979 -0.617170
0.258442 0.930735 -0.258729
-0.718223 -0.087128 0.690337
-0.552049 0.058113 -0.831784
-0.481195 -0.323880 -0.814588
-0.476109 -0.817782 -0.323348
-0.771275 -0.621942 -0.135361
-0.951362 -0.304740 0.045203
-0.186398 0.119163 0.975221
-0.524887 0.195136 0.828502
-0.639316 -0.445944 0.626426
-0.423511 -0.199886 0.883563
-0.351293 -0.659111 -0.664956
-0.664357 -0.532234 -0.524744
-0.189831 -0.976742 -0.099694
0.900945 -0.391183 0.187813
-0.481579 -0.736607 0.474860
-0.082342 -0.823261 0.561660
-0.290238 -0.559616 0.776268
-0.088980 0.931930 0.351551
-0.113998 -0.393889 -0.912061
-0.772350 -0.575882 0.268020
0.293455 -0.797929 -0.526492
-0.098446 -0.893053 -0.439049
0.198536 -0.963747 -0.178254
-0.258442 -0.930735 0.258729
-0.626765 0.478996 0.614596
0.100909 -0.973542 0.205019
0.103633 -0.607171 0.787784
-0.079294 -0.275403 0.958053
0.286823 0.477044 -0.830760
0.009029 -0.684974 -0.728512
-0.048429 0.625126 -0.779020
0.737035 -0.675187 0.030047
0.648271 -0.652956 0.391655
0.303960 -0.810053 0.501420
0.594043 -0.555661 -0.581681
0.444520 -0.886595 0.127873
0.181315 0.040521 0.982590
0.178621 -0.148638 -0.972626
0.551521 -0.210321 -0.807211
0.495610 -0.520075 0.695624
0.811392 -0.235392 -0.535009
0.829973 -0.488778 -0.268777
0.964623 -0.027064 0.262241
0.292154 0.756685 -0.584871
0.299658 -0.483452 -0.822484
0.787327 -0.304531 0.536076
-0.623721 0.711333 0.324003
