0.348650 0.086036 -0.933296
0.683916 0.147764 -0.714440
0.808347 -0.157721 -0.567186
0.786629 0.411064 -0.460697
0.923863 0.372901 -0.086156
0.999380 -0.000183 0.035209
0.532203 0.680492 -0.503677
0.912989 0.275292 0.301107
0.740174 0.161366 0.652766
0.138660 -0.961750 -0.236242
-0.518815 0.850627 0.085228
0.287681 0.895158 -0.340487
0.435617 0.900117 -0.005245
0.509158 0.791403 0.338289
0.775300 0.610974 0.160066
0.685009 0.511396 0.518880
0.287522 0.727806 0.622599
-0.304377 -0.101580 0.947120
0.122913 0.397145 -0.909488
0.692233 -0.502676 -0.517813
0.191468 0.704030 -0.683873
0.042944 0.995932 -0.079222
-0.194033 0.958620 0.208322
0.169837 0.940396 0.294636
-0.102434 0.825758 0.554645
0.453673 0.429318 0.780940
0.169063 0.277629 0.945695
-0.233317 0.321140 -0.917841
-0.181236 0.643341 -0.743818
-0.463718 0.722149 -0.513290
-0.319596 0.924277 -0.208734
-0.681537 0.700628 -0.211253
-0.768786 0.609223 0.194463
-0.471252 0.760906 0.446031
-0.775300 -0.610974 -0.160066
-0.362399 0.564083 0.741941
-0.729318 0.072917 -0.680279
-0.536255 0.408614 -0.738556
-0.073147 0.881346 -0.466774
-0.770828 0.432972 -0.467290
-0.354742 -0.622674 -0.697449
-0.923248 0.275076 0.268228
-0.828775 0.078029 0.554115
-0.700358 0.462244 0.543902
-0.625086 -0.127820 0.770019
-0.546204 0.233103 0.804565
-0.586319 -0.291484 -0.755823
-0.817486 -0.538674 0.203829
-0.925645 0.098215 -0.365424
-0.998827 0.046782 -0.012506
-0.432324 0.017102 -0.901556
-0.949055 -0.299452 -0.098099
-0.942940 -0.167451 0.287791
-0.174752 -0.864276 -0.471687
-0.757233 -0.376481 0.533723
0.069492 -0.076407 0.994652
-0.007087 -0.585010 -0.810995
0.406847 -0.833563 0.373695
-0.658896 -0.557766 -0.504731
-0.906083 0.409298 -0.107185
-0.486277 -0.821305 -0.298318
-0.561804 -0.822588 0.087889
-0.853564 -0.249182 -0.457534
-0.552850 -0.695454 0.459022
0.010111 0.580604 0.814123
-0.446923 -0.454081 0.770759
-0.230644 -0.306660 -0.923452
0.389506 -0.554502 -0.735400
0.167396 -0.802312 -0.572952
-0.219406 -0.972658 -0.076141
0.504235 -0.585647 0.634637
0.107618 -0.985444 0.131598
-0.200711 0.260271 0.944444
-0.268444 -0.914421 0.302937
0.162966 -0.645812 0.745902
-0.085570 -0.417725 0.904535
-0.028618 0.018018 -0.999428
0.181979 -0.282722 -0.941781
0.484745 -0.787231 -0.381169
-0.221890 -0.718233 0.659474
0.457571 -0.888967 -0.019141
0.758953 -0.631374 -0.159241
0.694635 -0.690059 0.203227
0.063142 -0.875968 0.478218
0.325516 -0.330827 0.885773
0.695037 0.695352 -0.182782
0.538126 -0.220528 -0.813504
0.909604 -0.084458 0.406803
0.925668 -0.291744 -0.240884
0.937774 0.095174 -0.333950
0.921363 -0.371400 0.114682
0.469858 0.431657 -0.770004
0.778283 -0.434753 0.453062
0.661320 -0.212283 0.719438
0.452648 0.040596 0.890765
