0.513127 0.381249 -0.768993
-0.246572 0.909946 -0.333466
0.801565 0.253172 -0.541662
0.896345 0.391465 -0.208136
0.988894 0.132144 0.068021
0.318090 0.066877 -0.945699
0.866868 0.470677 0.164326
0.883076 0.177826 0.434229
0.617404 0.229472 0.752432
0.163063 0.426026 -0.889894
0.330850 0.683209 -0.650971
0.655712 0.594770 -0.465070
0.643416 -0.746263 -0.170610
0.701184 0.705405 -0.103656
0.615969 0.745029 0.255956
0.005849 0.966548 0.256418
0.329198 0.826056 0.457449
0.702296 0.497530 0.509161
0.269494 0.258876 0.927554
-0.040998 0.098893 -0.994253
0.098377 0.886789 -0.451583
-0.070097 0.698693 -0.711979
0.423997 0.857519 -0.291356
0.046925 0.993605 -0.102697
-0.321113 0.945944 0.045575
-0.348370 0.840870 0.414218
-0.285619 0.608844 0.740088
0.413655 0.570900 0.709198
0.076425 0.556647 0.827226
-0.972936 0.227156 0.042384
-0.008397 0.812220 0.583290
-0.414803 0.704238 -0.576183
-0.831929 0.547865 -0.087972
-0.575530 0.789584 -0.212893
-0.629382 0.757098 0.175162
-0.537572 0.407043 -0.738466
-0.603066 0.583080 0.544362
-0.308563 -0.659519 0.685437
-0.212017 0.412061 -0.886146
-0.435236 0.081571 -0.896614
-0.737122 0.512785 -0.440117
-0.609666 -0.751309 -0.252672
-0.928996 0.198532 -0.312333
-0.839628 0.459862 0.289051
0.363153 0.929012 0.071111
-0.792015 0.230136 0.565464
-0.626987 -0.014896 0.778887
-0.098377 -0.886789 0.451582
-0.226254 -0.214002 -0.950270
-0.650296 -0.177266 -0.738709
-0.763389 0.147015 -0.628986
-0.886950 -0.172999 -0.428242
-0.866323 -0.471329 -0.165332
-0.989169 -0.130343 -0.067487
-0.901157 -0.378966 0.210478
-0.670722 -0.562156 0.483851
-0.804982 -0.226768 0.548252
-0.307034 -0.054603 0.950131
-0.076424 -0.556646 -0.827227
-0.433308 -0.453947 -0.778573
-0.702296 -0.497530 -0.509161
0.379091 -0.821274 -0.426379
0.418559 -0.694632 0.585059
-0.401165 -0.915297 0.036046
-0.713660 -0.691405 0.112468
-0.949165 0.002128 0.314772
-0.486507 0.315566 0.814696
-0.508346 -0.368186 0.778475
0.614597 -0.563739 -0.551787
-0.442658 -0.817029 0.369483
-0.371424 -0.733243 -0.569560
-0.254936 -0.923185 -0.287640
0.492025 -0.307317 -0.814536
-0.045441 -0.993903 0.100461
0.245425 -0.906249 0.344207
0.065274 -0.061931 0.995944
0.075249 -0.694608 0.715442
-0.134197 0.275860 0.951784
0.949429 0.011429 -0.313773
0.284796 -0.606993 -0.741924
0.008286 -0.816115 -0.577830
0.096228 -0.965866 -0.240508
0.364389 -0.931188 -0.010479
0.837324 -0.538593 0.093842
0.591109 -0.769634 0.241357
0.747478 -0.485993 0.452867
-0.146731 -0.395983 0.906459
0.216216 -0.403292 0.889160
0.148659 -0.271859 -0.950786
0.634493 0.026277 -0.772482
0.799060 -0.214318 -0.561758
0.844747 -0.451139 -0.287883
0.974397 -0.221199 -0.040276
0.928472 -0.187005 0.320889
0.755813 -0.106647 0.646044
0.544188 -0.394580 0.740383
0.437246 -0.072853 0.896387
