0.433307 0.051283 -0.899786
0.724404 0.186010 -0.663806
0.897255 -0.066051 -0.436543
0.567177 0.657437 0.496072
0.916675 0.259606 -0.303830
0.964269 0.257816 0.060963
0.957287 -0.009413 0.288985
0.815390 0.208580 0.540031
0.564011 0.390274 0.727721
0.590242 0.020366 0.806969
-0.815390 -0.208580 -0.540031
0.457255 0.411336 -0.788493
0.212544 0.908072 -0.360874
0.716312 0.514155 -0.471743
0.820487 0.484413 0.303555
0.557750 0.797948 -0.228461
0.316457 0.880797 0.352211
0.611637 0.778967 0.138241
0.267245 0.631418 0.727936
0.012304 0.432250 0.901670
0.337888 -0.842171 -0.420214
0.127957 0.638592 -0.758833
-0.087173 0.836919 -0.540340
-0.099753 0.980487 -0.169397
-0.590243 -0.020367 -0.806969
0.276924 0.960887 -0.003042
-0.049042 0.978941 0.198164
0.027442 0.838480 0.544242
0.818372 0.567191 -0.092525
-0.206542 0.650464 0.730915
-0.173323 0.475444 -0.862503
-0.382591 0.665393 -0.640996
-0.683581 0.558833 -0.469492
-0.422875 0.847421 -0.321022
-0.648763 0.713007 0.265947
-0.406557 0.912200 0.051011
-0.337888 0.842171 0.420214
-0.802583 0.405640 0.437397
-0.540384 0.564910 0.623588
-0.355608 0.321857 0.877468
-0.247033 0.128982 -0.960384
-0.525558 0.343985 -0.778115
-0.796322 0.193535 -0.573076
0.424086 0.704523 -0.569032
-0.699613 0.704905 -0.116836
-0.991507 0.100111 0.083022
-0.886334 0.452346 0.098968
-0.897255 0.066052 0.436543
-0.664738 0.190277 0.722439
-0.075302 0.075891 0.994269
-0.298616 -0.232539 -0.925610
-0.564011 -0.390273 -0.727722
-0.820487 -0.484413 -0.303555
-0.611637 -0.778967 -0.138241
-0.964270 -0.257813 -0.060963
-0.818372 -0.567191 0.092525
-0.916675 -0.259606 0.303830
-0.724408 -0.186013 0.663801
-0.457255 -0.411336 0.788493
-0.897544 0.367902 -0.243028
0.049042 -0.978941 -0.198164
-0.267245 -0.631418 -0.727936
-0.567177 -0.657437 -0.496072
-0.027442 -0.838480 -0.544242
-0.433307 -0.051283 0.899786
-0.557750 -0.797948 0.228461
-0.716312 -0.514155 0.471743
-0.212544 -0.908072 0.360874
-0.424084 -0.704524 0.569033
-0.957287 0.009413 -0.288985
-0.012304 -0.432250 -0.901670
0.206542 -0.650464 -0.730915
-0.316457 -0.880797 -0.352211
0.406557 -0.912200 -0.051011
-0.276922 -0.960887 0.003046
0.099753 -0.980487 0.169397
-0.127960 -0.638593 0.758832
0.382591 -0.665393 0.640996
0.075302 -0.075891 -0.994269
0.540384 -0.564910 -0.623588
0.796320 -0.193535 0.573077
0.648743 -0.712964 -0.266111
-0.134844 -0.287402 0.948271
0.422876 -0.847422 0.321018
0.699613 -0.704905 0.116836
0.087173 -0.836919 0.540340
0.173323 -0.475444 0.862503
0.298616 0.232539 0.925610
0.134844 0.287402 -0.948271
0.664738 -0.190277 -0.722439
0.991507 -0.100111 -0.083022
0.355612 -0.321861 -0.877465
0.802583 -0.405640 -0.437397
0.886334 -0.452346 -0.098968
0.897544 -0.367902 0.243028
0.683581 -0.558833 0.469492
0.525558 -0.343985 0.778115
0.247033 -0.128982 0.960384
