-0.750441 -0.660731 0.016544
0.091703 -0.913423 -0.396545
0.638958 0.201121 -0.742485
0.866948 0.195175 -0.458593
0.964207 -0.069854 -0.255782
0.867496 0.445863 -0.220585
0.619568 -0.445591 -0.646207
0.185250 -0.982671 -0.006414
-0.087340 -0.207820 0.974260
0.189770 -0.010822 0.981769
-0.395681 -0.913409 0.095498
0.417519 0.498522 -0.759707
0.069030 0.925038 -0.373551
0.679412 0.513545 -0.524091
0.983817 0.177851 -0.021748
0.369389 0.911186 -0.182459
-0.499998 0.783254 0.369480
0.422657 0.770218 0.477624
0.457758 0.513170 0.726027
-0.933838 -0.354274 0.049361
-0.064808 -0.430422 -0.900298
-0.942625 -0.187284 -0.276375
-0.454748 -0.390076 -0.800653
0.446229 0.192044 0.874070
-0.934848 0.353025 0.037846
0.343053 0.925598 0.159949
-0.232554 0.950780 0.204784
0.086972 0.917344 0.388478
0.038540 0.999203 -0.010397
0.149917 0.373189 0.915563
-0.033741 0.142446 -0.989227
-0.210328 0.548813 -0.809053
0.636340 0.757092 0.147932
-0.544549 0.764758 -0.344401
-0.262805 0.945559 -0.191969
-0.537805 0.842848 0.019339
-0.788922 0.443174 -0.425675
0.102662 0.728173 -0.677661
-0.174835 0.803670 0.568812
0.659748 0.722669 -0.206114
-0.147214 0.158918 0.976255
-0.355962 0.243089 -0.902330
-0.646455 0.278789 -0.710192
-0.548729 -0.569191 0.612306
-0.778723 0.614666 -0.125601
0.410199 0.761909 -0.501230
-0.805994 -0.515282 -0.291306
-0.764891 0.597233 0.241361
-0.229632 0.810488 -0.538868
-0.443148 0.604601 0.661874
-0.449366 -0.036903 0.892585
-0.576589 -0.056381 -0.815086
-0.834082 0.033295 -0.550635
-0.713707 0.433909 0.549859
-0.949272 0.180840 -0.257252
0.142311 0.693079 0.706675
-0.811003 -0.454679 0.368160
-0.908310 0.219339 0.356178
-0.998143 -0.011476 0.059821
-0.908806 -0.127341 0.397310
-0.250529 -0.130870 -0.959223
-0.736660 0.094850 0.669579
-0.371849 -0.362859 0.854436
-0.745967 -0.310720 -0.589055
-0.567856 -0.632118 -0.527226
-0.536200 -0.815969 -0.216065
-0.467177 0.298196 0.832361
0.605178 -0.095838 0.790301
-0.692417 -0.249131 0.677120
0.153476 -0.159955 -0.975120
-0.254070 -0.659080 -0.707857
0.339463 0.157847 -0.927281
0.641903 -0.416075 0.644083
-0.148187 -0.981031 -0.124972
0.063845 -0.804952 0.589895
-0.601487 -0.736829 0.308700
-0.294865 -0.838200 0.458776
-0.209742 -0.641057 0.738277
0.707237 0.543111 0.452600
-0.506832 0.581262 -0.636597
0.084739 -0.719775 -0.689016
-0.261384 -0.861586 -0.435140
-0.046864 -0.966083 0.253943
0.410824 -0.873625 -0.260775
0.517890 -0.852351 0.072721
0.303864 -0.883841 0.355656
0.365703 -0.639993 0.675774
-0.154397 0.514686 0.843362
0.723196 0.240409 0.647450
0.301689 -0.462837 -0.833526
0.416428 -0.710839 -0.566829
0.858309 0.497781 0.124578
0.687408 -0.665935 -0.289827
0.772492 -0.632459 0.057021
0.351674 -0.310697 0.883059
0.605300 -0.688453 0.399556
0.075181 -0.502273 0.861435
0.505934 -0.153149 -0.848868
0.779831 -0.113444 -0.615624
0.842889 -0.381229 -0.379741
0.934819 -0.353093 -0.037932
0.102639 0.439253 -0.892481
0.976334 -0.101296 0.191077
0.910532 0.223390 0.347890
0.844105 -0.413812 0.340949
0.842956 -0.099039 0.528788
