0.452118 0.084775 -0.887920
0.874003 0.302883 -0.379974
0.701499 0.194114 -0.685725
0.984978 0.051069 -0.164956
0.930757 0.365604 -0.005056
0.982970 0.050402 0.176718
0.868429 0.069058 0.490980
0.858229 0.386165 0.338112
0.480069 0.128193 0.867813
0.122751 0.283900 0.950964
-0.358775 0.868759 0.341376
0.648632 0.514437 -0.560920
0.612799 0.611958 0.499985
0.518522 0.767611 -0.376706
0.773768 0.599553 -0.204499
0.345327 -0.285461 -0.894014
0.525168 0.849521 -0.050120
0.449700 0.845354 0.288351
0.812599 -0.574356 -0.098988
0.688501 0.306108 0.657469
-0.047582 -0.306261 -0.950758
0.298912 0.716719 -0.630053
0.217023 0.923844 -0.315299
-0.129181 0.968387 -0.213397
0.288335 0.747689 0.598184
0.206056 0.978335 0.020042
0.107653 0.926470 0.360645
-0.116702 0.806453 0.579667
-0.275393 0.563582 0.778803
0.061580 0.586114 0.807885
0.121271 0.311075 -0.942616
0.025819 0.609373 -0.792463
-0.419776 0.834855 -0.356097
0.739788 0.655075 0.153595
-0.230299 0.390901 -0.891156
-0.716685 0.687614 -0.116405
-0.454699 0.890561 -0.012237
0.215144 -0.041408 0.975704
-0.510526 0.653772 0.558521
-0.045024 0.847095 -0.529530
-0.227879 0.271618 0.935037
-0.881922 0.455659 0.120785
-0.533235 0.440057 -0.722503
-0.513552 0.124672 -0.848953
-0.880959 0.399244 -0.253999
-0.250928 -0.537577 -0.805013
0.152070 -0.566437 -0.809953
-0.761759 0.433865 0.481128
-0.553618 0.334128 0.762802
0.401654 0.468324 0.786985
-0.471591 -0.001467 0.881816
-0.398066 -0.206951 -0.893709
-0.132599 0.983489 0.123155
-0.724650 -0.085066 -0.683846
-0.667145 0.706253 0.236904
-0.777929 0.255340 -0.574132
-0.967419 -0.220228 -0.124901
-0.930224 0.040042 -0.364802
-0.919120 0.171964 0.354468
-0.608237 -0.284447 0.741038
-0.659601 0.603015 -0.448664
-0.340855 -0.937982 0.063313
-0.872524 -0.445041 0.201595
0.376114 -0.911050 -0.168898
-0.673443 -0.600153 -0.431614
-0.844327 -0.299117 -0.444569
-0.829936 -0.542032 -0.131938
0.086282 -0.354871 0.930925
-0.670859 -0.729529 0.133178
-0.840733 -0.215703 0.496629
-0.685520 -0.547512 0.479889
-0.283457 -0.341739 0.896028
-0.186367 0.058404 -0.980743
-0.974003 -0.114197 0.195644
-0.313977 0.686324 -0.656031
-0.414095 -0.589093 0.693898
-0.751212 0.074719 0.655819
-0.242024 -0.925915 -0.290011
-0.555024 -0.810667 -0.186462
-0.454136 -0.807970 0.375426
-0.174612 -0.810738 0.558761
-0.987482 0.155139 -0.028480
-0.037680 -0.617441 0.785714
0.180361 -0.834093 0.521305
0.095185 -0.925139 -0.367502
-0.577829 -0.417332 -0.701390
0.294996 -0.936071 0.191701
0.508934 -0.749924 0.422611
-0.066954 -0.957994 0.278863
0.321601 -0.602180 0.730720
0.762477 -0.431437 -0.482174
-0.130177 -0.047560 0.990349
-0.051780 -0.774171 -0.630855
0.507963 -0.518740 -0.687665
0.331416 -0.766994 -0.549439
0.600028 -0.797445 0.063615
0.410252 0.432010 -0.803157
0.777079 -0.569545 0.267892
0.635041 -0.476037 0.608368
0.685576 -0.111467 0.719417
0.609766 -0.715804 -0.340309
0.144685 -0.024475 -0.989175
0.024660 -0.998818 -0.041876
0.650111 -0.182202 -0.737671
-0.388473 -0.740700 -0.548135
0.865342 -0.053120 -0.498359
0.931237 -0.278677 -0.234814
0.952016 -0.287945 0.103697
0.859381 -0.269478 0.434563
0.434173 -0.292162 0.852136
