0.676892 -0.044238 -0.734752
0.858501 0.206739 -0.469292
0.191071 0.760805 0.620216
0.982822 0.114024 -0.145118
0.949559 0.245966 0.194520
0.839731 -0.266996 0.472827
0.856887 0.084606 0.508515
0.350467 0.440098 0.826733
0.080665 0.249291 -0.965063
0.311078 0.445795 -0.839343
0.482418 0.616763 -0.621994
0.631845 0.302223 -0.713746
0.890385 0.430090 -0.149120
0.673858 0.731764 -0.102162
0.384621 0.922984 -0.012927
0.767118 0.432226 0.474037
0.904499 -0.413799 0.103213
0.814307 0.556752 0.164106
0.034351 0.240859 0.969952
-0.018329 0.585191 -0.810688
0.178003 0.774862 -0.606551
0.133470 0.946708 -0.293139
-0.202773 -0.299690 -0.932239
0.453118 0.820568 -0.348357
0.044046 0.997451 0.056139
-0.056902 0.921137 0.385058
-0.188963 0.726832 0.660309
0.581726 0.767364 0.269716
0.283839 0.901780 0.325928
0.035782 0.547139 0.836276
0.825599 -0.474583 -0.305217
-0.355679 0.629533 -0.690783
0.871253 -0.136177 -0.471565
-0.203976 0.957695 -0.203012
-0.475293 0.811808 -0.339211
0.730073 0.540376 -0.418316
-0.394367 0.824111 0.406589
-0.525170 0.568299 0.633429
-0.595766 -0.111816 0.795336
-0.291842 0.424600 0.857055
-0.271806 0.355504 -0.894281
-0.638665 0.575626 -0.510649
-0.840445 0.280652 -0.463558
-0.792966 0.568921 -0.218023
-0.596040 0.324491 -0.734467
-0.605188 0.795808 -0.020901
-0.666881 0.680227 0.304239
-0.787186 0.390838 0.477058
-0.589224 0.242765 0.770636
-0.994663 -0.099500 -0.027285
-0.473865 0.040145 -0.879682
-0.750187 -0.008842 -0.661166
-0.799643 -0.326077 -0.504227
-0.322007 0.940924 0.104753
-0.897242 -0.404798 -0.176338
-0.960013 0.246074 -0.133505
-0.945074 -0.122980 0.302840
-0.953204 0.201439 0.225445
-0.816954 0.059360 0.573640
0.623802 0.268362 0.734066
-0.159287 0.024006 -0.986940
-0.532861 -0.278073 -0.799208
-0.150963 0.836771 -0.526331
-0.302579 0.094744 0.948404
0.377554 -0.601412 -0.704099
-0.714022 -0.699440 0.030918
-0.885285 -0.433338 0.168789
-0.677470 -0.625880 0.386404
-0.789603 -0.309845 0.529644
-0.551418 -0.457428 0.697638
-0.297247 -0.238763 0.924465
-0.255079 -0.584348 -0.770372
-0.111219 -0.924255 -0.365217
-0.450433 -0.877747 -0.163308
-0.456595 -0.867051 0.199359
-0.168423 -0.985708 0.003768
-0.385429 -0.756373 0.528530
-0.028493 -0.751960 0.658593
-0.252889 -0.553898 0.793249
-0.857821 0.503274 0.104205
0.102786 -0.477442 -0.872631
-0.933859 -0.047256 -0.354506
0.013263 -0.752654 -0.658282
0.274629 -0.840836 -0.466447
0.147538 -0.974033 -0.171731
0.180655 -0.971350 0.154409
-0.129917 -0.928001 0.349192
0.217184 -0.858274 0.464970
0.278467 -0.587408 0.759874
0.035517 -0.415691 0.908812
0.036343 -0.088811 0.995385
-0.690764 -0.654253 -0.307894
-0.570473 -0.546885 -0.612762
0.672294 -0.398947 -0.623588
0.589768 -0.690238 -0.419219
0.468373 -0.872000 -0.142275
0.732805 -0.679320 -0.038998
-0.370294 -0.786439 -0.494364
0.508417 -0.837360 0.200848
0.499864 -0.689385 0.524294
0.603536 -0.405606 0.686461
0.359589 -0.251409 0.898604
0.147265 -0.140070 -0.979129
0.434150 -0.281968 -0.855575
0.404188 0.093015 -0.909934
0.361487 0.094275 0.927599
0.966371 -0.207789 -0.151498
0.975903 -0.087184 0.200029
0.509498 0.634229 0.581519
0.743512 -0.578858 0.334832
0.650486 -0.073917 0.755913
