-0.333716 0.832169 -0.442864
0.964920 -0.262531 -0.002724
0.896721 0.231951 -0.376948
0.991405 0.093039 -0.091977
0.933384 0.338213 0.120025
0.858201 0.234882 0.456423
0.773595 0.529810 0.347640
0.570107 -0.152166 -0.807356
0.720778 0.689734 0.068891
0.461719 0.488756 -0.740225
0.412962 0.751697 -0.514212
0.856533 0.489107 -0.164695
0.700255 0.545347 -0.460695
0.594255 0.771881 -0.225967
-0.362586 0.791369 0.492206
-0.308714 0.565756 0.764602
-0.159170 0.446673 -0.880425
0.527548 0.757011 0.385523
0.014262 0.521232 0.853296
0.439339 0.894787 0.079607
0.167822 0.354576 -0.919843
0.166042 0.640513 -0.749782
0.746056 -0.352960 -0.564641
0.280954 0.931781 -0.229887
0.079538 0.865305 -0.494895
-0.094978 0.966526 -0.238343
0.108106 0.992383 0.059068
0.225052 0.897351 0.379622
0.294900 0.696783 0.653856
-0.979776 -0.184097 0.078408
-0.276678 0.271277 0.921877
0.173475 0.032460 -0.984303
-0.731964 0.621641 0.278911
-0.152759 0.712696 -0.684638
-0.487915 0.858603 -0.157290
-0.787805 0.045489 0.614243
-0.104963 0.933528 0.342795
-0.880926 -0.230095 0.413553
-0.590094 0.568617 0.573117
0.346120 -0.389006 0.853742
0.065622 0.214988 0.974410
-0.154419 0.128909 -0.979560
-0.454985 0.260916 -0.851417
-0.454712 0.570038 -0.684320
-0.867345 0.419436 -0.267928
-0.745451 0.663651 -0.062206
-0.911443 0.397509 0.106109
0.593814 0.500794 0.629755
-0.509841 0.837534 0.196468
-0.821107 0.337257 0.460479
0.660156 0.188568 0.727074
-0.163447 -0.047556 0.985405
-0.069545 -0.216667 -0.973765
-0.706037 0.366699 -0.605841
-0.670258 0.032381 -0.741422
-0.880957 0.135937 -0.453251
-0.985883 0.145725 -0.082462
-0.245134 0.968176 0.050437
-0.955889 0.087132 0.280508
0.173001 -0.126622 0.976749
-0.584311 0.293737 0.756505
-0.643610 0.650631 -0.403044
-0.502362 -0.009184 0.864609
-0.421868 -0.904778 -0.058348
-0.568833 -0.337791 -0.749884
-0.811643 -0.199479 -0.549039
-0.719638 -0.506775 -0.474657
-0.879967 -0.435661 -0.189362
0.257303 -0.731261 -0.631706
-0.856533 -0.489107 0.164695
-0.708687 -0.541204 0.452617
-0.396113 -0.102474 -0.912466
-0.673153 -0.255013 0.694142
-0.339725 -0.311697 0.887374
-0.259435 -0.456817 -0.850889
-0.096681 -0.745269 -0.659717
-0.423172 -0.647789 -0.633479
-0.555510 -0.757293 -0.343388
-0.716770 -0.694054 -0.067299
-0.086519 -0.992749 -0.083455
0.395749 0.102543 0.912616
0.342444 0.418819 0.841025
-0.386913 -0.779930 0.491942
-0.488659 -0.530481 0.692678
-0.008559 -0.398178 0.917268
-0.957059 -0.130762 -0.258726
0.464762 0.152255 -0.872247
-0.255069 -0.887557 -0.383644
0.073140 -0.918627 -0.388298
0.280274 -0.268890 -0.921490
0.263497 -0.962318 -0.067182
0.101513 -0.970303 0.219562
0.314606 -0.839213 0.443559
-0.041607 -0.859345 0.509700
-0.178895 -0.638156 0.748835
0.152465 -0.667214 0.729095
0.083412 -0.526251 -0.846228
-0.248844 -0.941190 0.228557
0.396913 -0.851436 -0.342809
0.698216 0.272275 -0.662089
0.633790 -0.763343 -0.124966
0.487915 -0.858603 0.157290
0.661465 -0.657935 0.359979
-0.589834 -0.774439 0.228780
0.467140 -0.614941 0.635317
0.696588 -0.391534 0.601221
0.461075 -0.488978 -0.740480
0.608620 -0.640073 -0.468922
0.799762 -0.024382 -0.599822
0.837503 -0.485389 -0.250971
0.812165 -0.578011 0.079314
0.934457 -0.151646 -0.322169
0.971222 -0.010503 0.237944
0.881286 -0.346795 0.321041
0.826539 -0.083031 0.556722
-0.034908 0.772283 0.634318
0.573678 -0.154663 0.804346
