0.401392 0.092569 -0.911216
-0.168051 -0.602609 -0.780142
-0.285759 -0.018369 -0.958126
0.820237 0.333060 -0.465062
0.906946 0.420333 -0.027719
0.700196 0.713327 0.029845
0.948418 0.223377 0.224958
0.806267 0.503596 0.310362
0.823899 0.187044 0.534981
0.586043 -0.796231 -0.150233
0.315806 0.053583 0.947310
-0.056492 -0.302825 -0.951370
0.583933 0.740517 0.332652
0.204680 0.924450 -0.321711
0.598323 0.572870 -0.560205
0.764455 0.588325 -0.263593
0.426181 0.904634 0.002854
-0.750199 0.370640 0.547565
0.301334 0.900426 0.313735
0.648177 0.462524 0.604929
0.597765 -0.466364 0.652060
0.412879 0.380821 0.827349
0.061730 0.595101 -0.801277
-0.630419 0.677104 -0.379609
-0.254051 0.730815 0.633536
0.511752 0.803999 -0.302813
0.105724 0.994288 -0.014637
-0.018613 0.955998 0.292783
-0.472204 0.267609 -0.839886
0.061945 0.817328 0.572833
-0.650612 -0.217210 0.727684
0.156009 0.595568 0.788010
0.402015 0.693035 0.598404
-0.166273 0.309022 -0.936407
-0.024496 0.818905 -0.573406
-0.137607 0.950625 -0.278165
-0.346932 0.787080 -0.510042
0.646840 0.231642 -0.726594
-0.467334 0.866732 -0.174282
-0.246639 0.968183 0.042325
-0.573662 0.806096 0.145329
-0.575495 0.663104 0.478643
-0.939223 0.112373 -0.324397
-0.763430 0.640863 -0.080430
-0.577568 0.502420 -0.643420
-0.270410 0.584420 -0.765069
-0.829360 0.417480 -0.371312
-0.583921 -0.740559 -0.332578
-0.933604 0.355378 -0.045714
-0.795830 0.554298 0.243740
-0.926308 0.253035 0.279154
-0.591695 -0.040051 -0.805166
-0.819113 0.035083 0.572559
-0.481165 0.467667 0.741463
-0.157779 0.513587 0.843406
-0.372119 -0.338931 -0.864091
-0.608973 -0.546939 0.574464
0.307823 0.741555 -0.596106
-0.754253 0.202140 -0.624693
-0.999616 0.024204 -0.013519
-0.330496 0.872367 0.360207
-0.937577 -0.332921 0.100562
-0.153218 -0.910254 0.384659
-0.826498 -0.326985 0.458238
-0.597959 0.151698 0.787041
-0.616749 -0.787142 0.005311
0.051185 0.003385 -0.998683
0.513217 -0.424532 -0.745910
-0.645546 -0.339063 -0.684330
-0.142196 -0.293041 0.945467
-0.944088 -0.237717 -0.228448
-0.505075 -0.780890 0.367573
0.189274 -0.275289 0.942545
0.088070 0.303280 0.948823
-0.396384 -0.445001 0.803028
-0.401044 -0.092300 0.911397
0.154383 0.308499 -0.938613
-0.479273 -0.611724 -0.629357
-0.325944 -0.923747 -0.201126
-0.765816 -0.592566 0.249783
-0.775333 -0.472682 -0.418845
-0.349118 -0.929010 0.122702
-0.821491 -0.559915 -0.107926
-0.287531 0.224029 0.931202
-0.291093 -0.718245 0.631973
-0.037309 -0.569124 0.821405
-0.034645 0.006453 0.999379
0.160616 -0.523352 -0.836842
0.050736 -0.797596 -0.601054
0.177564 -0.937359 0.299715
0.005004 -0.954712 -0.297488
-0.041662 -0.998384 0.038647
-0.263091 -0.822231 -0.504697
0.272981 -0.960659 -0.051147
-0.837116 -0.120840 -0.533511
0.484318 -0.856701 0.177480
0.374010 -0.761578 0.529260
0.300296 -0.546057 0.782077
0.934442 -0.093374 0.343655
0.626575 -0.115475 -0.770759
0.770924 -0.344002 -0.536040
0.400843 0.459218 -0.792745
0.621845 -0.640644 -0.450427
0.331075 -0.871033 -0.362892
0.826916 -0.515261 -0.225202
0.766561 -0.636805 0.082851
0.642960 -0.660777 0.387267
0.761335 -0.154352 0.629717
-0.952642 -0.071787 0.295500
0.301998 -0.226530 -0.926003
0.844642 -0.004004 -0.535317
0.957762 0.164592 -0.235800
0.061726 -0.791187 0.608451
0.941159 -0.199149 -0.273054
0.999616 -0.024204 0.013519
0.936338 -0.345809 0.060716
0.833202 -0.399907 0.381901
0.356673 -0.687453 -0.632608
0.612328 0.119243 0.781560
0.498354 -0.213889 0.840175
