0.377031 0.355255 -0.855360
0.571366 0.091882 -0.815536
0.651400 0.388757 -0.651572
-0.414457 0.028265 -0.909630
0.811878 0.102265 -0.574802
0.943608 0.328984 -0.037066
0.045700 0.806133 -0.589967
0.999566 0.011914 0.026948
0.940452 0.154407 0.302834
0.783985 0.304424 0.541011
-0.100374 -0.520267 -0.848085
-0.398933 0.908639 0.123399
-0.119833 -0.847343 -0.517348
0.642885 0.644414 -0.414041
0.846895 0.383540 -0.368329
0.536972 0.827088 -0.166093
0.103771 -0.043170 0.993664
0.788585 0.605785 -0.105634
0.846648 0.474317 0.241271
-0.615944 0.689152 -0.381685
0.419434 0.813844 0.402160
0.514914 0.398500 0.758987
0.274404 0.264130 0.924629
0.956087 -0.281386 -0.081979
0.145287 0.585794 -0.797331
0.637286 0.590347 0.495335
0.320261 0.849235 -0.419801
0.414457 -0.028265 0.909630
0.190916 0.970380 -0.148033
0.660224 0.731898 0.168609
0.119833 0.847343 0.517348
0.333085 0.649462 0.683559
0.503773 -0.547183 0.668434
0.016006 0.336017 -0.941720
-0.183019 0.609735 -0.771186
-0.317717 0.338490 -0.885709
-0.649864 -0.102261 -0.753140
-0.123242 0.992338 -0.008733
0.092399 0.970986 0.220564
-0.200283 0.904483 0.376560
-0.074901 0.939801 -0.333412
-0.838770 0.065453 -0.540538
-0.956057 -0.076878 0.282921
0.418803 0.638190 -0.646001
-0.769827 0.408050 -0.490777
-0.393290 0.893000 -0.218800
-0.840122 0.513321 -0.175202
-0.592535 0.744434 0.307765
-0.819449 0.549162 0.164086
-0.651572 0.757111 -0.047283
-0.732395 0.488742 0.474056
-0.524720 0.463712 0.713891
0.386453 0.916633 0.102165
-0.956087 0.281386 0.081979
-0.503773 0.547183 -0.668434
-0.623004 0.245678 -0.742636
-0.940201 0.212830 -0.265943
-0.999566 -0.011914 -0.026948
0.100371 0.520274 0.848080
-0.320261 -0.849235 0.419801
-0.891352 0.217306 0.397831
-0.707072 0.191000 0.680858
-0.415772 0.191439 0.889092
-0.637285 -0.590347 -0.495335
-0.145287 -0.585794 0.797331
-0.783985 -0.304424 -0.541011
-0.940452 -0.154407 -0.302834
-0.103771 0.043170 -0.993664
-0.846895 -0.383540 0.368329
-0.943608 -0.328984 0.037066
-0.811878 -0.102265 0.574802
-0.651400 -0.388757 0.651572
-0.240808 -0.076175 0.967579
-0.274404 -0.264130 -0.924629
-0.514914 -0.398500 -0.758987
-0.092399 -0.970986 -0.220564
0.074901 -0.939801 0.333412
-0.536974 -0.827085 0.166103
-0.846648 -0.474317 -0.241271
-0.788585 -0.605785 0.105634
-0.642885 -0.644414 0.414041
-0.418803 -0.638190 0.646001
-0.313065 0.790391 -0.526567
-0.333085 -0.649462 -0.683559
-0.419434 -0.813844 -0.402160
-0.660224 -0.731898 -0.168609
0.769827 -0.408050 0.490777
-0.386453 -0.916633 -0.102164
-0.190916 -0.970380 0.148033
-0.045700 -0.806133 0.589967
0.649864 0.102261 0.753140
-0.377031 -0.355255 0.855360
-0.071581 0.229209 0.970742
0.071581 -0.229209 -0.970742
0.107168 -0.725096 -0.680258
0.235513 -0.480821 -0.844597
0.200283 -0.904483 -0.376560
0.398933 -0.908639 -0.123399
0.317717 -0.338490 0.885709
0.123244 -0.992338 0.008734
0.393290 -0.893000 0.218800
0.183019 -0.609735 0.771186
-0.016006 -0.336017 0.941720
0.240808 0.076175 -0.967579
0.524720 -0.463712 -0.713891
0.732393 -0.488744 -0.474056
0.408330 -0.720374 -0.560650
0.592532 -0.744434 -0.307773
0.651572 -0.757111 0.047283
0.840122 -0.513321 0.175202
0.313065 -0.790391 0.526567
-0.235513 0.480821 0.844597
-0.571366 -0.091882 0.815536
0.615944 -0.689152 0.381685
0.415772 -0.191439 -0.889092
0.707072 -0.190999 -0.680859
0.891361 -0.217159 -0.397891
0.819449 -0.549162 -0.164086
0.956057 0.076878 -0.282921
0.940201 -0.212830 0.265943
0.838770 -0.065453 0.540538
-0.107143 0.725096 0.680262
0.623004 -0.245678 0.742636
-0.408330 0.720374 0.560650
