0.033641 0.368513 -0.929014
0.841189 -0.064978 -0.536823
0.824756 0.283783 -0.489126
0.960255 0.075062 -0.268843
0.909549 0.376859 -0.175206
0.996973 -0.077731 -0.001793
0.925652 0.075165 0.370836
0.812480 -0.191857 0.550515
0.739469 0.130691 0.660383
0.968734 0.227435 0.099136
0.354991 0.315143 -0.880152
-0.631648 0.773297 -0.055061
0.709402 0.574956 -0.407645
0.525264 0.824517 -0.210405
-0.310541 0.561703 0.766847
0.759751 0.642539 -0.099604
0.609224 0.779068 0.147982
0.666385 0.150440 -0.730273
0.571884 0.440600 0.691968
0.127849 0.149099 0.980522
0.268323 0.596766 -0.756223
0.136273 0.828182 -0.543640
-0.780273 -0.207182 -0.590127
0.443279 0.737175 -0.509977
0.227149 0.938177 -0.261205
0.346590 0.936770 0.048339
-0.180954 0.013362 0.983401
0.118543 0.951512 0.283853
0.386801 0.833772 0.393967
0.336426 0.669982 0.661771
-0.051231 0.636189 -0.769831
-0.434958 0.653047 -0.619953
-0.212514 -0.478417 -0.852030
-0.187632 0.813963 -0.549780
-0.436363 0.840848 -0.320254
0.003324 0.999993 -0.001847
-0.843589 0.530197 -0.085139
-0.276753 0.787776 0.550288
0.047880 0.828925 0.557307
0.007913 0.624574 0.780925
-0.528510 -0.795688 0.295902
-0.187278 0.128105 -0.973918
-0.630899 0.425936 -0.648495
-0.681908 0.111320 0.722918
-0.678946 0.634825 -0.368822
-0.202349 0.937950 0.281612
-0.762840 0.606598 0.223860
0.571803 0.460303 -0.679089
-0.504120 0.829022 0.242043
-0.570670 0.654756 0.495610
-0.580291 0.414822 0.700846
-0.102780 0.356505 0.928623
0.130453 0.055507 -0.989900
-0.478561 0.204561 -0.853893
0.437303 0.014266 -0.899201
-0.580602 -0.084977 -0.809741
-0.991231 -0.083488 -0.102421
-0.966244 0.233767 -0.108283
-0.928930 0.313973 0.196239
-0.875696 0.057510 0.479425
-0.400071 0.225651 0.888271
-0.308819 -0.164805 -0.936734
-0.520542 -0.394765 -0.757097
-0.698741 -0.511769 -0.499853
-0.784734 -0.585308 0.203978
-0.333595 0.942377 -0.025307
-0.568006 -0.748639 -0.341920
-0.934744 -0.350924 0.055725
-0.980230 -0.010283 0.197594
-0.884545 -0.281544 0.371905
-0.732656 -0.209995 0.647393
-0.485617 -0.105637 0.867766
-0.508250 -0.425668 0.748658
-0.898376 -0.313375 -0.307761
0.356193 -0.861271 -0.362407
-0.754839 0.137374 -0.641364
0.057308 -0.978906 0.196109
-0.795792 0.376890 0.473993
-0.802980 -0.573959 -0.160604
-0.846653 0.361678 -0.390343
-0.295206 0.450743 -0.842427
-0.688674 -0.526554 0.498466
-0.416972 -0.713274 0.563360
-0.240633 -0.318078 0.917018
-0.006609 -0.229481 -0.973291
-0.919506 0.031780 -0.391789
-0.403592 -0.663001 -0.630511
-0.258172 -0.867994 -0.424185
-0.064808 -0.990674 -0.119850
0.755521 -0.395362 -0.522376
-0.372805 -0.918791 -0.129769
0.053842 -0.908638 -0.414100
-0.274969 -0.946849 0.166940
-0.622362 -0.782726 -0.002523
-0.218383 -0.604281 0.766259
0.055745 -0.210849 0.975928
0.119274 -0.519593 -0.846048
0.258125 -0.724399 -0.639233
-0.076200 -0.732324 -0.676680
0.247870 -0.965589 -0.078728
0.568820 -0.810949 -0.137133
0.431764 -0.886875 0.164419
0.350196 -0.661003 0.663655
0.254832 0.428765 0.866730
0.038546 -0.760471 0.648226
0.077834 -0.508399 0.857597
0.471144 -0.490859 -0.732858
0.575900 -0.662351 -0.479198
0.779309 -0.580960 -0.234867
0.715908 -0.689027 0.112771
0.477358 0.188223 0.858313
0.791896 -0.494185 0.358723
0.839327 0.513446 0.178616
0.634774 0.633600 0.442281
0.238376 -0.873405 0.424665
-0.159095 -0.879866 0.447800
0.312455 -0.270848 -0.910502
0.629364 -0.202391 -0.750293
0.554720 -0.720800 0.415612
0.924384 -0.267669 -0.271787
-0.108436 0.952057 -0.286059
0.815258 0.362014 0.451995
0.902233 -0.430887 0.017649
0.938922 -0.225519 0.259935
0.621934 -0.459298 0.634226
0.372556 -0.390142 0.842016
0.606150 -0.144933 0.782034
0.336724 -0.084181 0.937833
