0.636691 0.076063 -0.767358
0.507926 0.711601 -0.485422
0.847391 0.519980 0.107468
0.066217 -0.159232 0.985018
0.514693 0.407224 0.754493
-0.120098 0.482767 -0.867475
-0.162428 0.944777 -0.284630
0.224410 0.926107 0.303258
-0.210546 0.527513 0.823043
-0.600258 0.740791 0.301529
-0.707605 -0.098643 -0.699689
-0.847391 -0.519980 -0.107468
-0.754629 0.517530 -0.403358
-0.977442 0.113954 0.177824
-0.636691 -0.076063 0.767358
-0.326466 -0.743298 -0.583891
-0.042692 -0.998976 -0.015000
0.216488 -0.734152 0.643548
-0.507926 -0.711601 0.485422
-0.010288 -0.204580 -0.978796
0.453704 -0.653928 -0.605418
0.977442 -0.113954 -0.177824
0.668797 -0.741108 0.058899
0.797631 -0.210145 0.565352
