0.703637 -0.568772 0.425903
0.331318 0.925570 -0.183166
0.876953 0.472094 -0.089894
0.296232 0.225778 0.928047
-0.967318 -0.064696 -0.245173
-0.273902 0.958094 0.083863
-0.183187 0.681429 0.708588
0.472367 0.750844 0.461630
-0.152327 0.728995 -0.667354
-0.744050 0.601018 -0.291835
0.054863 0.057627 -0.996830
-0.776285 0.497511 0.387123
-0.404427 0.036560 0.913839
0.142245 -0.594959 -0.791069
-0.572047 0.159147 -0.804633
-0.710179 -0.703987 0.006981
-0.890569 -0.153018 0.428336
-0.427842 -0.633815 0.644383
-0.542522 -0.502657 -0.673058
0.108957 -0.932307 0.344865
0.568410 -0.784656 -0.247436
0.834823 0.109223 0.539574
0.205085 -0.429248 0.879594
0.694084 -0.173267 -0.698732
0.974678 -0.199451 -0.101103
0.525419 0.488470 -0.696658
-0.143296 -0.953372 -0.265608
