0.631656 0.311340 -0.709985
0.347815 0.890651 -0.292859
0.960984 -0.014813 -0.276208
0.536038 0.565726 0.626592
0.914664 0.043041 0.401917
-0.558681 0.391460 -0.731187
0.055991 0.599320 -0.798549
-0.350046 0.890432 -0.290859
0.096347 0.948499 0.301773
-0.167598 0.562394 0.809706
-0.665505 -0.222360 -0.712502
-0.960659 -0.260129 -0.097295
-0.723004 -0.497367 0.479470
-0.572409 0.753611 0.323137
-0.558440 -0.768937 -0.311257
0.033746 -0.018299 -0.999263
-0.899055 0.399198 -0.179834
-0.862318 0.178903 0.473711
-0.415814 -0.042218 0.908469
0.209882 -0.917083 -0.338982
-0.301182 -0.924204 0.234812
0.347537 -0.889962 0.295272
-0.059035 -0.595851 0.800922
0.604871 -0.424755 0.673583
0.570559 -0.410733 -0.711168
0.807764 -0.587421 -0.049538
-0.104226 -0.601891 -0.791747
0.807828 0.589419 0.000486
0.272531 0.051857 0.960748
