0.688902 0.672448 -0.270605
0.945413 0.060550 -0.320200
0.370961 0.888067 0.271524
0.854742 0.400956 0.329622
0.614390 -0.098258 0.782861
0.058910 -0.079439 -0.995098
0.087451 0.932900 -0.349357
-0.263716 0.921530 0.285021
0.937103 -0.259473 0.233478
0.338230 0.516111 0.786912
-0.306488 0.498875 0.810672
-0.155646 0.553490 -0.818183
-0.932604 0.265371 -0.244598
0.490206 0.371033 -0.788690
-0.557903 0.768605 -0.313033
-0.854742 -0.400956 -0.329622
-0.949949 -0.131147 0.283543
-0.614390 0.098258 -0.782861
-0.778519 0.512080 0.362879
-0.591219 -0.127478 0.796372
-0.338231 -0.516111 -0.786911
0.693349 -0.704314 -0.152344
-0.399706 -0.883597 -0.243910
-0.629728 -0.703893 0.328600
0.090765 -0.985993 0.139930
0.202318 -0.804406 -0.558568
-0.128902 -0.669201 0.731816
0.022614 -0.084878 0.996135
0.493495 -0.685567 0.535220
0.613148 -0.321904 -0.721406
