0.299623 0.677976 -0.671248
0.817378 0.233010 -0.526877
0.657068 0.738620 -0.150670
0.527840 0.701573 0.478728
0.686391 0.118640 0.717490
-0.263150 0.338896 -0.903273
0.097862 0.995094 -0.014551
0.942096 -0.289324 -0.169547
0.123915 0.347209 0.929565
-0.100782 0.816893 0.567916
-0.123915 -0.347209 -0.929565
-0.792520 0.431079 -0.431373
-0.567034 0.816630 0.107645
-0.942096 0.289324 0.169547
-0.289077 0.826088 -0.483750
-0.338197 -0.089679 0.936793
-0.686391 -0.118640 -0.717490
-0.954813 -0.251714 -0.158025
-0.527843 -0.701570 -0.478729
-0.817381 -0.233018 0.526869
-0.299624 -0.677973 0.671251
-0.097862 -0.995094 0.014551
0.100782 -0.816893 -0.567916
-0.657065 -0.738623 0.150670
0.289049 -0.826089 0.483764
-0.587773 0.428043 0.686515
0.338197 0.089679 -0.936793
0.587773 -0.428043 -0.686515
0.954813 0.251714 0.158025
0.567034 -0.816630 -0.107645
0.792520 -0.431079 0.431373
0.263150 -0.338896 0.903273
