0.492283 -0.835826 0.243007
0.611143 0.672525 -0.417390
0.760787 -0.334402 0.556218
0.913328 0.162971 -0.373193
0.666771 0.722810 0.181552
0.676648 0.307563 0.668994
-0.027940 -0.050381 -0.998339
0.118131 0.942945 0.311286
0.112378 0.952633 -0.282599
0.193459 0.592531 0.781973
-0.411774 0.657552 0.630926
-0.240074 0.173806 0.955069
-0.533356 0.193079 -0.823560
-0.878276 0.383236 -0.285939
-0.856088 0.425838 0.292874
-0.466705 0.882291 0.061232
-0.445018 0.733895 -0.513183
-0.740824 -0.027724 0.671126
-0.863448 -0.194659 -0.465365
0.496081 0.199814 -0.844972
-0.666771 -0.722810 -0.181552
0.217520 -0.653211 0.725258
-0.641036 -0.649135 0.409507
-0.973724 -0.191459 0.123309
0.144073 -0.586622 -0.796943
0.043744 0.582942 -0.811335
-0.439323 -0.504836 -0.743059
-0.130366 -0.949579 0.285138
-0.301612 -0.439144 0.846276
0.677729 -0.338663 -0.652680
0.466233 -0.823096 -0.324254
0.903804 -0.424328 -0.055540
-0.118131 -0.942945 -0.311286
0.968181 0.161968 0.190769
0.303283 -0.088512 0.948781
