0.499640 0.841926 -0.203765
0.748397 0.412143 -0.519653
0.860806 0.493510 0.124339
0.869894 -0.109876 0.480846
0.170876 0.708710 -0.684494
0.624016 0.429714 0.652648
-0.066183 0.989115 -0.131420
0.420462 -0.051299 0.905859
0.353748 0.858679 0.370853
-0.195416 0.846083 0.495939
0.767100 -0.179908 -0.615784
-0.404857 0.712938 -0.572548
-0.739238 -0.014650 -0.673285
-0.909540 0.335163 0.245772
-0.590245 0.804345 0.068118
-0.554093 0.438516 0.707591
-0.328633 -0.943684 -0.038222
-0.256652 0.256649 -0.931805
0.335206 0.196490 -0.921427
-0.836894 0.426460 -0.343133
-0.982548 -0.150205 -0.109715
-0.810869 -0.131579 0.570244
-0.295459 -0.038489 0.954580
-0.316400 -0.355625 -0.879444
-0.665382 -0.599043 -0.445437
-0.771310 -0.615503 0.161980
-0.466479 -0.593432 0.655924
-0.071676 -0.830745 -0.552019
0.519207 -0.697113 -0.494427
-0.005755 -0.895070 0.445889
0.061072 0.454604 0.888597
0.084605 -0.484967 0.870431
0.237573 -0.364902 -0.900225
0.994639 -0.014331 -0.102412
0.323753 -0.946023 -0.014947
0.826854 -0.562400 0.004284
0.565040 -0.630938 0.531646
