0.836555 0.417214 -0.355117
0.978407 -0.119596 -0.168575
0.382597 0.753063 -0.535272
0.093549 0.890777 0.444708
-0.193985 0.744893 -0.638360
0.547510 0.555554 0.625773
0.005901 0.990426 -0.137916
0.578625 0.813685 0.055769
0.229737 -0.028947 0.972822
-0.040189 0.294792 -0.954716
-0.615251 0.283650 -0.735533
-0.447499 0.866668 0.220524
-0.888407 0.416065 0.193965
-0.518151 0.526574 0.673972
0.014737 0.489064 0.872124
-0.396750 -0.221304 -0.890850
0.012587 -0.985520 -0.169089
-0.945505 0.133287 -0.297078
-0.943339 -0.322194 0.079384
-0.825635 -0.014728 0.564012
-0.648481 0.703365 -0.291117
0.171622 -0.279711 -0.944620
-0.777143 -0.402473 -0.483801
-0.578625 -0.813685 -0.055769
-0.631678 -0.572695 0.522498
-0.380512 -0.014537 0.924662
0.511336 0.252503 -0.821448
0.296441 -0.731219 -0.614363
-0.152163 -0.906195 0.394534
0.419617 -0.874207 0.244302
-0.135383 -0.525709 0.839822
0.710715 -0.254602 -0.655791
0.422167 -0.555302 0.716530
0.699174 -0.682513 -0.212911
-0.295837 -0.732864 -0.612692
0.857706 -0.408780 0.311832
0.921334 0.314918 0.227969
0.724225 0.000370 0.689564
