0.807683 -0.051858 -0.587332
0.600774 0.768214 -0.221173
0.045089 0.181993 0.982266
0.925643 0.069359 0.371987
0.686898 0.652259 0.320515
0.089362 0.418486 -0.903816
0.099455 0.853832 -0.510959
0.194279 0.975411 0.104062
-0.280944 0.878265 0.386939
-0.792094 0.533498 -0.296590
0.174954 0.717971 0.673727
-0.420149 0.559175 -0.714701
-0.358997 0.913208 -0.192803
-0.746936 0.616966 0.247872
-0.479467 -0.151613 0.864364
-0.395748 0.470362 0.788761
-0.282170 0.000460 -0.959364
-0.793255 0.065594 -0.605346
-0.997735 0.066861 -0.007360
-0.823839 0.157314 0.544556
-0.830184 -0.385406 0.402810
0.589577 0.448116 -0.672005
-0.551650 -0.428631 -0.715512
-0.380232 -0.839393 -0.388384
-0.581518 -0.803898 0.124841
-0.871911 -0.434628 -0.225544
-0.336711 -0.708947 0.619694
0.023206 -0.397659 0.917240
0.340921 -0.107139 -0.933967
0.007404 -0.547752 -0.836608
0.168658 -0.900707 -0.400351
0.943556 0.300604 -0.139065
0.288486 -0.777701 0.558531
0.537524 -0.225774 0.812462
-0.026200 -0.989114 0.144797
0.585322 -0.568193 -0.578408
0.936276 -0.330889 -0.117893
0.564440 -0.825421 -0.009343
0.774423 -0.496145 0.392568
0.565910 0.322996 0.758564
