0.563247 0.237973 -0.791279
-0.443596 -0.013208 -0.896129
0.736330 0.558009 -0.382680
0.968926 0.242198 0.050227
0.684719 0.712139 0.154978
0.739110 0.366671 0.565039
0.275589 0.559256 0.781846
-0.684719 -0.712139 -0.154978
-0.174036 0.888250 -0.425116
0.316922 0.925259 -0.208462
0.221226 0.651297 -0.725859
0.225479 0.904834 0.361157
-0.247522 0.728974 0.638224
-0.143570 0.228040 0.963009
-0.362808 0.510575 -0.779541
-0.698853 0.656321 0.284335
-0.664280 0.685371 -0.298326
-0.261909 0.959348 0.105142
-0.955304 0.294737 -0.022896
-0.023800 -0.315540 0.948614
0.069347 0.129195 -0.989191
-0.820600 0.171523 -0.545157
-0.958244 -0.246172 -0.145491
-0.916325 -0.036355 0.398781
-0.630110 0.319222 0.707855
-0.111660 -0.443530 -0.889277
-0.656594 -0.426146 -0.622321
-0.738247 -0.565820 0.367204
-0.277388 -0.705214 0.652479
-0.553482 -0.224498 0.802034
0.252977 -0.742964 -0.619683
0.258452 -0.958925 -0.116896
-0.251097 -0.851056 -0.461145
-0.286020 -0.950481 0.121567
0.174036 -0.888250 0.425116
0.666798 -0.708879 0.229937
0.430584 -0.527016 0.732702
0.476113 -0.296874 -0.827758
0.885611 -0.044699 -0.462271
0.707737 -0.611013 -0.354643
0.955304 -0.294737 0.022896
0.824756 -0.179133 0.536366
0.424694 0.024811 0.904997
