0.637121 0.186277 -0.747915
0.250692 0.608053 -0.753276
0.637712 0.649995 -0.413316
0.178356 -0.979097 -0.097770
0.973778 0.041814 0.223626
0.833695 0.546251 0.081009
0.226288 0.415517 0.880988
0.431783 -0.340822 -0.835107
0.151083 0.147246 -0.977493
0.031118 0.921926 -0.386115
-0.178356 0.979097 0.097770
0.587309 0.624941 0.514312
-0.822761 -0.484118 0.297817
0.144409 0.865041 0.480469
0.409144 0.912468 -0.001625
-0.538537 0.797161 -0.272969
-0.724620 -0.158166 -0.670753
-0.899026 0.437527 -0.017937
-0.603698 0.741201 0.293548
0.354881 -0.109998 0.928418
-0.247137 0.175514 0.952952
-0.282162 0.621850 -0.730539
-0.974632 -0.073061 -0.211555
-0.950531 0.015684 0.310235
-0.260495 0.659043 0.705553
-0.752411 0.371044 -0.544246
-0.637121 -0.186277 0.747915
-0.103456 -0.333665 -0.936998
-0.450207 -0.589483 -0.670689
-0.785075 -0.574420 -0.231731
-0.473771 -0.868627 0.145015
-0.388691 -0.661423 0.641435
-0.121263 -0.328843 0.936567
0.940910 0.168010 -0.294044
0.143755 -0.751280 -0.644138
0.587984 -0.738504 -0.329980
-0.277809 -0.906158 -0.318904
0.006269 -0.919033 0.394131
0.282163 -0.621852 0.730537
-0.698985 0.340635 0.628798
0.818748 -0.293447 -0.493498
-0.373980 0.139334 -0.916910
0.899027 -0.437525 0.017943
0.550381 -0.793476 0.259763
0.742878 -0.373891 0.555282
0.724620 0.158166 0.670753
