0.243290 0.048501 -0.968740
0.475499 0.701101 -0.531374
0.865575 0.450737 -0.218212
0.862732 0.411651 0.293662
0.840086 -0.055687 0.539587
0.540024 0.364849 0.758459
0.431915 -0.113592 0.894733
0.072870 0.558992 -0.825965
0.040835 0.925823 -0.375746
0.610223 0.279768 -0.741187
0.071991 0.986548 0.146766
0.499671 0.755647 0.423470
0.542274 0.838241 -0.057377
0.080272 0.724116 0.684991
-0.808948 0.509761 -0.292824
-0.381995 0.681976 -0.623690
-0.242759 0.153491 -0.957867
-0.426679 0.893241 -0.141654
-0.753867 0.625864 0.199946
-0.345835 0.851687 0.393735
-0.406876 0.499514 0.764812
-0.709105 -0.553692 -0.436571
-0.654489 0.252333 -0.712722
-0.905071 -0.058405 -0.421231
-0.989372 0.131532 0.061979
-0.801146 0.262416 0.537868
-0.828517 -0.241964 0.504988
-0.485006 -0.013628 0.874404
-0.165091 -0.925624 0.340537
-0.235567 -0.755274 -0.611613
-0.920391 -0.390974 0.004481
0.092667 -0.675407 0.731600
-0.643269 -0.704352 0.300154
-0.420873 -0.543455 0.726307
-0.044454 -0.243124 0.968976
-0.007447 -0.397429 -0.917603
0.292609 -0.737438 -0.608741
-0.511620 -0.281921 -0.811644
0.028959 -0.984700 -0.171837
-0.465639 -0.874836 -0.133573
0.357046 -0.881909 0.307823
0.034004 0.279127 0.959652
0.548746 -0.323181 -0.770994
0.888450 -0.009057 -0.458884
0.522745 -0.838150 -0.155698
0.997732 -0.054037 0.040145
0.826874 -0.527136 0.195976
0.574407 -0.520155 0.632057
0.807995 -0.483857 -0.336193
