0.561125 0.087168 -0.823128
0.862558 0.223530 -0.453903
0.951202 0.305409 0.044039
0.703616 0.692017 -0.161358
0.173006 -0.606421 0.776094
0.872695 0.049286 0.485772
-0.367749 -0.022129 0.929662
0.161806 0.380116 -0.910676
-0.050470 0.756734 -0.651772
0.201337 0.942377 -0.267187
0.714906 0.547121 0.435395
0.266669 0.704245 0.657972
-0.085228 0.969414 0.230159
-0.607187 -0.667788 0.430561
-0.529717 0.629072 -0.568918
-0.023681 0.363546 0.931275
-0.347701 0.918702 -0.187324
-0.608327 0.744478 0.275121
-0.249309 0.726606 0.640226
-0.344023 0.275794 -0.897544
-0.803293 0.576717 -0.148719
0.410479 0.890192 0.197647
-0.944296 -0.273095 0.183641
-0.596958 0.370371 0.711664
-0.077212 -0.587329 -0.805657
-0.498716 -0.242816 -0.832059
-0.745290 -0.663775 -0.062814
-0.983642 0.107471 -0.144561
-0.901748 0.276792 0.332020
-0.756353 -0.172082 0.631125
0.501181 0.616220 -0.607528
-0.505120 -0.689050 -0.519677
-0.053459 -0.912715 -0.405085
-0.771745 0.174425 -0.611544
-0.332447 -0.943042 0.012290
-0.095072 -0.890789 0.444360
0.832137 -0.443308 0.333206
0.134326 -0.133975 0.981839
0.400589 -0.390456 -0.828898
0.003210 -0.104797 -0.994488
0.714155 -0.693032 -0.098439
0.241616 -0.970322 0.009858
0.468093 -0.783219 0.409216
-0.320185 -0.505862 0.800990
-0.852454 -0.308072 -0.422390
0.795825 -0.328211 -0.508862
0.498716 0.242816 0.832059
0.980238 -0.184374 -0.071686
0.420088 -0.762874 -0.491477
0.582297 -0.291062 0.759088
