0.781602 -0.084077 -0.618085
0.968717 -0.180651 -0.170153
0.642024 0.407781 -0.649246
0.912026 0.294694 -0.285243
0.773732 0.194771 0.602830
0.761927 0.590153 0.266808
0.822141 -0.566589 0.055336
0.416981 0.115382 0.901562
0.207410 0.449075 -0.869087
0.313466 0.776801 -0.546187
0.298484 0.949092 -0.100660
0.885729 -0.245295 0.394101
0.384883 0.855156 0.347237
-0.075726 0.972859 0.218657
-0.034239 0.753672 0.656359
0.437389 0.560368 0.703334
0.689560 0.697945 -0.193336
-0.593072 0.676038 -0.437308
-0.121651 0.928009 -0.352137
-0.463938 0.885328 -0.030908
-0.802418 0.304925 0.512977
-0.498286 0.749446 0.435938
0.013027 0.351516 0.936091
-0.200041 0.645060 -0.737483
-0.557043 0.308918 -0.770891
-0.889600 0.308633 -0.336686
-0.810323 0.581386 0.073264
-0.984382 0.134627 0.113437
0.200062 -0.629687 0.750646
-0.146224 0.154022 -0.977188
-0.663102 -0.529337 -0.529243
-0.948958 -0.242313 -0.201900
0.030531 -0.308514 -0.950730
-0.746485 -0.664489 -0.034862
-0.718690 -0.133999 0.682296
0.443771 -0.441345 -0.779924
-0.791477 -0.064858 -0.607748
-0.177395 -0.666860 -0.723760
-0.384885 -0.855155 -0.347235
-0.355713 -0.924839 0.134688
-0.912026 -0.294694 0.285243
-0.188730 -0.809171 0.556438
-0.328808 -0.450489 0.830027
0.246571 -0.798479 -0.549212
0.029454 -0.984317 -0.173931
-0.435184 -0.234797 -0.869187
0.487574 -0.868344 -0.090830
0.183721 -0.937656 0.295038
-0.443767 0.441348 0.779924
-0.347913 0.014005 0.937422
0.398339 0.024678 -0.916906
0.714339 -0.559554 -0.420260
-0.630723 -0.621744 0.464352
0.969943 0.179493 0.164297
0.575461 -0.690549 0.438162
0.574911 -0.308393 0.757873
0.086301 -0.213554 0.973112
