0.661156 0.196425 -0.724079
0.916606 0.060182 -0.395236
0.502172 0.841079 -0.201022
0.757946 0.638741 0.132393
0.816374 0.342088 0.465305
0.682355 0.002622 0.731017
0.341233 0.221529 0.913501
0.259641 0.240722 -0.935222
0.052504 0.606131 -0.793630
0.806367 0.497798 -0.319326
-0.752271 0.337175 0.566040
0.412969 0.852471 0.320546
0.122546 0.992422 0.009037
0.083623 0.765611 0.637846
-0.061257 0.440946 0.895441
-0.287591 0.337093 -0.896471
-0.657575 0.416761 -0.627619
-0.585995 0.777821 0.227166
-0.506080 -0.061982 -0.860256
-0.319296 0.935378 -0.152045
-0.413202 0.643593 0.644245
0.094136 0.893005 -0.440092
-0.032561 -0.032606 0.998938
0.754400 -0.334054 -0.565056
-0.942712 0.252576 -0.217942
-0.455963 -0.774962 -0.437643
-0.698210 0.673983 -0.241348
-0.961958 -0.230794 -0.146189
-0.873672 0.459054 0.161143
-0.828763 0.006749 -0.559560
-0.402438 -0.268012 0.875336
-0.058841 -0.066562 -0.996046
-0.731318 -0.420564 -0.536936
-0.177242 0.928763 0.325551
-0.970529 0.010612 0.240749
-0.749177 -0.652186 -0.115704
-0.339887 0.742719 -0.576928
-0.764930 -0.130636 0.630726
-0.548287 -0.587418 0.595249
0.094684 -0.470205 -0.877463
-0.346051 -0.484840 -0.803231
-0.205245 -0.969033 -0.137293
0.928961 -0.123951 0.348809
-0.494873 -0.846461 0.196479
-0.845519 -0.453199 0.282327
-0.170564 -0.827272 0.535284
-0.038530 -0.532691 0.845432
0.478681 0.615836 -0.625788
-0.022788 -0.814991 -0.579025
0.276150 -0.929815 -0.243279
0.689737 -0.683817 -0.238027
0.064800 -0.976795 0.204140
0.489180 -0.853495 0.179578
0.308394 -0.742017 0.595235
0.337595 -0.291437 0.895039
0.449734 -0.193598 -0.871928
0.427356 -0.656411 -0.621684
0.491303 0.558118 0.668675
0.952096 -0.283407 -0.114867
0.976431 0.212236 0.039228
0.804326 -0.556334 0.208689
0.651400 -0.452028 0.609384
-0.449946 0.194423 0.871636
