0.968184 -0.007868 0.250117
0.842257 -0.138075 -0.521093
0.785511 0.581091 -0.212851
0.205493 0.453993 -0.866985
0.628175 0.764310 0.145690
0.881947 0.419161 0.215579
-0.465525 -0.772493 0.431904
-0.225793 0.221104 -0.948752
0.522161 0.611536 -0.594451
0.147073 0.824884 -0.545835
0.801867 0.283746 -0.525831
-0.635498 0.010778 -0.772027
0.555146 0.635154 0.537022
0.387525 0.371033 0.843895
-0.183551 0.933224 0.308871
-0.461374 0.886874 -0.024270
-0.005971 0.992961 -0.118291
-0.355240 0.195997 0.913996
0.048411 0.028333 0.998426
-0.836294 0.548280 -0.001284
-0.021442 0.460117 0.887599
0.458200 -0.051477 0.887357
-0.292948 -0.203667 -0.934185
-0.654840 0.661557 -0.365413
-0.282504 0.857835 -0.429315
-0.619091 0.710263 0.335041
-0.292302 0.697412 0.654352
-0.618010 0.422048 0.663279
-0.699306 -0.010110 0.714751
-0.554563 0.429940 -0.712468
0.535407 0.167779 -0.827762
-0.989965 0.136673 -0.035917
-0.863169 0.271514 -0.425698
-0.958296 -0.281938 -0.046700
-0.879451 -0.163017 -0.447204
-0.887264 0.283609 0.363771
0.976785 0.151040 -0.151916
0.704409 -0.708808 -0.037411
-0.224150 -0.604754 -0.764218
-0.612226 -0.438106 -0.658212
-0.413749 -0.809267 -0.417011
-0.486518 -0.873634 0.007985
-0.785511 -0.581092 0.212851
-0.915877 -0.160389 0.368028
-0.642002 -0.429934 0.634816
-0.330384 -0.243748 0.911830
-0.176699 0.617687 -0.766316
-0.756358 -0.600634 -0.259156
0.018553 -0.854942 -0.518392
0.118096 -0.397135 -0.910130
-0.073575 -0.990004 -0.120325
0.771742 -0.177617 0.610629
-0.101083 -0.942608 0.318232
0.754212 0.249380 0.607432
-0.214706 -0.633661 0.743220
0.361080 -0.651194 -0.667509
0.710823 -0.547862 -0.441110
0.386271 -0.879936 -0.276601
0.296961 -0.944569 0.140014
0.559357 -0.731243 0.390389
0.172013 -0.775513 0.607446
0.491937 -0.478146 0.727581
0.154285 0.016856 -0.987883
0.534233 -0.261346 -0.803924
0.944753 -0.303193 -0.124566
0.153482 0.769045 0.620494
0.852352 -0.439799 0.282970
0.422640 0.879174 -0.220066
0.111620 -0.394667 0.912019
0.251011 0.939545 0.232914
