0.369722 0.080227 -0.925672
0.645532 0.383421 -0.660513
0.798831 0.530292 -0.284007
-0.165602 0.523472 -0.835795
0.958707 0.281664 0.039334
0.945902 -0.032554 0.322816
0.511576 0.651341 0.560397
0.521370 0.239901 0.818914
0.256524 0.487382 -0.834658
0.822327 -0.353603 -0.445806
0.429484 0.740333 -0.517156
0.152689 0.969372 -0.192363
0.547187 0.828701 -0.117646
0.752427 0.629777 0.192964
0.055877 0.823702 0.564262
0.205938 0.524045 0.826418
0.726823 -0.122924 0.675735
-0.059389 0.143544 -0.987860
0.007478 0.814943 -0.579493
0.101009 -0.265284 -0.958865
-0.934410 0.353242 -0.045800
-0.481310 0.870683 0.101248
-0.077310 0.981713 0.173963
-0.217591 0.521394 0.825107
0.071008 0.156414 0.985136
-0.501968 0.264273 -0.823521
-0.755361 0.595803 0.272855
-0.461053 0.677809 -0.572718
-0.702129 0.681835 -0.205221
-0.370640 0.781068 0.502552
-0.613392 0.444965 0.652500
-0.709646 0.034404 0.703718
-0.361604 0.125941 0.923787
-0.734392 -0.079441 -0.674061
-0.547187 -0.828701 0.117646
-0.945902 0.032554 -0.322816
-0.990774 -0.115193 0.071393
-0.910958 0.193380 0.364363
-0.279018 0.922673 -0.266127
0.802118 0.323881 0.501705
-0.775784 0.374342 -0.507963
-0.588384 -0.485620 -0.646512
-0.608736 -0.738535 -0.289838
-0.866517 -0.383935 -0.318971
-0.598015 -0.632602 0.492131
-0.844378 -0.528587 0.087302
-0.846690 -0.280297 0.452272
-0.223786 -0.652114 0.724339
-0.508710 -0.326311 0.796703
-0.372438 -0.145141 -0.916638
-0.250888 -0.815975 -0.520807
-0.218265 -0.969646 -0.110210
-0.214658 -0.903132 0.371852
0.481312 -0.870683 -0.101243
0.142632 -0.981411 0.128406
0.187772 -0.823250 0.535724
-0.120180 -0.239078 0.963534
0.172198 -0.680906 -0.711839
0.143998 -0.923831 -0.354685
0.547049 -0.686275 -0.479337
-0.205938 -0.524045 -0.826418
0.922957 0.115089 -0.367295
0.165602 -0.523472 0.835795
0.360983 -0.156755 0.919304
0.481475 -0.379998 -0.789799
0.550650 -0.777324 0.304224
0.709648 -0.034404 -0.703716
0.349374 0.903431 0.248496
0.978927 -0.192575 -0.067946
0.800968 -0.593831 -0.076261
0.835063 -0.442489 0.326915
0.549905 -0.517206 0.655822
