0.801912 -0.468985 -0.370122
0.535350 -0.794652 -0.286232
0.781659 0.291993 -0.551134
0.851958 0.442057 0.280629
0.714021 0.700120 -0.002605
0.830908 0.108447 0.545739
0.618831 0.503057 0.603310
-0.329910 0.941041 0.074841
0.010078 0.573400 -0.819213
0.147691 0.201847 -0.968217
0.257896 0.826201 -0.500881
0.635602 0.659332 -0.401612
0.094609 0.970676 0.220989
0.198349 0.782912 0.589666
0.289371 0.470082 0.833839
0.915535 0.369570 -0.158790
-0.863217 -0.417297 -0.284112
-0.155238 0.825245 -0.543021
-0.769599 0.489420 -0.410104
-0.026110 0.981748 -0.188386
0.380430 0.919312 -0.100691
-0.207692 0.838383 0.503962
-0.010050 -0.573406 0.819210
-0.118021 0.560532 0.819679
0.067796 0.161496 0.984542
-0.264932 0.267370 -0.926458
-0.445233 0.573990 -0.687243
-0.948097 0.313122 -0.055376
-0.345163 0.217548 0.912981
-0.738041 0.674215 -0.027007
-0.835894 0.429300 0.342027
-0.661275 0.215709 -0.718460
-0.516092 0.525797 0.676156
-0.483174 0.820738 -0.304848
-0.458717 -0.097669 -0.883199
-0.722944 -0.274410 -0.634075
-0.899378 0.058363 -0.433259
0.347116 -0.218857 -0.911927
-0.993108 -0.093525 -0.070636
-0.571034 0.748505 0.337136
-0.947313 0.022182 0.319539
-0.734992 0.165694 0.657519
0.500934 0.802322 0.324568
-0.067825 -0.161498 -0.984540
-0.208141 -0.819319 0.534222
-0.572996 -0.668002 -0.474815
-0.529066 -0.141390 0.836719
0.218754 -0.838149 0.499652
-0.635600 -0.659333 0.401612
-0.892216 -0.420544 0.164598
-0.782778 -0.289649 0.550783
-0.147966 -0.204860 0.967542
-0.686250 -0.724831 -0.060675
-0.351943 -0.486000 -0.799962
0.117907 -0.969759 -0.213694
-0.306571 -0.926241 -0.219297
-0.397652 -0.901019 0.173314
-0.422448 -0.522927 0.740327
-0.177744 -0.796142 -0.578415
0.074607 -0.533712 -0.842369
0.516092 -0.525797 -0.676156
0.230699 -0.795615 -0.560157
0.001597 -0.985079 0.172093
0.416239 -0.901644 0.117402
0.755335 -0.654040 0.041252
0.628559 -0.651080 0.425451
0.389753 -0.551431 0.737575
0.271193 -0.208653 0.939637
0.529065 0.141390 -0.836719
0.736536 -0.163891 -0.656243
0.947316 -0.022209 -0.319530
0.952776 -0.302912 -0.021493
0.987342 0.070956 0.141852
0.419846 0.522625 -0.742019
0.874619 -0.305936 0.376091
0.658212 -0.244660 0.711968
0.518235 0.128707 0.845498
