0.046897 -0.133400 -0.989952
0.921874 0.145619 -0.359086
0.632421 0.381626 -0.674096
-0.183643 0.650998 -0.736531
0.610089 -0.488460 -0.623858
0.931123 0.362875 0.036482
0.678430 0.734626 0.007571
0.635016 0.291205 0.715510
-0.046897 0.133400 0.989952
0.366560 0.176169 -0.913563
0.244013 0.563883 -0.788982
0.480556 0.739982 -0.470629
0.787155 0.526784 -0.320758
0.341879 0.930886 -0.128727
0.399168 0.872293 0.282436
0.071545 0.787209 0.612522
0.614234 -0.559042 0.556946
0.211197 0.440525 0.872544
-0.035087 0.283278 -0.958396
0.088965 0.855542 -0.510033
-0.197553 0.548983 0.812151
-0.399202 0.914076 0.071437
-0.001173 0.967433 0.253126
0.757093 0.538801 0.369464
-0.337897 0.803875 0.489500
-0.054857 0.987949 -0.144731
-0.421791 0.341547 -0.839904
-0.347728 0.849282 -0.397247
-0.675713 0.715218 -0.178536
-0.898757 0.438109 0.017225
-0.931123 -0.362875 -0.036482
-0.682259 0.679457 0.269926
-0.881469 0.271245 0.386573
-0.610088 0.488460 0.623858
0.881469 -0.271245 -0.386573
-0.717879 0.112225 -0.687063
-0.614234 0.559042 -0.556946
-0.998938 0.043676 -0.014707
-0.430800 0.225816 0.873738
-0.921874 -0.145619 0.359086
-0.787155 -0.526784 0.320758
-0.726734 0.022789 0.686541
0.717879 -0.112225 0.687063
-0.361976 -0.052962 -0.930682
-0.453784 -0.646055 -0.613753
-0.906493 -0.134636 -0.400180
-0.678430 -0.734626 -0.007571
-0.757093 -0.538801 -0.369464
-0.480551 -0.739981 0.470636
-0.632421 -0.381626 0.674096
-0.881191 0.303340 -0.362611
-0.211197 -0.440525 -0.872544
-0.071545 -0.787209 -0.612522
0.001172 -0.967432 -0.253127
-0.399168 -0.872293 -0.282436
0.898757 -0.438109 -0.017225
-0.341879 -0.930886 0.128727
-0.088965 -0.855542 0.510033
-0.244014 -0.563883 0.788983
-0.366560 -0.176169 0.913563
0.197553 -0.548983 -0.812151
-0.635016 -0.291205 -0.715510
0.337897 -0.803875 -0.489500
0.399202 -0.914076 -0.071437
0.675713 -0.715218 0.178536
0.054857 -0.987949 0.144731
0.347728 -0.849282 0.397247
0.183644 -0.650998 0.736531
0.035087 -0.283278 0.958396
0.430821 -0.225852 -0.873719
0.726734 -0.022789 -0.686541
0.453784 0.646055 0.613753
0.682259 -0.679457 -0.269926
0.421795 -0.341549 0.839901
0.998938 -0.043676 0.014707
0.881191 -0.303340 0.362611
0.906493 0.134636 0.400180
0.361976 0.052962 0.930682
