0.806829 -0.259170 -0.530903
0.560982 0.502506 -0.657866
0.386876 0.797656 0.462680
0.828282 0.414009 -0.377551
0.932795 0.358895 0.032971
0.381463 -0.837578 0.391087
0.985947 -0.026245 0.164982
0.619345 0.109749 0.777410
0.276780 -0.006704 0.960910
0.116703 -0.082837 -0.989706
0.189866 0.617988 -0.762917
0.176444 0.974088 -0.141493
0.436658 0.797388 -0.416535
0.456830 0.884666 0.093127
0.738455 0.120196 -0.663503
0.856747 0.246902 0.452796
0.558988 0.491005 0.668166
0.232775 0.377421 0.896309
-0.245346 0.632072 -0.735045
0.708765 0.692517 -0.134437
0.017630 0.868828 -0.494800
-0.424726 0.875833 0.229181
-0.207794 0.975600 -0.070900
0.037602 0.957733 0.285190
-0.238619 0.795595 0.556857
-0.806829 0.259170 0.530903
0.110142 0.702306 0.703303
-0.276780 0.006700 -0.960910
-0.494685 0.308867 -0.812335
-0.381463 0.837579 -0.391085
-0.633989 0.562126 -0.531104
-0.656249 0.747779 -0.100818
-0.871116 0.431803 -0.233888
-0.724406 0.624800 0.291307
-0.536708 0.544035 0.644958
-0.193786 0.462687 0.865083
-0.619344 -0.109746 -0.777412
-0.818965 0.166887 -0.549040
-0.985947 0.026245 -0.164982
-0.961115 -0.049454 0.271686
-0.932795 -0.358895 -0.032971
-0.828282 -0.414020 0.377539
-0.933894 0.330846 0.135582
-0.738456 -0.120196 0.663503
-0.508235 0.169072 0.844459
-0.232775 -0.377421 -0.896309
-0.558988 -0.491005 -0.668166
-0.386876 -0.797655 -0.462680
-0.856747 -0.246902 -0.452796
-0.735020 -0.610723 -0.294555
-0.456830 -0.884666 -0.093128
-0.708765 -0.692517 0.134437
-0.560982 -0.502506 0.657866
-0.371335 -0.230287 0.899488
-0.110142 -0.702306 -0.703303
0.871111 -0.431815 0.233883
0.656234 -0.747793 0.100810
-0.037602 -0.957733 -0.285190
-0.176443 -0.974088 0.141493
-0.436658 -0.797388 0.416536
-0.017630 -0.868828 0.494800
-0.189866 -0.617988 0.762917
0.041993 -0.332422 0.942195
0.193786 -0.462687 -0.865083
0.238619 -0.795595 -0.556857
0.371335 0.230287 -0.899488
0.424726 -0.875833 -0.229181
0.207794 -0.975600 0.070900
0.633989 -0.562126 0.531104
0.245298 -0.632024 0.735102
-0.116705 0.082838 0.989706
0.508235 -0.169072 -0.844459
0.536708 -0.544035 -0.644958
0.961115 0.049454 -0.271686
-0.042056 0.332382 -0.942207
0.933895 -0.330844 -0.135581
0.735020 0.610723 0.294555
0.818965 -0.166887 0.549040
0.724406 -0.624800 -0.291307
0.494685 -0.308867 0.812335
