0.594401 0.040952 -0.803125
0.609359 -0.065300 0.790201
0.842381 -0.155815 -0.515864
0.981249 0.063321 -0.182045
0.669003 -0.740759 -0.060922
0.863907 0.107307 0.492088
0.353062 0.929134 -0.109810
0.628222 0.338112 0.700726
0.316168 0.248405 0.915605
0.264421 0.187971 -0.945911
0.539979 0.462079 -0.703495
0.865867 0.462959 -0.189589
-0.322191 0.666570 0.672219
-0.057721 -0.040239 -0.997522
0.676853 0.734977 0.040975
0.393636 0.861880 0.319709
0.362469 0.640896 0.676660
-0.141565 0.734934 -0.663198
0.266308 0.811781 -0.519704
-0.021474 0.954670 -0.296890
0.703704 0.582598 0.406669
0.041739 0.987285 0.153384
-0.315273 0.948077 -0.041879
0.033831 0.837485 0.545412
-0.338141 0.877954 0.338906
0.009517 0.521385 0.853269
-0.919277 -0.385251 -0.080693
-0.485396 0.489798 -0.724216
-0.427192 0.803089 -0.415398
-0.675547 0.662037 0.324565
-0.643034 0.430251 0.633554
-0.154018 0.362115 -0.919321
-0.894595 -0.179268 -0.409344
-0.040841 0.108475 0.993260
-0.450144 0.081954 -0.889187
-0.320171 -0.311195 -0.894789
-0.742863 0.155761 -0.651071
-0.737217 0.536917 -0.410160
-0.930174 0.204823 -0.304670
-0.894651 0.446662 0.009623
-0.897169 0.265591 0.352915
-0.364718 0.295728 0.882908
-0.731262 0.046619 0.680501
-0.707272 -0.573514 -0.413338
-0.999786 0.001133 0.020671
0.278564 -0.191818 0.941068
-0.674938 -0.371171 0.637723
-0.653623 0.754422 -0.060197
-0.393396 -0.862138 -0.319307
0.004042 -0.972542 0.232693
-0.386730 -0.641035 -0.662958
-0.676853 -0.734977 -0.040975
-0.360013 -0.927482 0.100835
-0.810621 -0.517846 0.273367
-0.349137 -0.541304 0.764914
-0.442526 -0.108654 0.890149
-0.917048 -0.150950 0.369103
-0.005356 -0.532331 -0.846519
0.270386 -0.251535 -0.929312
-0.019555 -0.985223 -0.170159
-0.102847 -0.287754 0.952166
0.360938 -0.928611 0.086060
0.266860 -0.817201 0.510851
-0.160116 -0.818392 0.551903
-0.526855 -0.740477 0.417275
0.609772 0.696413 -0.378400
0.814571 0.256024 -0.520506
0.346291 -0.879281 -0.327029
-0.655841 -0.274703 -0.703144
-0.034513 -0.836681 -0.546602
0.322191 -0.666570 -0.672219
0.606800 -0.700381 0.375845
0.099814 -0.591699 0.799956
0.485396 -0.489798 0.724216
0.178216 0.554538 -0.812851
0.581243 -0.365089 -0.727232
0.670726 -0.606516 -0.426924
0.861250 -0.477257 0.174570
0.910681 -0.364201 -0.194980
0.980338 -0.096294 0.172232
0.791631 -0.309873 0.526593
0.924489 0.339218 0.173929
