0.939659 0.052699 -0.338029
0.874967 0.184266 0.447749
0.972873 -0.223982 -0.057887
0.988341 0.138210 0.063871
-0.071828 0.684746 0.725233
0.641332 0.404160 0.652187
-0.081392 -0.751143 0.655103
0.490722 0.416602 -0.765268
0.777041 0.341885 -0.528510
0.615707 0.675882 -0.405078
0.424216 0.151324 0.892828
-0.006683 0.999519 -0.030300
0.596486 0.698288 0.395726
0.275548 0.785581 0.554017
0.844717 0.489577 0.216258
-0.928001 -0.289573 0.234439
-0.294205 0.412520 -0.862131
0.328285 0.912815 -0.242893
-0.049424 0.913229 -0.404438
0.331062 0.928281 0.169387
0.137183 0.424226 -0.895105
-0.035096 0.925106 0.378083
0.876570 0.450394 -0.169620
-0.202358 -0.233338 -0.951107
0.295381 0.735145 -0.610174
-0.431118 0.694401 -0.576146
-0.405246 0.883075 -0.236548
-0.333723 -0.888546 -0.314824
-0.671680 0.735418 0.089478
-0.402121 0.774751 0.487914
-0.072084 0.696216 -0.714204
-0.404614 0.497393 0.767390
-0.017743 0.337294 0.941232
-0.459691 0.075716 -0.884845
0.643671 0.765106 -0.017310
-0.655484 0.380845 -0.652149
-0.715749 0.629384 -0.302620
-0.899951 0.435760 0.014194
-0.435572 -0.897993 0.062339
-0.940691 -0.103047 -0.323237
-0.895488 0.277705 -0.347824
-0.730603 -0.658025 0.182271
-0.344496 0.142464 0.927915
-0.041093 0.103171 -0.993814
-0.529532 -0.321618 -0.784957
-0.708979 0.554000 0.436385
-0.350055 0.926607 0.137337
-0.581044 -0.166340 0.796692
-0.759973 -0.006209 -0.649926
-0.999008 0.036203 0.025933
0.300003 0.506347 0.808462
-0.219646 -0.221799 0.950032
0.177537 -0.296418 -0.938412
-0.444559 -0.662390 -0.602999
0.683154 0.028570 -0.729715
-0.907921 0.237636 0.345266
-0.666736 -0.709039 -0.229624
-0.900195 -0.421093 -0.111041
-0.436334 -0.778948 0.450392
0.212540 -0.868982 0.446876
-0.699948 -0.474088 0.534148
0.065666 -0.464308 0.883236
-0.125821 -0.578657 -0.805807
-0.376305 -0.525919 0.762760
-0.843614 -0.086791 0.529889
-0.023436 -0.992018 -0.123899
-0.115592 -0.956421 0.268136
0.528261 -0.333164 -0.780988
0.261553 -0.640126 -0.722377
0.581280 -0.637802 -0.505293
0.317477 -0.883367 -0.344776
0.603042 -0.794165 -0.075113
0.292847 -0.953061 0.076913
0.567697 -0.748950 0.341751
-0.677286 0.235961 0.696854
0.369069 -0.618602 0.693628
0.417646 -0.262606 0.869833
-0.760675 -0.418586 -0.496144
0.353911 0.056475 -0.933572
0.816673 -0.271786 -0.509094
0.820188 -0.526407 -0.224026
0.828470 -0.529032 0.183745
-0.020241 -0.845845 -0.533045
0.917798 -0.187298 0.350094
0.693368 -0.427967 0.579729
0.708143 -0.047088 0.704497
0.103287 -0.032799 0.994111
