0.018099 0.021970 -0.999595
0.530584 0.723702 0.441288
0.016578 -0.652001 -0.758036
0.389897 -0.641062 -0.661074
0.437230 -0.639163 0.632694
0.832497 0.454652 0.316607
0.863827 0.072131 0.498599
0.658598 0.377156 0.651154
-0.118131 0.169667 0.978396
0.185394 0.362297 -0.913439
0.532648 0.312100 -0.786689
0.624691 0.716383 -0.310736
0.766364 0.414525 -0.490770
0.381711 0.919176 -0.097010
0.665418 0.740590 0.093511
0.255279 0.933099 0.253298
-0.501855 0.050913 0.863452
0.348289 0.576993 0.738765
0.879269 0.467149 -0.093042
0.706788 -0.584191 -0.398963
0.044128 0.679855 -0.732017
0.424204 0.640833 -0.639831
-0.174810 0.897443 -0.405017
0.405650 -0.024949 -0.913688
-0.003956 0.997744 -0.067016
-0.166944 0.945286 0.280293
-0.027301 0.534024 0.845029
-0.200327 0.369299 -0.907462
-0.571272 0.389754 -0.722316
-0.328637 0.663815 -0.671824
-0.555733 0.741770 -0.375418
-0.750783 0.659041 -0.044599
-0.545941 0.794698 0.265338
0.286220 0.258988 0.922498
-0.396709 0.409651 0.821467
0.752729 0.029709 -0.657660
0.863947 -0.255548 -0.433925
-0.793450 0.453310 -0.406137
0.208415 0.879482 -0.427873
-0.952517 0.301037 -0.045692
-0.957975 0.062724 0.279910
-0.761099 0.208206 0.614311
-0.532648 -0.312100 0.786689
-0.698098 -0.693631 0.177584
-0.580488 -0.276624 -0.765841
-0.845026 0.454128 0.282309
-0.853480 -0.265745 -0.448276
-0.398431 0.914970 -0.063891
-0.900743 -0.356839 0.247645
0.099115 -0.885400 -0.454140
-0.806037 -0.165910 0.568135
-0.646826 -0.556754 0.521193
-0.261333 -0.583674 0.768784
0.099274 0.815818 0.569724
-0.348289 -0.576993 -0.738765
-0.988955 -0.134853 -0.061495
-0.648124 -0.584240 -0.488466
0.212752 -0.353165 -0.911049
-0.851915 -0.506394 -0.133438
-0.344190 -0.805603 0.482222
-0.615076 0.559493 0.555562
-0.190276 -0.221658 0.956380
0.980885 0.146519 0.128048
-0.290111 -0.833500 -0.470227
-0.564207 -0.803289 -0.190780
0.227812 -0.973175 -0.032125
-0.138641 -0.979298 -0.147490
-0.020588 -0.962411 0.270816
0.059374 -0.791153 0.608729
0.103417 -0.494518 0.862993
-0.926605 0.100588 -0.362334
-0.728948 0.062015 -0.681755
-0.385399 -0.913835 0.127960
0.448141 -0.835397 -0.318247
0.847171 -0.530008 -0.037322
0.713609 -0.605911 0.351617
0.597437 -0.801308 0.031211
0.365437 -0.867567 0.337318
0.179259 -0.097356 0.978973
-0.181957 -0.296181 -0.937640
0.593950 -0.329209 -0.734061
-0.394117 0.042818 -0.918062
0.944001 0.136021 -0.300599
0.980570 -0.177600 -0.083308
0.924324 -0.260687 0.278687
0.737717 -0.300637 0.604476
-0.280599 0.748312 0.601077
0.446673 -0.318500 0.836087
0.589290 0.037938 0.807031
