0.196314 0.078944 -0.977358
0.536218 0.137665 -0.832777
0.784717 -0.050928 -0.617759
0.926299 0.181801 -0.330028
0.705882 0.701992 0.094539
0.941328 0.337492 -0.000465
-0.052181 -0.200042 0.978397
0.832831 0.445807 0.328098
0.692957 0.320291 0.645929
0.659776 -0.751330 -0.014077
-0.957790 0.281397 0.058777
0.345064 0.456611 -0.820023
-0.847510 -0.092806 -0.522603
-0.699928 0.208885 -0.682985
0.717117 0.363634 -0.594570
0.498590 0.851001 -0.164940
0.557512 0.682521 0.472595
0.077570 0.705326 -0.704626
0.105641 0.157537 0.981846
-0.028815 0.400825 -0.915701
0.224454 0.882237 -0.413857
0.450568 0.148542 0.880297
0.124619 0.990424 -0.059421
-0.251006 0.967862 -0.015441
0.997739 -0.042243 0.052265
0.021396 0.506621 0.861903
-0.179122 0.757218 0.628121
-0.347472 0.469827 0.811496
-0.295874 0.669228 -0.681610
-0.636352 0.544481 -0.546440
-0.141523 0.908100 -0.394113
-0.588159 0.807909 0.036756
0.775436 0.571477 -0.268540
-0.798965 0.575876 -0.173269
-0.415828 0.836041 0.357941
-0.599745 0.567384 0.564253
0.367524 0.903270 0.221428
-0.391879 0.338817 -0.855356
-0.895687 0.271391 -0.352267
-0.260744 -0.343282 -0.902314
0.502814 0.671488 -0.544318
-0.588843 -0.463955 0.661823
-0.846379 0.258722 0.465517
-0.786629 0.568066 0.241901
0.004121 -0.801900 0.597444
-0.170671 0.027046 -0.984957
-0.636965 -0.378300 -0.671688
-0.740042 -0.671507 -0.037618
-0.987159 -0.041428 -0.154273
-0.845115 -0.417466 -0.333920
-0.934104 -0.355519 0.032478
-0.488183 0.807633 -0.330767
-0.030542 0.951750 0.305351
-0.961864 -0.047666 0.269342
-0.263428 0.135519 0.955113
-0.521371 -0.066316 -0.850749
-0.359143 -0.632271 -0.686476
-0.590859 -0.701296 -0.398835
-0.825110 -0.422728 0.374825
-0.434045 -0.895858 -0.095101
0.427076 -0.868528 0.251525
-0.615433 -0.729924 0.297410
-0.280334 -0.928996 0.241619
0.374510 0.510611 0.773963
0.000853 -0.649959 -0.759968
-0.218494 -0.874670 -0.432681
-0.778522 -0.115067 0.616979
0.318701 -0.940491 -0.117921
0.152725 -0.868182 -0.472160
0.082864 -0.962325 0.258969
-0.353114 -0.743990 0.567265
-0.613679 0.192023 0.765849
-0.223949 -0.504027 0.834149
0.108170 -0.308908 -0.944921
0.358148 -0.587522 -0.725636
0.510537 -0.756512 -0.408708
0.796923 -0.536833 -0.276993
0.341070 -0.206361 0.917107
-0.051181 -0.992810 -0.108208
-0.459340 -0.174946 0.870862
0.369635 -0.721567 0.585415
0.160435 -0.522908 0.837154
0.462518 -0.229736 -0.856328
0.904726 -0.420073 0.070777
0.681885 -0.414493 -0.602685
0.196520 0.793509 0.575955
0.936704 -0.195339 -0.290564
0.864105 -0.280361 0.417996
0.700608 -0.613665 0.364093
0.915345 0.086827 0.393198
0.705034 -0.077580 0.704917
0.573439 -0.428743 0.698103
