0.503169 0.489060 -0.712489
0.888673 -0.150793 0.433037
-0.366187 -0.129918 -0.921428
0.972308 -0.097283 -0.212493
0.940367 0.271682 -0.204694
0.778671 0.346202 -0.523274
0.987001 0.081695 0.138403
0.854290 0.238416 0.461894
0.366187 0.129918 0.921428
0.603078 0.371012 0.706150
0.181466 0.677807 -0.712495
0.481912 0.744114 -0.462661
0.752790 0.606915 -0.254875
0.425005 0.895280 -0.133585
-0.003549 0.292281 0.956326
0.675287 0.733265 0.079432
0.382044 0.889904 0.249227
0.950842 -0.296110 0.090655
0.041945 0.912933 0.405948
0.279065 0.482737 0.830113
-0.072822 0.465159 -0.882227
0.676142 0.601173 0.425936
0.140876 0.916140 -0.375288
0.083692 0.996348 0.016906
-0.214369 0.951159 -0.222134
0.255821 0.299928 -0.919020
-0.263245 0.950182 0.166903
-0.583200 0.557129 0.591173
-0.004419 0.685235 0.728309
-0.309867 0.086117 0.946872
-0.675287 -0.733265 -0.079432
-0.384213 0.571072 -0.725436
0.588344 0.130954 -0.797936
-0.496598 0.754270 -0.429497
-0.854289 -0.238426 -0.461891
-0.552392 0.829757 -0.079791
-0.580320 0.761796 0.287918
-0.293600 0.792774 0.534142
-0.299988 0.475701 0.826871
0.676650 -0.378008 0.631866
-0.401405 0.232288 -0.885955
-0.676649 0.378008 -0.631867
-0.888674 0.150793 -0.433037
-0.775970 0.546799 -0.314453
-0.987001 -0.081695 -0.138403
-0.810219 0.581716 0.071777
-0.834108 0.390528 0.389552
-0.839458 0.025821 0.542811
-0.612502 0.240001 0.753154
-0.255821 -0.299928 0.919020
0.839458 -0.025821 -0.542811
-0.603078 -0.371012 -0.706150
-0.139990 0.801885 -0.580847
0.309867 -0.086117 -0.946872
-0.887259 -0.442854 -0.129042
-0.972308 0.097276 0.212498
-0.778671 -0.346202 0.523274
-0.588344 -0.130954 0.797936
0.362070 0.732656 0.576299
-0.051705 0.087823 -0.994793
0.004418 -0.685237 -0.728307
-0.362070 -0.732656 -0.576299
-0.676142 -0.601173 -0.425936
-0.083692 -0.996348 -0.016906
-0.684146 0.002541 -0.729341
-0.181466 -0.677807 0.712495
-0.503169 -0.489060 0.712490
0.810222 -0.581711 -0.071784
0.887259 0.442854 0.129042
0.003549 -0.292281 -0.956326
-0.940367 -0.271680 0.204695
-0.041945 -0.912933 -0.405948
-0.752790 -0.606915 0.254875
-0.140876 -0.916140 0.375288
0.139990 -0.801885 0.580847
-0.481912 -0.744114 0.462661
0.072822 -0.465159 0.882227
0.299988 -0.475701 -0.826871
-0.425005 -0.895280 0.133585
0.293601 -0.792774 -0.534142
0.496598 -0.754270 0.429497
-0.382044 -0.889904 -0.249227
0.263245 -0.950182 -0.166903
0.214369 -0.951159 0.222134
0.580319 -0.761796 -0.287918
-0.950842 0.296109 -0.090654
0.552397 -0.829754 0.079791
0.583200 -0.557128 -0.591173
-0.279065 -0.482737 -0.830113
0.834099 -0.390508 -0.389592
0.401405 -0.232288 0.885955
0.384213 -0.571072 0.725436
0.612504 -0.239999 -0.753153
0.775970 -0.546799 0.314453
0.684146 -0.002541 0.729340
0.051705 -0.087823 0.994793
