0.210799 0.276054 -0.937741
0.942008 0.051926 -0.331548
0.781786 0.398240 -0.479808
-0.069583 -0.345735 -0.935749
0.919236 0.365796 -0.145596
0.961088 -0.241970 -0.133266
0.860447 0.472669 0.190302
0.694990 0.505507 0.511323
0.667778 0.193236 0.718841
0.890444 0.175478 0.419902
0.993964 0.085428 0.068832
0.530114 0.411506 -0.741378
0.213327 0.856131 -0.470672
0.436921 0.884668 -0.162673
0.727809 0.666536 -0.161318
0.623887 0.759490 0.184227
-0.764920 0.603167 0.226023
0.422464 0.756449 0.499308
0.404420 0.506080 0.761792
0.319572 -0.940956 0.111696
-0.069252 0.038379 -0.996861
-0.129349 0.721873 -0.679829
-0.138496 0.912628 -0.384614
-0.352300 0.931708 -0.088343
0.293120 0.939843 0.175427
-0.134472 0.970736 0.198972
0.082987 0.879756 0.468127
0.072892 0.991160 -0.110854
0.067063 0.660829 0.747535
0.037994 0.354379 0.934330
0.224279 0.617437 -0.753970
-0.451750 0.528526 -0.718737
-0.726444 0.512335 -0.458031
-0.471126 0.769841 -0.430564
0.537095 0.688055 -0.487964
-0.486633 0.835869 0.253992
-0.571219 0.596709 0.563602
-0.804368 0.321455 0.499658
-0.559802 0.266837 0.784487
-0.283958 0.512660 0.810276
-0.392125 0.201162 -0.897648
-0.683381 0.205752 -0.700469
-0.891761 0.169667 -0.419493
-0.665527 0.738777 -0.106218
-0.885132 0.443586 -0.140614
-0.944185 0.281385 0.171282
-0.587767 -0.784168 -0.199024
-0.775353 -0.014737 0.631356
0.277953 -0.678417 0.680068
-0.251981 0.134929 0.958280
-0.398490 -0.153621 -0.904216
-0.696512 -0.154419 -0.700732
-0.681649 -0.489741 -0.543607
-0.899512 -0.192267 -0.392314
-0.827444 -0.516302 -0.220836
-0.994507 0.042819 -0.095515
-0.947760 -0.048617 0.315256
-0.955982 -0.292936 0.016908
-0.672261 -0.356625 0.648755
-0.183955 -0.295696 0.937403
-0.847056 -0.399475 0.350593
-0.415783 -0.749747 -0.514786
-0.489751 -0.117742 0.863876
0.261255 -0.792443 -0.551163
-0.266225 -0.949398 -0.166635
-0.743181 -0.658429 0.118970
-0.573791 -0.681410 0.454361
-0.239089 -0.842210 0.483238
-0.388300 -0.538204 0.748037
0.075241 -0.040855 0.996328
-0.066606 -0.659572 -0.748685
-0.082982 -0.879752 -0.468136
0.137336 -0.970810 -0.196637
-0.436942 -0.884670 0.162607
-0.069074 -0.987842 0.139274
0.120501 -0.892700 0.434241
0.771961 -0.582294 -0.254972
-0.063223 -0.653190 0.754550
-0.261255 0.792443 0.551163
-0.400836 -0.486391 -0.776373
0.276873 -0.513718 -0.812056
0.572855 -0.283124 -0.769206
0.571419 -0.596251 -0.563884
0.484342 -0.836745 -0.255482
0.642136 -0.763302 0.070929
0.749546 -0.501556 0.431997
0.497648 -0.766616 0.405767
0.540931 -0.447070 0.712406
0.180395 -0.387341 0.904116
0.243412 -0.161408 -0.956399
0.765440 0.053085 -0.641313
-0.108101 0.432342 -0.895206
0.820489 -0.295457 -0.489390
0.867212 -0.488490 0.096542
0.356377 0.188606 0.915108
0.496289 0.071215 -0.865232
0.936421 -0.185988 0.297529
0.767373 -0.148134 0.623854
0.466332 -0.139414 0.873555
