##TITLE= dor4 radial a cnst1=80.002
##JCAMP-DX= 5.00 Bruker JCAMP library
##DATA TYPE= Shape Data
##ORIGIN= Bruker Analytik GmbH
##OWNER= <nmrsu>
##DATE= xx
##TIME= xx
##MINX= 0
##MAXX= 1
##MINY= 0
##MAXY= 1
##$SHAPE_EXMODE= Gradient
##$SHAPE_TOTROT= 0
##$SHAPE_BWFAC= 0
##$SHAPE_INTEGFAC= 0
##$SHAPE_MODE= 0
##NPOINTS=1000
##XYDATA= (X++(Y..Y))
0.000000
0.011691
0.023347
0.034935
0.046421
0.057771
0.068951
0.079928
0.090672
0.101149
0.111330
0.121184
0.130682
0.139798
0.148503
0.156773
0.164582
0.171909
0.178731
0.185029
0.190783
0.195976
0.200594
0.204620
0.208044
0.210854
0.213040
0.214595
0.215512
0.215866
0.215880
0.215762
0.215559
0.215258
0.214854
0.214343
0.213719
0.212976
0.212107
0.211104
0.209960
0.208666
0.207212
0.205587
0.203780
0.201779
0.199572
0.197144
0.194481
0.191569
0.188390
0.184929
0.181169
0.177092
0.172679
0.167913
0.162774
0.157244
0.151304
0.144934
0.138117
0.130833
0.123065
0.114795
0.106009
0.096689
0.086822
0.076395
0.065397
0.053819
0.041652
0.028893
0.015537
0.001584
-0.012964
-0.028102
-0.043821
-0.060112
-0.076959
-0.094345
-0.112249
-0.130647
-0.149509
-0.168806
-0.188501
-0.208555
-0.228927
-0.249570
-0.270436
-0.291472
-0.312624
-0.333833
-0.355038
-0.376178
-0.397187
-0.417999
-0.438544
-0.458755
-0.478561
-0.497891
-0.516676
-0.534845
-0.552329
-0.569059
-0.584970
-0.599996
-0.614075
-0.627147
-0.639156
-0.650048
-0.659774
-0.668287
-0.675546
-0.681513
-0.686157
-0.689449
-0.691367
-0.691892
-0.691011
-0.688718
-0.685009
-0.679888
-0.673360
-0.665439
-0.656142
-0.645491
-0.633510
-0.620231
-0.605688
-0.589918
-0.572961
-0.554863
-0.535670
-0.515431
-0.494197
-0.472021
-0.448958
-0.425062
-0.400391
-0.375001
-0.348949
-0.322290
-0.295082
-0.267379
-0.239236
-0.210705
-0.181839
-0.152687
-0.123298
-0.093704
-0.063915
-0.033935
-0.003794
0.026467
0.056807
0.087185
0.117558
0.147887
0.178129
0.208243
0.238187
0.267920
0.297402
0.326592
0.355449
0.383934
0.412008
0.439630
0.466764
0.493370
0.519413
0.544855
0.569661
0.593797
0.617227
0.639920
0.661843
0.682964
0.703254
0.722684
0.741225
0.758852
0.775538
0.791259
0.805992
0.819715
0.832407
0.844050
0.854626
0.864119
0.872512
0.879794
0.885951
0.890974
0.894853
0.897581
0.899152
0.899561
0.898805
0.896883
0.893795
0.889543
0.884129
0.877560
0.869840
0.860978
0.850983
0.839866
0.827639
0.814317
0.799914
0.784447
0.767935
0.750397
0.731853
0.712327
0.691841
0.670422
0.648094
0.624885
0.600824
0.575940
0.550265
0.523830
0.496668
0.468813
0.440300
0.411164
0.381443
0.351173
0.320393
0.289142
0.257459
0.225384
0.192958
0.160222
0.127218
0.093987
0.060573
0.027017
-0.006638
-0.040349
-0.074072
-0.107764
-0.141383
-0.174885
-0.208228
-0.241368
-0.274264
-0.306872
-0.339152
-0.371061
-0.402558
-0.433604
-0.464157
-0.494180
-0.523632
-0.552476
-0.580676
-0.608194
-0.634995
-0.661045
-0.686309
-0.710756
-0.734354
-0.757072
-0.778881
-0.799753
-0.819660
-0.838578
-0.856481
-0.873346
-0.889153
-0.903879
-0.917507
-0.930018
-0.941396
-0.951627
-0.960697
-0.968595
-0.975311
-0.980835
-0.985161
-0.988282
-0.990196
-0.990899
-0.990390
-0.988671
-0.985743
-0.981611
-0.976279
-0.969754
-0.962045
-0.953163
-0.943117
-0.931922
-0.919592
-0.906143
-0.891592
-0.875957
-0.859261
-0.841523
-0.822767
-0.803016
-0.782298
-0.760638
-0.738064
-0.714605
-0.690293
-0.665157
-0.639231
-0.612549
-0.585143
-0.557051
-0.528308
-0.498950
-0.469017
-0.438546
-0.407577
-0.376149
-0.344304
-0.312081
-0.279523
-0.246670
-0.213567
-0.180254
-0.146774
-0.113171
-0.079487
-0.045766
-0.012051
0.021616
0.055191
0.088631
0.121894
0.154937
0.187719
0.220198
0.252332
0.284080
0.315404
0.346262
0.376616
0.406428
0.435660
0.464276
0.492239
0.519515
0.546069
0.571868
0.596881
0.621076
0.644424
0.666895
0.688463
0.709100
0.728782
0.747485
0.765186
0.781865
0.797501
0.812076
0.825573
0.837976
0.849272
0.859448
0.868493
0.876397
0.883152
0.888751
0.893190
0.896466
0.898575
0.899518
0.899296
0.897912
0.895369
0.891675
0.886835
0.880859
0.873757
0.865541
0.856225
0.845822
0.834349
0.821824
0.808265
0.793693
0.778129
0.761596
0.744119
0.725723
0.706434
0.686280
0.665290
0.643494
0.620923
0.597609
0.573585
0.548884
0.523541
0.497593
0.471074
0.444023
0.416476
0.388473
0.360051
0.331251
0.302112
0.272674
0.242978
0.213065
0.182976
0.152752
0.122435
0.092065
0.061685
0.031336
0.001060
-0.029103
-0.059111
-0.088924
-0.118501
-0.147803
-0.176789
-0.205420
-0.233658
-0.261465
-0.288804
-0.315637
-0.341929
-0.367644
-0.392749
-0.417209
-0.440992
-0.464067
-0.486403
-0.507970
-0.528741
-0.548687
-0.567782
-0.586002
-0.603322
-0.619721
-0.635177
-0.649671
-0.663182
-0.675696
-0.687195
-0.697666
-0.707095
-0.715471
-0.722784
-0.729026
-0.734189
-0.738267
-0.741258
-0.743158
-0.743967
-0.743684
-0.742311
-0.739853
-0.736315
-0.731702
-0.726022
-0.719286
-0.711504
-0.702688
-0.692852
-0.682011
-0.670183
-0.657384
-0.643634
-0.628953
-0.613364
-0.596890
-0.579554
-0.561383
-0.542402
-0.522641
-0.502127
-0.480890
-0.458961
-0.436373
-0.413157
-0.389348
-0.364979
-0.340087
-0.314706
-0.288873
-0.262626
-0.236003
-0.209040
-0.181778
-0.154256
-0.126512
-0.098587
-0.070520
-0.042353
-0.014124
0.014124
0.042353
0.070520
0.098587
0.126512
0.154256
0.181778
0.209040
0.236003
0.262626
0.288873
0.314706
0.340087
0.364979
0.389348
0.413157
0.436373
0.458961
0.480890
0.502127
0.522641
0.542402
0.561383
0.579554
0.596890
0.613364
0.628953
0.643634
0.657384
0.670183
0.682011
0.692852
0.702688
0.711504
0.719286
0.726022
0.731702
0.736315
0.739853
0.742311
0.743684
0.743967
0.743158
0.741258
0.738267
0.734189
0.729026
0.722784
0.715471
0.707095
0.697666
0.687195
0.675696
0.663182
0.649671
0.635177
0.619721
0.603322
0.586002
0.567782
0.548687
0.528741
0.507970
0.486403
0.464067
0.440992
0.417209
0.392749
0.367644
0.341929
0.315637
0.288804
0.261465
0.233658
0.205420
0.176789
0.147803
0.118501
0.088924
0.059111
0.029103
-0.001060
-0.031336
-0.061685
-0.092065
-0.122435
-0.152752
-0.182976
-0.213065
-0.242978
-0.272674
-0.302112
-0.331251
-0.360051
-0.388473
-0.416476
-0.444023
-0.471074
-0.497593
-0.523541
-0.548884
-0.573585
-0.597609
-0.620923
-0.643494
-0.665290
-0.686280
-0.706434
-0.725723
-0.744119
-0.761596
-0.778129
-0.793693
-0.808265
-0.821824
-0.834349
-0.845822
-0.856225
-0.865541
-0.873757
-0.880859
-0.886835
-0.891675
-0.895369
-0.897912
-0.899296
-0.899518
-0.898575
-0.896466
-0.893190
-0.888751
-0.883152
-0.876397
-0.868493
-0.859448
-0.849272
-0.837976
-0.825573
-0.812076
-0.797501
-0.781865
-0.765186
-0.747485
-0.728782
-0.709100
-0.688463
-0.666895
-0.644424
-0.621076
-0.596881
-0.571868
-0.546069
-0.519515
-0.492239
-0.464276
-0.435660
-0.406428
-0.376616
-0.346262
-0.315404
-0.284080
-0.252332
-0.220198
-0.187719
-0.154937
-0.121894
-0.088631
-0.055191
-0.021616
0.012051
0.045766
0.079487
0.113171
0.146774
0.180254
0.213567
0.246670
0.279523
0.312081
0.344304
0.376149
0.407577
0.438546
0.469017
0.498950
0.528308
0.557051
0.585143
0.612549
0.639231
0.665157
0.690293
0.714605
0.738064
0.760638
0.782298
0.803016
0.822767
0.841523
0.859261
0.875957
0.891592
0.906143
0.919592
0.931922
0.943117
0.953163
0.962045
0.969754
0.976279
0.981611
0.985743
0.988671
0.990390
0.990899
0.990196
0.988282
0.985161
0.980835
0.975311
0.968595
0.960697
0.951627
0.941396
0.930018
0.917507
0.903879
0.889153
0.873346
0.856481
0.838578
0.819660
0.799753
0.778881
0.757072
0.734354
0.710756
0.686309
0.661045
0.634995
0.608194
0.580676
0.552476
0.523632
0.494180
0.464157
0.433604
0.402558
0.371061
0.339152
0.306872
0.274264
0.241368
0.208228
0.174885
0.141383
0.107764
0.074072
0.040349
0.006638
-0.027017
-0.060573
-0.093987
-0.127218
-0.160222
-0.192958
-0.225384
-0.257459
-0.289142
-0.320393
-0.351173
-0.381443
-0.411164
-0.440300
-0.468813
-0.496668
-0.523830
-0.550265
-0.575940
-0.600824
-0.624885
-0.648094
-0.670422
-0.691841
-0.712327
-0.731853
-0.750397
-0.767935
-0.784447
-0.799914
-0.814317
-0.827639
-0.839866
-0.850983
-0.860978
-0.869840
-0.877560
-0.884129
-0.889543
-0.893795
-0.896883
-0.898805
-0.899561
-0.899152
-0.897581
-0.894853
-0.890974
-0.885951
-0.879794
-0.872512
-0.864119
-0.854626
-0.844050
-0.832407
-0.819715
-0.805992
-0.791259
-0.775538
-0.758852
-0.741225
-0.722684
-0.703254
-0.682964
-0.661843
-0.639920
-0.617227
-0.593797
-0.569661
-0.544855
-0.519413
-0.493370
-0.466764
-0.439630
-0.412008
-0.383934
-0.355449
-0.326592
-0.297402
-0.267920
-0.238187
-0.208243
-0.178129
-0.147887
-0.117558
-0.087185
-0.056807
-0.026467
0.003794
0.033935
0.063915
0.093704
0.123298
0.152687
0.181839
0.210705
0.239236
0.267379
0.295082
0.322290
0.348949
0.375001
0.400391
0.425062
0.448958
0.472021
0.494197
0.515431
0.535670
0.554863
0.572961
0.589918
0.605688
0.620231
0.633510
0.645491
0.656142
0.665439
0.673360
0.679888
0.685009
0.688718
0.691011
0.691892
0.691367
0.689449
0.686157
0.681513
0.675546
0.668287
0.659774
0.650048
0.639156
0.627147
0.614075
0.599996
0.584970
0.569059
0.552329
0.534845
0.516676
0.497891
0.478561
0.458755
0.438544
0.417999
0.397187
0.376178
0.355038
0.333833
0.312624
0.291472
0.270436
0.249570
0.228927
0.208555
0.188501
0.168806
0.149509
0.130647
0.112249
0.094345
0.076959
0.060112
0.043821
0.028102
0.012964
-0.001584
-0.015537
-0.028893
-0.041652
-0.053819
-0.065397
-0.076395
-0.086822
-0.096689
-0.106009
-0.114795
-0.123065
-0.130833
-0.138117
-0.144934
-0.151304
-0.157244
-0.162774
-0.167913
-0.172679
-0.177092
-0.181169
-0.184929
-0.188390
-0.191569
-0.194481
-0.197144
-0.199572
-0.201779
-0.203780
-0.205587
-0.207212
-0.208666
-0.209960
-0.211104
-0.212107
-0.212976
-0.213719
-0.214343
-0.214854
-0.215258
-0.215559
-0.215762
-0.215880
-0.215866
-0.215512
-0.214595
-0.213040
-0.210854
-0.208044
-0.204620
-0.200594
-0.195976
-0.190783
-0.185029
-0.178731
-0.171909
-0.164582
-0.156773
-0.148503
-0.139798
-0.130682
-0.121184
-0.111330
-0.101149
-0.090672
-0.079928
-0.068951
-0.057771
-0.046421
-0.034935
-0.023347
-0.011691
0.000000
##END
