##TITLE= dor4 radial b cnst1=80.002
##JCAMP-DX= 5.00 Bruker JCAMP library
##DATA TYPE= Shape Data
##ORIGIN= Bruker Analytik GmbH
##OWNER= <nmrsu>
##DATE= xx
##TIME= xx
##MINX= 0
##MAXX= 1
##MINY= 0
##MAXY= 1
##$SHAPE_EXMODE= Gradient
##$SHAPE_TOTROT= 0
##$SHAPE_BWFAC= 0
##$SHAPE_INTEGFAC= 0
##$SHAPE_MODE= 0
##NPOINTS=1000
##XYDATA= (X++(Y..Y))
0.000000
0.000000
0.000000
0.000000
0.000000
0.000001
0.000003
0.000007
0.000015
0.000030
0.000055
0.000095
0.000155
0.000245
0.000372
0.000549
0.000786
0.001100
0.001504
0.002018
0.002658
0.003444
0.004395
0.005532
0.006873
0.008437
0.010241
0.012300
0.014626
0.017231
0.020130
0.023339
0.026873
0.030746
0.034971
0.039559
0.044521
0.049869
0.055611
0.061756
0.068310
0.075280
0.082671
0.090485
0.098726
0.107392
0.116484
0.125999
0.135931
0.146276
0.157025
0.168167
0.179693
0.191586
0.203832
0.216412
0.229306
0.242491
0.255942
0.269632
0.283532
0.297609
0.311830
0.326158
0.340553
0.354976
0.369381
0.383725
0.397958
0.412033
0.425896
0.439495
0.452775
0.465680
0.478153
0.490135
0.501567
0.512390
0.522543
0.531967
0.540602
0.548389
0.555270
0.561189
0.566090
0.569921
0.572630
0.574168
0.574492
0.573558
0.571329
0.567770
0.562850
0.556544
0.548831
0.539695
0.529126
0.517117
0.503669
0.488788
0.472485
0.454777
0.435688
0.415246
0.393485
0.370446
0.346174
0.320719
0.294137
0.266488
0.237836
0.208251
0.177806
0.146575
0.114639
0.082079
0.048979
0.015424
-0.018498
-0.052701
-0.087095
-0.121592
-0.156106
-0.190548
-0.224834
-0.258880
-0.292604
-0.325927
-0.358772
-0.391065
-0.422738
-0.453723
-0.483957
-0.513382
-0.541944
-0.569591
-0.596279
-0.621965
-0.646613
-0.670189
-0.692665
-0.714018
-0.734227
-0.753277
-0.771157
-0.787857
-0.803375
-0.817709
-0.830862
-0.842845
-0.853680
-0.863382
-0.871949
-0.879372
-0.885643
-0.890756
-0.894707
-0.897493
-0.899113
-0.899567
-0.898856
-0.896986
-0.893959
-0.889783
-0.884465
-0.878015
-0.870444
-0.861765
-0.851990
-0.841136
-0.829219
-0.816258
-0.802271
-0.787280
-0.771307
-0.754375
-0.736509
-0.717735
-0.698080
-0.677571
-0.656239
-0.634114
-0.611227
-0.587611
-0.563299
-0.538324
-0.512723
-0.486531
-0.459784
-0.432520
-0.404777
-0.376594
-0.348008
-0.319061
-0.289792
-0.260241
-0.230449
-0.200457
-0.170306
-0.140037
-0.109693
-0.079314
-0.048942
-0.018619
0.011615
0.041718
0.071649
0.101368
0.130834
0.160008
0.188850
0.217321
0.245383
0.272998
0.300129
0.326739
0.352793
0.378256
0.403094
0.427275
0.450764
0.473533
0.495550
0.516786
0.537213
0.556806
0.575536
0.593382
0.610318
0.626324
0.641378
0.655462
0.668557
0.680646
0.691715
0.701750
0.710739
0.718670
0.725534
0.731324
0.736033
0.739655
0.742189
0.743630
0.743981
0.743240
0.741412
0.738500
0.734509
0.729447
0.723323
0.716147
0.707929
0.698683
0.688424
0.677166
0.664928
0.651728
0.637585
0.622520
0.606557
0.589718
0.572028
0.553514
0.534202
0.514121
0.493300
0.471769
0.449560
0.426704
0.403235
0.379187
0.354594
0.329492
0.303917
0.277906
0.251497
0.224726
0.197633
0.170257
0.142637
0.114812
0.086823
0.058709
0.030511
0.002269
-0.025976
-0.054184
-0.082314
-0.110326
-0.138180
-0.165835
-0.193254
-0.220395
-0.247219
-0.273690
-0.299767
-0.325415
-0.350595
-0.375272
-0.399410
-0.422975
-0.445931
-0.468246
-0.489888
-0.510826
-0.531028
-0.550465
-0.569109
-0.586933
-0.603910
-0.620016
-0.635226
-0.649519
-0.662872
-0.675266
-0.686682
-0.697103
-0.706513
-0.714896
-0.722241
-0.728535
-0.733768
-0.737931
-0.741017
-0.743020
-0.743935
-0.743760
-0.742494
-0.740136
-0.736688
-0.732153
-0.726537
-0.719845
-0.712084
-0.703265
-0.693397
-0.682493
-0.670567
-0.657632
-0.643706
-0.628807
-0.612953
-0.596164
-0.578464
-0.559873
-0.540418
-0.520123
-0.499015
-0.477121
-0.454471
-0.431095
-0.407024
-0.382289
-0.356924
-0.330963
-0.304439
-0.277390
-0.249850
-0.221858
-0.193450
-0.164665
-0.135542
-0.106120
-0.076439
-0.046539
-0.016461
0.013755
0.044067
0.074434
0.104814
0.135167
0.165450
0.195623
0.225643
0.255470
0.285062
0.314380
0.343382
0.372028
0.400278
0.428095
0.455438
0.482270
0.508554
0.534253
0.559330
0.583751
0.607482
0.630488
0.652738
0.674199
0.694842
0.714636
0.733554
0.751568
0.768651
0.784780
0.799930
0.814080
0.827207
0.839293
0.850319
0.860268
0.869124
0.876874
0.883505
0.889005
0.893365
0.896577
0.898634
0.899531
0.899264
0.897832
0.895233
0.891469
0.886542
0.880457
0.873219
0.864835
0.855315
0.844667
0.832905
0.820041
0.806089
0.791067
0.774991
0.757881
0.739757
0.720640
0.700554
0.679523
0.657573
0.634730
0.611024
0.586481
0.561135
0.535014
0.508153
0.480585
0.452344
0.423465
0.393985
0.363941
0.333371
0.302312
0.270806
0.238890
0.206607
0.173996
0.141099
0.107958
0.074616
0.041114
0.007495
-0.026197
-0.059920
-0.093631
-0.127286
-0.160842
-0.194257
-0.227488
-0.260491
-0.293225
-0.325647
-0.357717
-0.389392
-0.420632
-0.451397
-0.481647
-0.511343
-0.540447
-0.568922
-0.596730
-0.623837
-0.650206
-0.675804
-0.700598
-0.724556
-0.747647
-0.769841
-0.791109
-0.811425
-0.830761
-0.849092
-0.866396
-0.882649
-0.897831
-0.911922
-0.924904
-0.936760
-0.947474
-0.957033
-0.965424
-0.972637
-0.978662
-0.983491
-0.987119
-0.989540
-0.990751
-0.990751
-0.989540
-0.987119
-0.983491
-0.978662
-0.972637
-0.965424
-0.957033
-0.947474
-0.936760
-0.924904
-0.911922
-0.897831
-0.882649
-0.866396
-0.849092
-0.830761
-0.811425
-0.791109
-0.769841
-0.747647
-0.724556
-0.700598
-0.675804
-0.650206
-0.623837
-0.596730
-0.568922
-0.540447
-0.511343
-0.481647
-0.451397
-0.420632
-0.389392
-0.357717
-0.325647
-0.293225
-0.260491
-0.227488
-0.194257
-0.160842
-0.127286
-0.093631
-0.059920
-0.026197
0.007495
0.041114
0.074616
0.107958
0.141099
0.173996
0.206607
0.238890
0.270806
0.302312
0.333371
0.363941
0.393985
0.423465
0.452344
0.480585
0.508153
0.535014
0.561135
0.586481
0.611024
0.634730
0.657573
0.679523
0.700554
0.720640
0.739757
0.757881
0.774991
0.791067
0.806089
0.820041
0.832905
0.844667
0.855315
0.864835
0.873219
0.880457
0.886542
0.891469
0.895233
0.897832
0.899264
0.899531
0.898634
0.896577
0.893365
0.889005
0.883505
0.876874
0.869124
0.860268
0.850319
0.839293
0.827207
0.814080
0.799930
0.784780
0.768651
0.751568
0.733554
0.714636
0.694842
0.674199
0.652738
0.630488
0.607482
0.583751
0.559330
0.534253
0.508554
0.482270
0.455438
0.428095
0.400278
0.372028
0.343382
0.314380
0.285062
0.255470
0.225643
0.195623
0.165450
0.135167
0.104814
0.074434
0.044067
0.013755
-0.016461
-0.046539
-0.076439
-0.106120
-0.135542
-0.164665
-0.193450
-0.221858
-0.249850
-0.277390
-0.304439
-0.330963
-0.356924
-0.382289
-0.407024
-0.431095
-0.454471
-0.477121
-0.499015
-0.520123
-0.540418
-0.559873
-0.578464
-0.596164
-0.612953
-0.628807
-0.643706
-0.657632
-0.670567
-0.682493
-0.693397
-0.703265
-0.712084
-0.719845
-0.726537
-0.732153
-0.736688
-0.740136
-0.742494
-0.743760
-0.743935
-0.743020
-0.741017
-0.737931
-0.733768
-0.728535
-0.722241
-0.714896
-0.706513
-0.697103
-0.686682
-0.675266
-0.662872
-0.649519
-0.635226
-0.620016
-0.603910
-0.586933
-0.569109
-0.550465
-0.531028
-0.510826
-0.489888
-0.468246
-0.445931
-0.422975
-0.399410
-0.375272
-0.350595
-0.325415
-0.299767
-0.273690
-0.247219
-0.220395
-0.193254
-0.165835
-0.138180
-0.110326
-0.082314
-0.054184
-0.025976
0.002269
0.030511
0.058709
0.086823
0.114812
0.142637
0.170257
0.197633
0.224726
0.251497
0.277906
0.303917
0.329492
0.354594
0.379187
0.403235
0.426704
0.449560
0.471769
0.493300
0.514121
0.534202
0.553514
0.572028
0.589718
0.606557
0.622520
0.637585
0.651728
0.664928
0.677166
0.688424
0.698683
0.707929
0.716147
0.723323
0.729447
0.734509
0.738500
0.741412
0.743240
0.743981
0.743630
0.742189
0.739655
0.736033
0.731324
0.725534
0.718670
0.710739
0.701750
0.691715
0.680646
0.668557
0.655462
0.641378
0.626324
0.610318
0.593382
0.575536
0.556806
0.537213
0.516786
0.495550
0.473533
0.450764
0.427275
0.403094
0.378256
0.352793
0.326739
0.300129
0.272998
0.245383
0.217321
0.188850
0.160008
0.130834
0.101368
0.071649
0.041718
0.011615
-0.018619
-0.048942
-0.079314
-0.109693
-0.140037
-0.170306
-0.200457
-0.230449
-0.260241
-0.289792
-0.319061
-0.348008
-0.376594
-0.404777
-0.432520
-0.459784
-0.486531
-0.512723
-0.538324
-0.563299
-0.587611
-0.611227
-0.634114
-0.656239
-0.677571
-0.698080
-0.717735
-0.736509
-0.754375
-0.771307
-0.787280
-0.802271
-0.816258
-0.829219
-0.841136
-0.851990
-0.861765
-0.870444
-0.878015
-0.884465
-0.889783
-0.893959
-0.896986
-0.898856
-0.899567
-0.899113
-0.897493
-0.894707
-0.890756
-0.885643
-0.879372
-0.871949
-0.863382
-0.853680
-0.842845
-0.830862
-0.817709
-0.803375
-0.787857
-0.771157
-0.753277
-0.734227
-0.714018
-0.692665
-0.670189
-0.646613
-0.621965
-0.596279
-0.569591
-0.541944
-0.513382
-0.483957
-0.453723
-0.422738
-0.391065
-0.358772
-0.325927
-0.292604
-0.258880
-0.224834
-0.190548
-0.156106
-0.121592
-0.087095
-0.052701
-0.018498
0.015424
0.048979
0.082079
0.114639
0.146575
0.177806
0.208251
0.237836
0.266488
0.294137
0.320719
0.346174
0.370446
0.393485
0.415246
0.435688
0.454777
0.472485
0.488788
0.503669
0.517117
0.529126
0.539695
0.548831
0.556544
0.562850
0.567770
0.571329
0.573558
0.574492
0.574168
0.572630
0.569921
0.566090
0.561189
0.555270
0.548389
0.540602
0.531967
0.522543
0.512390
0.501567
0.490135
0.478153
0.465680
0.452775
0.439495
0.425896
0.412033
0.397958
0.383725
0.369381
0.354976
0.340553
0.326158
0.311830
0.297609
0.283532
0.269632
0.255942
0.242491
0.229306
0.216412
0.203832
0.191586
0.179693
0.168167
0.157025
0.146276
0.135931
0.125999
0.116484
0.107392
0.098726
0.090485
0.082671
0.075280
0.068310
0.061756
0.055611
0.049869
0.044521
0.039559
0.034971
0.030746
0.026873
0.023339
0.020130
0.017231
0.014626
0.012300
0.010241
0.008437
0.006873
0.005532
0.004395
0.003444
0.002658
0.002018
0.001504
0.001100
0.000786
0.000549
0.000372
0.000245
0.000155
0.000095
0.000055
0.000030
0.000015
0.000007
0.000003
0.000001
0.000000
0.000000
0.000000
0.000000
0.000000
##END
