##TITLE= dor4 axial c cnst1=80.002
##JCAMP-DX= 5.00 Bruker JCAMP library
##DATA TYPE= Shape Data
##ORIGIN= Bruker Analytik GmbH
##OWNER= <nmrsu>
##DATE= xx
##TIME= xx
##MINX= 0
##MAXX= 1
##MINY= 0
##MAXY= 1
##$SHAPE_EXMODE= Gradient
##$SHAPE_TOTROT= 0
##$SHAPE_BWFAC= 0
##$SHAPE_INTEGFAC= 0
##$SHAPE_MODE= 0
##NPOINTS=1000
##XYDATA= (X++(Y..Y))
0.000000
0.023386
0.046702
0.069882
0.092857
0.115560
0.137923
0.159883
0.181373
0.202331
0.222695
0.242407
0.261407
0.279641
0.297054
0.313596
0.329218
0.343874
0.357522
0.370120
0.381632
0.392023
0.401263
0.409324
0.416182
0.421814
0.426205
0.429338
0.431203
0.431951
0.432034
0.431866
0.431547
0.431053
0.430381
0.429525
0.428480
0.427240
0.425798
0.424147
0.422279
0.420185
0.417855
0.415279
0.412446
0.409344
0.405961
0.402282
0.398294
0.393982
0.389329
0.384320
0.378938
0.373164
0.366981
0.360371
0.353313
0.345790
0.337782
0.329270
0.320234
0.310656
0.300517
0.289798
0.278483
0.266554
0.253997
0.240795
0.226937
0.212410
0.197204
0.181311
0.164724
0.147439
0.129454
0.110769
0.091387
0.071314
0.050558
0.029130
0.007046
-0.015679
-0.039024
-0.062964
-0.087474
-0.112522
-0.138076
-0.164100
-0.190554
-0.217397
-0.244581
-0.272061
-0.299784
-0.327699
-0.355750
-0.383879
-0.412028
-0.440135
-0.468140
-0.495978
-0.523587
-0.550901
-0.577856
-0.604389
-0.630434
-0.655929
-0.680812
-0.705022
-0.728500
-0.751188
-0.773031
-0.793977
-0.813976
-0.832980
-0.850946
-0.867832
-0.883603
-0.898223
-0.911664
-0.923900
-0.934907
-0.944669
-0.953171
-0.960402
-0.966358
-0.971034
-0.974434
-0.976562
-0.977426
-0.977041
-0.975420
-0.972584
-0.968554
-0.963355
-0.957013
-0.949560
-0.941026
-0.931445
-0.920854
-0.909287
-0.896784
-0.883384
-0.869126
-0.854049
-0.838196
-0.821605
-0.804317
-0.786371
-0.767806
-0.748648
-0.728890
-0.708518
-0.687538
-0.665967
-0.643824
-0.621129
-0.597900
-0.574158
-0.549923
-0.525216
-0.500058
-0.474470
-0.448475
-0.422095
-0.395353
-0.368271
-0.340873
-0.313182
-0.285222
-0.257018
-0.228592
-0.199971
-0.171178
-0.142237
-0.113175
-0.084016
-0.054784
-0.025505
0.003795
0.033093
0.062362
0.091577
0.120714
0.149747
0.178651
0.207402
0.235975
0.264346
0.292489
0.320382
0.347999
0.375317
0.402313
0.428964
0.455247
0.481138
0.506617
0.531660
0.556247
0.580356
0.603967
0.627060
0.649614
0.671610
0.693030
0.713854
0.734066
0.753647
0.772582
0.790853
0.808445
0.825342
0.841531
0.856998
0.871729
0.885711
0.898933
0.911383
0.923050
0.933925
0.943998
0.953260
0.961704
0.969322
0.976108
0.982056
0.987161
0.991418
0.994823
0.997375
0.999070
0.999908
0.999887
0.999007
0.997270
0.994676
0.991228
0.986929
0.981783
0.975794
0.968967
0.961308
0.952824
0.943521
0.933408
0.922494
0.910788
0.898300
0.885041
0.871021
0.856254
0.840752
0.824527
0.807595
0.789970
0.771666
0.752699
0.733086
0.712844
0.691990
0.670541
0.648517
0.625936
0.602818
0.579182
0.555048
0.530438
0.505373
0.479874
0.453962
0.427661
0.400993
0.373981
0.346647
0.319016
0.291110
0.262955
0.234574
0.205992
0.177233
0.148321
0.119282
0.090141
0.060923
0.031652
0.002354
-0.026946
-0.056223
-0.085452
-0.114607
-0.143664
-0.172598
-0.201383
-0.229996
-0.258411
-0.286604
-0.314551
-0.342228
-0.369611
-0.396676
-0.423402
-0.449763
-0.475739
-0.501305
-0.526442
-0.551127
-0.575338
-0.599055
-0.622258
-0.644927
-0.667042
-0.688584
-0.709535
-0.729877
-0.749592
-0.768663
-0.787074
-0.804810
-0.821855
-0.838194
-0.853813
-0.868699
-0.882840
-0.896222
-0.908835
-0.920667
-0.931709
-0.941951
-0.951384
-0.960000
-0.967792
-0.974754
-0.980878
-0.986160
-0.990595
-0.994180
-0.996911
-0.998786
-0.999803
-0.999962
-0.999263
-0.997705
-0.995291
-0.992022
-0.987902
-0.982933
-0.977120
-0.970469
-0.962984
-0.954672
-0.945541
-0.935597
-0.924851
-0.913310
-0.900985
-0.887886
-0.874026
-0.859414
-0.844065
-0.827991
-0.811206
-0.793725
-0.775562
-0.756733
-0.737255
-0.717143
-0.696416
-0.675090
-0.653185
-0.630720
-0.607712
-0.584183
-0.560153
-0.535641
-0.510669
-0.485259
-0.459433
-0.433212
-0.406619
-0.379676
-0.352408
-0.324837
-0.296987
-0.268883
-0.240547
-0.212005
-0.183281
-0.154399
-0.125385
-0.096263
-0.067059
-0.037797
-0.008503
0.020799
0.050083
0.079324
0.108497
0.137576
0.166538
0.195356
0.224007
0.252466
0.280707
0.308708
0.336443
0.363890
0.391024
0.417823
0.444263
0.470321
0.495975
0.521204
0.545985
0.570298
0.594120
0.617433
0.640215
0.662448
0.684112
0.705188
0.725659
0.745507
0.764715
0.783267
0.801145
0.818336
0.834824
0.850596
0.865637
0.879935
0.893477
0.906252
0.918249
0.929458
0.939869
0.949472
0.958261
0.966226
0.973362
0.979662
0.985121
0.989735
0.993498
0.996408
0.998463
0.999661
1.000000
0.999481
0.998103
0.995869
0.992779
0.988837
0.984046
0.978410
0.971934
0.964623
0.956484
0.947524
0.937751
0.927172
0.915797
0.903636
0.890699
0.876997
0.862542
0.847346
0.831423
0.814787
0.797450
0.779429
0.760739
0.741395
0.721415
0.700815
0.679614
0.657829
0.635479
0.612584
0.589163
0.565236
0.540823
0.515947
0.490627
0.464886
0.438745
0.412229
0.385358
0.358156
0.330647
0.302853
0.274800
0.246511
0.218010
0.189322
0.160472
0.131483
0.102382
0.073193
0.043941
0.014651
-0.014651
-0.043941
-0.073193
-0.102382
-0.131483
-0.160472
-0.189322
-0.218010
-0.246511
-0.274800
-0.302853
-0.330647
-0.358156
-0.385358
-0.412229
-0.438745
-0.464886
-0.490627
-0.515947
-0.540823
-0.565236
-0.589163
-0.612584
-0.635479
-0.657829
-0.679614
-0.700815
-0.721415
-0.741395
-0.760739
-0.779429
-0.797450
-0.814787
-0.831423
-0.847346
-0.862542
-0.876997
-0.890699
-0.903636
-0.915797
-0.927172
-0.937751
-0.947524
-0.956484
-0.964623
-0.971934
-0.978410
-0.984046
-0.988837
-0.992779
-0.995869
-0.998103
-0.999481
-1.000000
-0.999661
-0.998463
-0.996408
-0.993498
-0.989735
-0.985121
-0.979662
-0.973362
-0.966226
-0.958261
-0.949472
-0.939869
-0.929458
-0.918249
-0.906252
-0.893477
-0.879935
-0.865637
-0.850596
-0.834824
-0.818336
-0.801145
-0.783267
-0.764715
-0.745507
-0.725659
-0.705188
-0.684112
-0.662448
-0.640215
-0.617433
-0.594120
-0.570298
-0.545985
-0.521204
-0.495975
-0.470321
-0.444263
-0.417823
-0.391024
-0.363890
-0.336443
-0.308708
-0.280707
-0.252466
-0.224007
-0.195356
-0.166538
-0.137576
-0.108497
-0.079324
-0.050083
-0.020799
0.008503
0.037797
0.067059
0.096263
0.125385
0.154399
0.183281
0.212005
0.240547
0.268883
0.296987
0.324837
0.352408
0.379676
0.406619
0.433212
0.459433
0.485259
0.510669
0.535641
0.560153
0.584183
0.607712
0.630720
0.653185
0.675090
0.696416
0.717143
0.737255
0.756733
0.775562
0.793725
0.811206
0.827991
0.844065
0.859414
0.874026
0.887886
0.900985
0.913310
0.924851
0.935597
0.945541
0.954672
0.962984
0.970469
0.977120
0.982933
0.987902
0.992022
0.995291
0.997705
0.999263
0.999962
0.999803
0.998786
0.996911
0.994180
0.990595
0.986160
0.980878
0.974754
0.967792
0.960000
0.951384
0.941951
0.931709
0.920667
0.908835
0.896222
0.882840
0.868699
0.853813
0.838194
0.821855
0.804810
0.787074
0.768663
0.749592
0.729877
0.709535
0.688584
0.667042
0.644927
0.622258
0.599055
0.575338
0.551127
0.526442
0.501305
0.475739
0.449763
0.423402
0.396676
0.369611
0.342228
0.314551
0.286604
0.258411
0.229996
0.201383
0.172598
0.143664
0.114607
0.085452
0.056223
0.026946
-0.002354
-0.031652
-0.060923
-0.090141
-0.119282
-0.148321
-0.177233
-0.205992
-0.234574
-0.262955
-0.291110
-0.319016
-0.346647
-0.373981
-0.400993
-0.427661
-0.453962
-0.479874
-0.505373
-0.530438
-0.555048
-0.579182
-0.602818
-0.625936
-0.648517
-0.670541
-0.691990
-0.712844
-0.733086
-0.752699
-0.771666
-0.789970
-0.807595
-0.824527
-0.840752
-0.856254
-0.871021
-0.885041
-0.898300
-0.910788
-0.922494
-0.933408
-0.943521
-0.952824
-0.961308
-0.968967
-0.975794
-0.981783
-0.986929
-0.991228
-0.994676
-0.997270
-0.999007
-0.999887
-0.999908
-0.999070
-0.997375
-0.994823
-0.991418
-0.987161
-0.982056
-0.976108
-0.969322
-0.961704
-0.953260
-0.943998
-0.933925
-0.923050
-0.911383
-0.898933
-0.885711
-0.871729
-0.856998
-0.841531
-0.825342
-0.808445
-0.790853
-0.772582
-0.753647
-0.734066
-0.713854
-0.693030
-0.671610
-0.649614
-0.627060
-0.603967
-0.580356
-0.556247
-0.531660
-0.506617
-0.481138
-0.455247
-0.428964
-0.402313
-0.375317
-0.347999
-0.320382
-0.292489
-0.264346
-0.235975
-0.207402
-0.178651
-0.149747
-0.120714
-0.091577
-0.062362
-0.033093
-0.003795
0.025505
0.054784
0.084016
0.113175
0.142237
0.171178
0.199971
0.228592
0.257018
0.285222
0.313182
0.340873
0.368271
0.395353
0.422095
0.448475
0.474470
0.500058
0.525216
0.549923
0.574158
0.597900
0.621129
0.643824
0.665967
0.687538
0.708518
0.728890
0.748648
0.767806
0.786371
0.804317
0.821605
0.838196
0.854049
0.869126
0.883384
0.896784
0.909287
0.920854
0.931445
0.941026
0.949560
0.957013
0.963355
0.968554
0.972584
0.975420
0.977041
0.977426
0.976562
0.974434
0.971034
0.966358
0.960402
0.953171
0.944669
0.934907
0.923900
0.911664
0.898223
0.883603
0.867832
0.850946
0.832980
0.813976
0.793977
0.773031
0.751188
0.728500
0.705022
0.680812
0.655929
0.630434
0.604389
0.577856
0.550901
0.523587
0.495978
0.468140
0.440135
0.412028
0.383879
0.355750
0.327699
0.299784
0.272061
0.244581
0.217397
0.190554
0.164100
0.138076
0.112522
0.087474
0.062964
0.039024
0.015679
-0.007046
-0.029130
-0.050558
-0.071314
-0.091387
-0.110769
-0.129454
-0.147439
-0.164724
-0.181311
-0.197204
-0.212410
-0.226937
-0.240795
-0.253997
-0.266554
-0.278483
-0.289798
-0.300517
-0.310656
-0.320234
-0.329270
-0.337782
-0.345790
-0.353313
-0.360371
-0.366981
-0.373164
-0.378938
-0.384320
-0.389329
-0.393982
-0.398294
-0.402282
-0.405961
-0.409344
-0.412446
-0.415279
-0.417855
-0.420185
-0.422279
-0.424147
-0.425798
-0.427240
-0.428480
-0.429525
-0.430381
-0.431053
-0.431547
-0.431866
-0.432034
-0.431951
-0.431203
-0.429338
-0.426205
-0.421814
-0.416182
-0.409324
-0.401263
-0.392023
-0.381632
-0.370120
-0.357522
-0.343874
-0.329218
-0.313596
-0.297054
-0.279641
-0.261407
-0.242407
-0.222695
-0.202331
-0.181373
-0.159883
-0.137923
-0.115560
-0.092857
-0.069882
-0.046702
-0.023386
0.000000
##END
