##LIST_SIZE=451
##LISTDATA
0 0 6.000000 0.000000 0.000000 0.000000 0.000000 0.000000 0.000000 0.000000 0.000000 0.000000 0.000000 3000.000000 0.000000
1 2 24.000000 -0.000000 0.000000 -0.380828 -0.000000 -0.000000 -0.146458 -0.000000 0.000000 0.912793 0.000000 1700.000000 0.999835
0 0 6.000000 0.000000 0.000000 0.000000 0.000000 0.000000 0.000000 0.000000 0.000000 0.000000 10.000000 3000.000000 0.000000
1 2 26.000000 -0.000000 -0.000000 -0.341048 0.000000 -0.000000 0.765041 -0.000000 0.000000 0.545918 0.000000 3000.000000 0.999814
1 2 24.000000 -0.233867 -0.761100 -0.127437 0.602860 -0.295253 0.328506 -0.498310 0.000000 0.457239 12.000000 1900.000000 0.999835
1 2 24.000000 -0.519485 -0.816843 -0.000000 0.735964 -0.576574 0.000000 -0.433777 0.000000 0.000000 12.000000 1900.000000 0.999835
1 0 20.000000 -0.000000 -0.000000 0.306381 -0.000000 0.000000 0.446014 -0.000000 0.000000 -0.094246 14.000000 800.000000 0.549254
1 2 16.000000 0.000000 0.000000 0.038795 -0.000000 0.000000 -0.048449 -0.000000 0.000000 0.997537 14.000000 1500.000000 0.999466
1 0 24.000000 -0.104553 -0.497795 -0.000000 0.224238 -0.232102 0.000000 -0.490364 0.000000 0.000000 0.000000 1700.000000 0.549246
1 0 14.000000 0.000000 0.000000 0.218782 -0.000000 0.000000 -0.190925 -0.000000 0.000000 0.465861 36.000000 1200.000000 0.548948
1 2 26.000000 -0.000000 0.000000 0.373051 -0.000000 -0.000000 0.241132 0.000000 0.000000 0.895722 0.000000 3000.000000 0.999814
1 2 14.000000 0.835422 0.388001 0.000000 -0.351990 0.920893 -0.000000 -0.420429 0.000000 0.000000 0.000000 1200.000000 0.999294
1 0 24.000000 0.331919 -0.279668 0.000000 0.196372 0.472712 0.000000 -0.391074 0.000000 0.000000 0.000000 1700.000000 0.549246
1 2 20.000000 0.000000 -0.000000 -0.513139 0.000000 0.000000 -0.315032 0.000000 0.000000 0.798213 0.000000 2400.000000 0.999850
1 0 20.000000 0.373684 -0.287369 -0.000000 0.229416 0.468080 -0.000000 0.330770 0.000000 0.000000 0.000000 2400.000000 0.549254
1 0 14.000000 -0.421578 0.142184 -0.038419 -0.141018 -0.425064 -0.012851 -0.057292 0.000000 0.314336 0.000000 1200.000000 0.548948
1 2 14.000000 0.000000 -0.000000 0.266447 0.000000 0.000000 0.513496 -0.000000 0.000000 0.814810 0.000000 1200.000000 0.999294
1 2 28.000000 0.000000 -0.000000 -0.530092 0.000000 0.000000 -0.735054 0.000000 0.000000 0.422657 0.000000 2500.000000 0.999971
1 0 20.000000 -0.000000 0.000000 -0.159966 -0.000000 -0.000000 -0.524135 -0.000000 0.000000 0.037053 0.000000 800.000000 0.549254
1 0 14.000000 0.000000 0.000000 0.000000 0.000000 0.000000 0.000000 0.000000 0.000000 0.000000 0.000000 1200.000000 0.000000
1 2 16.000000 0.932578 0.100957 -0.000000 -0.094685 0.994354 0.000000 0.346792 0.000000 0.000000 0.000000 2000.000000 0.999466
1 0 14.000000 0.000000 -0.000000 -0.100854 0.000000 0.000000 -0.483223 0.000000 0.000000 0.240142 0.000000 1200.000000 0.548948
1 2 16.000000 0.816060 0.000000 0.000000 0.000000 0.816060 0.000000 0.000000 0.000000 0.577042 14.000000 1500.000000 0.999466
1 0 26.000000 -0.000000 -0.000000 0.000450 0.000000 -0.000000 -0.034784 0.000000 0.000000 0.548131 0.000000 3000.000000 0.549234
1 2 20.000000 -0.000000 -0.000000 0.562172 0.000000 -0.000000 -0.645545 0.000000 0.000000 0.516657 0.000000 2400.000000 0.999850
1 0 24.000000 -0.010816 0.525324 -0.000000 -0.035439 -0.160328 -0.000000 -0.547994 0.000000 0.000000 0.000000 1700.000000 0.549246
1 2 30.000000 0.000000 0.000000 0.035962 -0.000000 0.000000 -0.491484 -0.000000 0.000000 0.869992 0.000000 2900.000000 0.999867
1 2 16.000000 0.000000 0.000000 -0.556317 -0.000000 0.000000 0.585742 0.000000 0.000000 0.588514 0.000000 2000.000000 0.999466
1 0 14.000000 -0.285217 -0.448479 -0.000000 0.404073 -0.316561 0.000000 -0.238161 0.000000 0.000000 36.000000 1200.000000 0.548948
1 2 14.000000 0.000000 0.000000 0.002766 -0.000000 0.000000 -0.008479 -0.000000 0.000000 0.999254 0.000000 1200.000000 0.999294
1 2 14.000000 -0.000000 0.000000 -0.121135 -0.000000 -0.000000 -0.040520 -0.000000 0.000000 0.991097 0.000000 3000.000000 0.999294
1 0 16.000000 -0.000000 0.000000 -0.112319 -0.000000 -0.000000 -0.377305 -0.000000 0.000000 0.382718 0.000000 2000.000000 0.549043
1 0 10.000000 0.000000 0.000000 0.000000 0.000000 0.000000 0.000000 0.000000 0.000000 0.000000 0.000000 2000.000000 0.000000
1 2 14.000000 0.000000 0.000000 0.038788 -0.000000 0.000000 -0.048441 -0.000000 0.000000 0.997365 0.000000 1200.000000 0.999294
1 0 24.000000 -0.032508 0.043805 -0.000000 -0.002601 -0.547496 -0.000000 -0.548277 0.000000 0.000000 0.000000 1700.000000 0.549246
1 2 24.000000 -0.851961 0.358890 -0.000000 -0.327647 -0.933203 -0.000000 -0.408020 0.000000 0.000000 0.000000 1700.000000 0.999835
1 2 16.000000 0.375347 -0.887146 0.000000 0.723367 0.460330 0.000000 -0.578608 0.000000 0.000000 0.000000 2000.000000 0.999466
1 0 28.000000 0.000000 0.000000 0.218930 -0.000000 0.000000 -0.191055 -0.000000 0.000000 0.466176 0.000000 2500.000000 0.549320
1 0 24.000000 0.000000 0.000000 0.000000 0.000000 0.000000 0.000000 0.000000 0.000000 0.000000 12.000000 1900.000000 0.000000
1 2 14.000000 0.000000 -0.000000 -0.183592 0.000000 0.000000 -0.879649 0.000000 0.000000 0.437150 0.000000 1200.000000 0.999294
1 0 14.000000 0.135716 -0.445245 -0.000000 0.188192 0.321093 -0.000000 0.497503 0.000000 0.000000 36.000000 1200.000000 0.548948
1 2 14.000000 -0.767431 0.258830 -0.069937 -0.256706 -0.773778 -0.023394 -0.104293 0.000000 0.572210 0.000000 1200.000000 0.999294
1 2 24.000000 0.359237 0.781179 0.000000 -0.449694 0.624043 -0.000000 -0.817554 0.000000 0.000000 0.000000 1700.000000 0.999835
1 2 20.000000 -0.434330 0.313367 0.304605 -0.280741 -0.484804 0.196890 0.256467 0.000000 0.731380 0.000000 2400.000000 0.999850
1 2 16.000000 0.000000 0.000000 -0.345018 -0.000000 0.000000 0.035030 0.000000 0.000000 0.937372 0.000000 2000.000000 0.999466
1 2 20.000000 -0.752282 0.542767 0.000000 -0.486258 -0.839705 0.000000 0.444213 0.000000 0.000000 0.000000 2400.000000 0.999850
1 0 10.000000 0.000000 0.000000 0.000000 0.000000 0.000000 0.000000 0.000000 0.000000 0.000000 44.000000 800.000000 0.000000
1 2 26.000000 -0.128333 -0.527228 -0.278465 0.287877 -0.235033 0.624654 -0.483598 0.000000 0.445740 12.000000 3000.000000 0.999814
1 0 24.000000 -0.000000 0.000000 0.464796 0.000000 0.000000 -0.239982 -0.000000 0.000000 -0.167464 0.000000 1700.000000 0.549246
1 2 24.000000 0.000000 -0.000000 0.612703 0.000000 0.000000 0.362491 -0.000000 0.000000 0.702043 0.000000 1700.000000 0.999835
1 0 20.000000 -0.000000 -0.000000 0.209206 -0.000000 0.000000 0.080456 -0.000000 0.000000 -0.501438 14.000000 800.000000 0.549254
1 2 24.000000 0.604218 -0.509102 0.000000 0.357471 0.860514 0.000000 -0.711903 0.000000 0.000000 0.000000 1700.000000 0.999835
1 2 24.000000 -0.000000 -0.000000 -0.377218 0.000000 -0.000000 0.809028 -0.000000 0.000000 0.450389 0.000000 1700.000000 0.999835
1 0 24.000000 0.135790 -0.445487 -0.000000 0.188294 0.321267 -0.000000 0.497772 0.000000 0.000000 12.000000 1900.000000 0.549246
1 2 32.000000 -0.000000 0.000000 0.373090 -0.000000 -0.000000 0.241157 0.000000 0.000000 0.895815 0.000000 3000.000000 0.999919
1 2 20.000000 0.392740 -0.302024 -0.418976 0.241115 0.491950 -0.257222 0.347638 0.000000 0.651738 0.000000 2400.000000 0.999850
1 2 30.000000 -0.233875 -0.761124 -0.127441 0.602880 -0.295262 0.328516 -0.498326 0.000000 0.457253 0.000000 2900.000000 0.999867
1 0 14.000000 -0.285217 -0.448479 -0.000000 0.404073 -0.316561 0.000000 -0.238161 0.000000 0.000000 16.000000 1200.000000 0.548948
1 2 16.000000 -0.198777 0.957922 -0.000000 -0.667733 -0.285162 -0.000000 -0.716625 0.000000 0.000000 0.000000 2000.000000 0.999466
1 0 26.000000 -0.107610 -0.239134 0.252143 0.123569 -0.208249 -0.289537 0.271484 0.000000 0.231729 0.000000 3000.000000 0.549234
1 0 26.000000 -0.000000 -0.000000 0.000450 0.000000 -0.000000 -0.034784 0.000000 0.000000 0.548131 12.000000 3000.000000 0.549234
1 0 24.000000 -0.000000 0.000000 -0.209203 -0.000000 -0.000000 -0.080455 -0.000000 0.000000 0.501430 0.000000 1700.000000 0.549246
1 2 24.000000 -0.000000 0.000000 -0.163650 -0.000000 -0.000000 -0.068013 -0.000000 0.000000 0.984004 12.000000 1900.000000 0.999835
1 2 20.000000 -0.233871 -0.761111 -0.127439 0.602869 -0.295257 0.328511 -0.498317 0.000000 0.457245 26.000000 2600.000000 0.999850
1 0 14.000000 -0.000000 0.000000 0.126051 -0.000000 -0.000000 0.368898 0.000000 0.000000 0.386483 0.000000 3000.000000 0.548948
1 0 10.000000 0.000000 0.000000 0.000000 0.000000 0.000000 0.000000 0.000000 0.000000 0.000000 10.000000 2000.000000 0.000000
1 0 10.000000 0.318727 0.000000 0.000000 0.000000 0.318727 0.000000 0.000000 0.000000 0.225374 10.000000 3500.000000 0.390359
1 2 30.000000 0.000000 0.000000 -0.556541 -0.000000 0.000000 0.585977 0.000000 0.000000 0.588751 0.000000 2500.000000 0.999867
0 0 6.000000 0.000000 0.000000 0.000000 0.000000 0.000000 0.000000 0.000000 0.000000 0.000000 4.000000 3000.000000 0.000000
1 0 14.000000 -0.109176 0.526131 -0.000000 -0.366747 -0.156623 -0.000000 -0.393600 0.000000 0.000000 0.000000 1200.000000 0.548948
1 2 14.000000 0.751996 -0.653966 -0.000000 0.650855 0.755590 -0.000000 0.097357 0.000000 0.000000 0.000000 1200.000000 0.999294
1 0 20.000000 0.215746 -0.165913 -0.230159 0.132453 0.270246 -0.141302 0.190970 0.000000 0.358023 0.000000 2400.000000 0.549254
1 2 16.000000 0.405286 0.724697 -0.000000 -0.426722 0.688292 0.000000 0.807826 0.000000 0.000000 0.000000 2000.000000 0.999466
1 2 30.000000 -0.000000 0.000000 -0.204546 -0.000000 -0.000000 -0.687114 -0.000000 0.000000 0.696972 0.000000 2500.000000 0.999867
1 2 16.000000 0.000000 -0.000000 0.266493 0.000000 0.000000 0.513584 -0.000000 0.000000 0.814950 0.000000 2000.000000 0.999466
1 2 26.000000 -0.007444 -0.577195 0.000668 0.576036 -0.007459 -0.051701 0.036561 0.000000 0.814706 12.000000 3000.000000 0.999814
1 2 28.000000 0.816473 0.000000 0.000000 0.000000 0.816473 0.000000 0.000000 0.000000 0.577333 0.000000 2500.000000 0.999971
1 2 14.000000 0.072924 -0.798709 -0.105997 0.349403 0.166699 -0.507865 0.733706 0.000000 0.252389 0.000000 1200.000000 0.999294
1 0 26.000000 -0.004090 -0.317074 0.000367 0.316437 -0.004098 -0.028401 0.020085 0.000000 0.447547 0.000000 3000.000000 0.549234
1 2 30.000000 0.000000 0.000000 0.002768 -0.000000 0.000000 -0.008484 -0.000000 0.000000 0.999827 0.000000 2500.000000 0.999867
1 0 14.000000 0.000000 -0.000000 -0.291001 0.000000 0.000000 -0.403519 0.000000 0.000000 0.232024 36.000000 1200.000000 0.548948
1 2 30.000000 0.000000 0.000000 0.411595 -0.000000 0.000000 -0.176193 -0.000000 0.000000 0.894025 0.000000 2900.000000 0.999867
1 0 14.000000 -0.102034 0.424137 0.072776 -0.298611 -0.144926 0.212984 0.318303 0.000000 0.223136 0.000000 1200.000000 0.548948
1 0 20.000000 -0.000000 -0.000000 0.209206 -0.000000 0.000000 0.080456 -0.000000 0.000000 -0.501438 0.000000 800.000000 0.549254
1 2 24.000000 -0.097139 -0.824125 0.000000 -0.141410 0.566117 0.000000 -0.985006 0.000000 -0.000000 0.000000 1700.000000 0.999835
1 2 26.000000 0.000000 -0.000000 -0.513120 0.000000 0.000000 -0.315021 0.000000 0.000000 0.798185 12.000000 3000.000000 0.999814
1 2 24.000000 0.499765 0.769818 -0.000000 0.603016 -0.638005 -0.000000 -0.621512 0.000000 -0.000000 0.000000 1700.000000 0.999835
1 0 16.000000 0.168108 0.100422 0.000000 -0.031275 0.539781 -0.000000 -0.521737 0.000000 0.000000 0.000000 2000.000000 0.549043
1 2 14.000000 -0.198742 0.957757 -0.000000 -0.667618 -0.285113 -0.000000 -0.716502 0.000000 0.000000 0.000000 1200.000000 0.999294
1 2 20.000000 0.775731 -0.246295 0.044983 0.245471 0.778335 0.014234 -0.066725 0.000000 0.575332 26.000000 2600.000000 0.999850
0 0 6.000000 0.000000 0.000000 0.000000 0.000000 0.000000 0.000000 0.000000 0.000000 0.000000 4.000000 800.000000 0.000000
1 0 14.000000 0.238143 -0.449559 0.000000 0.339844 0.315025 0.000000 -0.359358 0.000000 0.000000 16.000000 1200.000000 0.548948
1 0 16.000000 0.448291 0.000000 0.000000 0.000000 0.448291 0.000000 0.000000 0.000000 0.316990 14.000000 1500.000000 0.549043
1 0 14.000000 0.448214 0.000000 0.000000 0.000000 0.448214 0.000000 0.000000 0.000000 0.316935 0.000000 1200.000000 0.548948
1 0 20.000000 0.000000 0.000000 0.000000 0.000000 0.000000 0.000000 0.000000 0.000000 0.000000 14.000000 800.000000 0.000000
1 0 20.000000 -0.186392 -0.414207 0.000000 0.214035 -0.360711 -0.000000 0.470241 0.000000 0.000000 0.000000 2400.000000 0.549254
1 2 26.000000 -0.434314 0.313355 0.304595 -0.280731 -0.484787 0.196883 0.256458 0.000000 0.731354 12.000000 3000.000000 0.999814
1 0 20.000000 0.000000 0.000000 -0.217866 0.000000 -0.000000 -0.262878 -0.000000 0.000000 -0.430243 0.000000 800.000000 0.549254
1 0 14.000000 -0.000000 0.000000 -0.089850 -0.000000 -0.000000 -0.037342 -0.000000 0.000000 0.540256 16.000000 1200.000000 0.548948
1 2 20.000000 -0.195897 -0.435329 0.459012 0.224950 -0.379106 -0.527085 0.494222 0.000000 0.421849 0.000000 2400.000000 0.999850
1 0 20.000000 -0.000000 0.000000 0.464803 0.000000 0.000000 -0.239986 -0.000000 0.000000 -0.167467 14.000000 800.000000 0.549254
1 2 20.000000 0.775731 -0.246295 0.044983 0.245471 0.778335 0.014234 -0.066725 0.000000 0.575332 8.000000 2600.000000 0.999850
1 1 24.000000 -0.705288 0.297835 -0.000000 -0.293119 -0.716635 -0.000000 -0.137557 0.000000 0.000000 0.000000 1500.000000 0.776061
1 1 24.000000 0.496218 0.510269 0.000000 -0.433036 0.584719 -0.000000 -0.410511 0.000000 0.000000 0.000000 1500.000000 0.776061
1 2 24.000000 0.359237 -0.781179 -0.000000 -0.449694 -0.624043 0.000000 -0.817554 0.000000 -0.000000 0.000000 1700.000000 0.999835
1 2 30.000000 -0.000000 0.000000 0.545371 -0.000000 -0.000000 0.503504 0.000000 0.000000 0.669917 0.000000 2900.000000 0.999867
1 0 16.000000 0.000000 0.000000 0.512936 -0.000000 0.000000 -0.095427 -0.000000 0.000000 0.170992 0.000000 2000.000000 0.549043
1 0 26.000000 -0.070498 -0.289625 -0.152971 0.158141 -0.129112 0.343145 -0.265658 0.000000 0.244861 0.000000 3000.000000 0.549234
1 0 14.000000 -0.000000 0.000000 -0.066544 -0.000000 -0.000000 -0.022259 -0.000000 0.000000 0.544445 0.000000 3000.000000 0.548948
1 2 26.000000 -0.000000 -0.000000 -0.029668 0.000000 -0.000000 0.014502 -0.000000 0.000000 0.999269 12.000000 3000.000000 0.999814
1 2 16.000000 0.000000 0.000000 0.933737 -0.000000 0.000000 -0.173714 -0.000000 0.000000 0.311271 0.000000 2000.000000 0.999466
1 2 26.000000 -0.000000 -0.000000 -0.029668 0.000000 -0.000000 0.014502 -0.000000 0.000000 0.999269 0.000000 3000.000000 0.999814
1 0 16.000000 0.170266 0.521972 0.000000 -0.521951 0.170273 -0.000000 -0.004900 0.000000 0.000000 0.000000 2000.000000 0.549043
1 2 24.000000 0.000000 0.000000 0.510273 -0.000000 0.000000 -0.638761 -0.000000 0.000000 0.575566 0.000000 1700.000000 0.999835
1 0 26.000000 -0.238585 0.172137 0.167325 -0.154216 -0.266311 0.108155 0.140881 0.000000 0.401759 12.000000 3000.000000 0.549234
1 2 30.000000 0.000000 0.000000 0.387666 -0.000000 0.000000 -0.163336 -0.000000 0.000000 0.907067 0.000000 2500.000000 0.999867
1 0 10.000000 0.000000 0.000000 0.000000 0.000000 0.000000 0.000000 0.000000 0.000000 0.000000 44.000000 2000.000000 0.000000
1 0 20.000000 -0.000000 -0.000000 -0.016298 0.000000 -0.000000 0.007967 -0.000000 0.000000 0.548954 0.000000 2400.000000 0.549254
1 0 14.000000 0.000000 0.000000 0.001519 -0.000000 0.000000 -0.004658 -0.000000 0.000000 0.548926 0.000000 1200.000000 0.548948
1 2 14.000000 0.000000 0.000000 0.933577 -0.000000 0.000000 -0.173684 -0.000000 0.000000 0.311217 0.000000 1200.000000 0.999294
1 2 24.000000 -0.019689 0.956289 -0.000000 -0.064512 -0.291859 -0.000000 -0.997557 0.000000 0.000000 0.000000 1700.000000 0.999835
1 2 14.000000 0.000000 -0.000000 -0.183592 0.000000 0.000000 -0.879649 0.000000 0.000000 0.437150 0.000000 3000.000000 0.999294
1 2 24.000000 -0.185842 0.772509 0.132551 -0.543879 -0.263964 0.387921 0.579745 0.000000 0.406412 0.000000 1700.000000 0.999835
1 2 16.000000 0.000000 0.000000 0.002766 -0.000000 0.000000 -0.008480 -0.000000 0.000000 0.999426 0.000000 2000.000000 0.999466
1 0 14.000000 0.000000 0.000000 0.000000 0.000000 0.000000 0.000000 0.000000 0.000000 0.000000 16.000000 1200.000000 0.000000
0 0 6.000000 0.000000 0.000000 0.000000 0.000000 0.000000 0.000000 0.000000 0.000000 0.000000 4.000000 1500.000000 0.000000
1 0 14.000000 -0.498886 0.210674 -0.000000 -0.207338 -0.506913 -0.000000 -0.097301 0.000000 0.000000 16.000000 1200.000000 0.548948
1 2 26.000000 0.816345 0.000000 0.000000 0.000000 0.816345 0.000000 0.000000 0.000000 0.577243 0.000000 3000.000000 0.999814
1 0 20.000000 -0.000000 0.000000 -0.159966 -0.000000 -0.000000 -0.524135 -0.000000 0.000000 0.037053 14.000000 800.000000 0.549254
1 2 30.000000 0.000000 -0.816388 0.000000 0.816388 0.000000 0.000000 0.000000 0.000000 0.577274 0.000000 2500.000000 0.999867
1 0 14.000000 0.000000 0.000000 0.000000 0.000000 0.000000 0.000000 0.000000 0.000000 0.000000 0.000000 500.000000 0.000000
1 0 14.000000 -0.498886 0.210674 -0.000000 -0.207338 -0.506913 -0.000000 -0.097301 0.000000 0.000000 36.000000 1200.000000 0.548948
1 0 14.000000 0.000000 -0.000000 -0.040439 0.000000 0.000000 -0.035000 0.000000 0.000000 0.546337 0.000000 1200.000000 0.548948
1 2 24.000000 0.000000 0.000000 0.398481 -0.000000 0.000000 -0.347744 -0.000000 0.000000 0.848502 12.000000 1900.000000 0.999835
1 0 20.000000 -0.107614 -0.239142 0.252152 0.123573 -0.208257 -0.289547 0.271494 0.000000 0.231737 0.000000 2400.000000 0.549254
1 0 14.000000 0.000000 0.000000 -0.305553 -0.000000 0.000000 0.321714 0.000000 0.000000 0.323237 0.000000 1200.000000 0.548948
1 2 20.000000 -0.000000 -0.000000 0.000818 0.000000 -0.000000 -0.063323 0.000000 0.000000 0.997843 0.000000 2400.000000 0.999850
1 0 16.000000 0.000000 0.000000 0.001520 -0.000000 0.000000 -0.004659 -0.000000 0.000000 0.549021 0.000000 2000.000000 0.549043
1 2 16.000000 0.000000 0.000000 0.387511 -0.000000 0.000000 -0.163270 -0.000000 0.000000 0.906703 0.000000 2000.000000 0.999466
1 1 24.000000 0.336669 -0.635553 0.000000 0.480446 0.445358 0.000000 -0.508032 0.000000 0.000000 0.000000 1500.000000 0.776061
1 0 20.000000 -0.000000 -0.000000 0.306381 -0.000000 0.000000 0.446014 -0.000000 0.000000 -0.094246 0.000000 800.000000 0.549254
0 0 6.000000 0.000000 0.000000 0.000000 0.000000 0.000000 0.000000 0.000000 0.000000 0.000000 0.000000 1500.000000 0.000000
1 2 20.000000 -0.007445 -0.577216 0.000668 0.576057 -0.007460 -0.051703 0.036563 0.000000 0.814735 0.000000 2400.000000 0.999850
1 0 26.000000 0.000000 0.000000 0.000000 0.000000 0.000000 0.000000 0.000000 0.000000 0.000000 12.000000 3000.000000 0.000000
1 0 24.000000 0.426131 -0.135297 0.024711 0.134844 0.427561 0.007819 -0.036654 0.000000 0.316046 12.000000 1900.000000 0.549246
1 0 24.000000 -0.000000 0.000000 -0.159963 -0.000000 -0.000000 -0.524127 -0.000000 0.000000 0.037052 0.000000 1700.000000 0.549246
1 2 26.000000 0.392726 -0.302013 -0.418961 0.241107 0.491933 -0.257213 0.347625 0.000000 0.651715 0.000000 3000.000000 0.999814
1 2 26.000000 -0.518323 -0.253491 -0.024224 0.253352 -0.518606 0.011841 -0.019066 0.000000 0.815900 0.000000 3000.000000 0.999814
1 0 24.000000 -0.421806 0.142261 -0.038440 -0.141095 -0.425295 -0.012858 -0.057323 0.000000 0.314506 0.000000 1700.000000 0.549246
1 2 26.000000 0.816345 0.000000 0.000000 0.000000 0.816345 0.000000 0.000000 0.000000 0.577243 12.000000 3000.000000 0.999814
1 0 28.000000 0.000000 -0.000000 -0.291198 0.000000 0.000000 -0.403792 0.000000 0.000000 0.232181 0.000000 2500.000000 0.549320
1 2 14.000000 -0.000000 0.000000 -0.121135 -0.000000 -0.000000 -0.040520 -0.000000 0.000000 0.991097 0.000000 1200.000000 0.999294
1 0 28.000000 0.448518 0.000000 0.000000 0.000000 0.448518 0.000000 0.000000 0.000000 0.317150 0.000000 2500.000000 0.549320
1 0 24.000000 0.197342 0.429130 0.000000 -0.247033 0.342810 -0.000000 -0.449112 0.000000 0.000000 0.000000 1700.000000 0.549246
1 0 26.000000 -0.107610 -0.239134 0.252143 0.123569 -0.208249 -0.289537 0.271484 0.000000 0.231729 12.000000 3000.000000 0.549234
1 2 14.000000 -0.000000 0.000000 -0.204429 -0.000000 -0.000000 -0.686720 -0.000000 0.000000 0.696572 0.000000 1200.000000 0.999294
1 0 14.000000 0.000000 -0.000000 -0.100854 0.000000 0.000000 -0.483223 0.000000 0.000000 0.240142 0.000000 500.000000 0.548948
1 0 16.000000 0.000000 0.000000 0.212874 -0.000000 0.000000 -0.089690 -0.000000 0.000000 0.498085 0.000000 2000.000000 0.549043
1 0 16.000000 0.000000 0.000000 0.000000 0.000000 0.000000 0.000000 0.000000 0.000000 0.000000 0.000000 2000.000000 0.000000
1 0 28.000000 0.000000 0.000000 0.000000 0.000000 0.000000 0.000000 0.000000 0.000000 0.000000 0.000000 2500.000000 0.000000
1 0 20.000000 0.000000 0.000000 -0.217866 0.000000 -0.000000 -0.262878 -0.000000 0.000000 -0.430243 14.000000 800.000000 0.549254
1 2 24.000000 0.509278 0.637243 0.022406 -0.636013 0.510263 -0.027982 -0.050696 0.000000 0.576141 0.000000 1700.000000 0.999835
1 0 30.000000 0.000000 0.000000 0.212959 -0.000000 0.000000 -0.089726 -0.000000 0.000000 0.498285 0.000000 2500.000000 0.549263
1 2 32.000000 0.000000 -0.816430 0.000000 0.816430 0.000000 0.000000 0.000000 0.000000 0.577304 0.000000 3000.000000 0.999919
1 2 26.000000 -0.000000 -0.000000 0.562152 0.000000 -0.000000 -0.645522 0.000000 0.000000 0.516639 0.000000 3000.000000 0.999814
1 0 26.000000 -0.000000 0.000000 0.204930 -0.000000 -0.000000 0.132462 0.000000 0.000000 0.492052 0.000000 3000.000000 0.549234
1 0 20.000000 -0.413256 0.298161 0.000000 -0.267119 -0.461280 0.000000 0.244022 0.000000 0.000000 0.000000 2400.000000 0.549254
1 0 14.000000 0.000000 0.000000 0.000000 0.000000 0.000000 0.000000 0.000000 0.000000 0.000000 0.000000 3000.000000 0.000000
1 0 30.000000 0.000000 0.000000 -0.305728 -0.000000 0.000000 0.321898 0.000000 0.000000 0.323422 0.000000 2500.000000 0.549263
1 0 14.000000 0.000000 -0.000000 -0.291001 0.000000 0.000000 -0.403519 0.000000 0.000000 0.232024 16.000000 1200.000000 0.548948
1 0 26.000000 0.215739 -0.165907 -0.230150 0.132449 0.270236 -0.141297 0.190963 0.000000 0.358011 0.000000 3000.000000 0.549234
1 2 20.000000 0.680246 -0.523120 -0.000000 0.417624 0.852083 -0.000000 0.602126 0.000000 0.000000 0.000000 2400.000000 0.999850
1 2 16.000000 0.000000 -0.000000 -0.073627 0.000000 0.000000 -0.063724 0.000000 0.000000 0.994711 0.000000 2000.000000 0.999466
1 0 14.000000 0.000000 -0.000000 0.146369 0.000000 0.000000 0.282082 -0.000000 0.000000 0.447605 0.000000 1200.000000 0.548948
1 0 10.000000 0.000000 0.000000 0.000000 0.000000 0.000000 0.000000 0.000000 0.000000 0.000000 0.000000 3500.000000 0.000000
1 2 16.000000 -0.000000 0.000000 0.229501 -0.000000 -0.000000 0.671650 0.000000 0.000000 0.703667 14.000000 1500.000000 0.999466
1 0 26.000000 -0.000000 -0.000000 -0.187350 0.000000 -0.000000 0.420265 -0.000000 0.000000 0.299893 12.000000 3000.000000 0.549234
1 0 20.000000 -0.493191 -0.241199 -0.000000 0.241068 -0.493460 0.000000 -0.018141 0.000000 0.000000 0.000000 2400.000000 0.549254
1 0 20.000000 -0.000000 0.000000 0.464803 0.000000 0.000000 -0.239986 -0.000000 0.000000 -0.167467 0.000000 800.000000 0.549254
1 0 14.000000 0.040060 -0.438760 -0.058228 0.191940 0.091574 -0.278989 0.403051 0.000000 0.138646 0.000000 1200.000000 0.548948
1 0 30.000000 -0.000000 0.000000 -0.112364 -0.000000 -0.000000 -0.377457 -0.000000 0.000000 0.382872 0.000000 2500.000000 0.549263
1 0 30.000000 0.000000 -0.000000 0.146453 0.000000 0.000000 0.282244 -0.000000 0.000000 0.447862 0.000000 2500.000000 0.549263
1 0 24.000000 -0.000000 -0.000000 0.209203 -0.000000 0.000000 0.080455 -0.000000 0.000000 -0.501430 0.000000 1700.000000 0.549246
1 0 30.000000 0.448472 0.000000 0.000000 0.000000 0.448472 0.000000 0.000000 0.000000 0.317117 0.000000 2500.000000 0.549263
1 2 26.000000 -0.195890 -0.435314 0.458995 0.224942 -0.379093 -0.527066 0.494204 0.000000 0.421834 12.000000 3000.000000 0.999814
1 0 10.000000 0.447422 0.000000 0.000000 0.000000 0.447422 0.000000 0.000000 0.000000 0.316375 44.000000 800.000000 0.547977
1 0 24.000000 0.000000 0.000000 0.218900 -0.000000 0.000000 -0.191029 -0.000000 0.000000 0.466113 12.000000 1900.000000 0.549246
1 2 28.000000 0.000000 -0.000000 0.375661 0.000000 0.000000 0.536090 -0.000000 0.000000 0.755928 0.000000 2500.000000 0.999971
1 0 14.000000 -0.000000 0.000000 -0.112300 -0.000000 -0.000000 -0.377240 -0.000000 0.000000 0.382652 0.000000 1200.000000 0.548948
1 2 14.000000 -0.185741 0.772091 0.132480 -0.543585 -0.263821 0.387711 0.579432 0.000000 0.406192 0.000000 1200.000000 0.999294
1 2 16.000000 -0.071184 -0.565338 0.128862 0.348038 -0.115628 -0.630042 0.454730 0.000000 0.502390 0.000000 1000.000000 0.999466
1 2 26.000000 0.000000 -0.000000 -0.513120 0.000000 0.000000 -0.315021 0.000000 0.000000 0.798185 0.000000 3000.000000 0.999814
1 0 14.000000 0.512211 0.055450 -0.000000 -0.052005 0.546141 0.000000 0.190473 0.000000 0.000000 0.000000 1200.000000 0.548948
1 2 20.000000 -0.100708 -0.799817 0.091154 0.492390 -0.163586 -0.445679 0.643333 0.000000 0.355380 8.000000 2600.000000 0.999850
1 2 14.000000 0.815920 0.000000 0.000000 0.000000 0.815920 0.000000 0.000000 0.000000 0.576943 0.000000 500.000000 0.999294
1 2 26.000000 -0.000000 -0.000000 0.562152 0.000000 -0.000000 -0.645522 0.000000 0.000000 0.516639 12.000000 3000.000000 0.999814
1 2 16.000000 -0.165308 -0.537980 -0.180157 0.426129 -0.208698 0.464406 -0.352228 0.000000 0.646394 0.000000 1000.000000 0.999466
1 0 16.000000 0.206191 -0.487341 0.000000 0.397371 0.252876 0.000000 -0.317850 0.000000 0.000000 0.000000 2000.000000 0.549043
0 0 6.000000 0.000000 0.000000 0.000000 0.000000 0.000000 0.000000 0.000000 0.000000 0.000000 10.000000 800.000000 0.000000
1 2 14.000000 -0.000000 0.000000 -0.121135 -0.000000 -0.000000 -0.040520 -0.000000 0.000000 0.991097 0.000000 500.000000 0.999294
1 2 14.000000 0.000000 -0.000000 -0.183592 0.000000 0.000000 -0.879649 0.000000 0.000000 0.437150 0.000000 500.000000 0.999294
1 0 10.000000 0.447422 0.000000 0.000000 0.000000 0.447422 0.000000 0.000000 0.000000 0.316375 0.000000 3500.000000 0.547977
1 2 24.000000 0.000000 -0.000000 0.375610 0.000000 0.000000 0.536018 -0.000000 0.000000 0.755826 12.000000 1900.000000 0.999835
1 0 30.000000 0.000000 -0.000000 -0.040462 0.000000 0.000000 -0.035020 0.000000 0.000000 0.546650 0.000000 2500.000000 0.549263
1 0 24.000000 -0.148801 0.251980 0.000000 0.076829 0.488033 -0.000000 -0.523093 0.000000 -0.000000 0.000000 1700.000000 0.549246
1 0 14.000000 0.238143 -0.449559 0.000000 0.339844 0.315025 0.000000 -0.359358 0.000000 0.000000 36.000000 1200.000000 0.548948
1 0 14.000000 0.000000 -0.000000 -0.100854 0.000000 0.000000 -0.483223 0.000000 0.000000 0.240142 0.000000 3000.000000 0.548948
1 2 14.000000 0.815920 0.000000 0.000000 0.000000 0.815920 0.000000 0.000000 0.000000 0.576943 0.000000 3000.000000 0.999294
1 2 16.000000 0.000000 -0.000000 -0.183623 0.000000 0.000000 -0.879800 0.000000 0.000000 0.437225 14.000000 1500.000000 0.999466
1 0 30.000000 0.000000 0.000000 0.513142 -0.000000 0.000000 -0.095466 -0.000000 0.000000 0.171061 0.000000 2500.000000 0.549263
1 0 24.000000 -0.468013 0.197151 -0.000000 -0.179988 -0.512642 -0.000000 -0.224140 0.000000 0.000000 0.000000 1700.000000 0.549246
1 0 24.000000 0.274539 0.422889 -0.000000 0.331259 -0.350479 -0.000000 -0.341419 0.000000 -0.000000 0.000000 1700.000000 0.549246
1 0 10.000000 0.447422 0.000000 0.000000 0.000000 0.447422 0.000000 0.000000 0.000000 0.316375 0.000000 2000.000000 0.547977
1 2 20.000000 0.816374 0.000000 0.000000 0.000000 0.816374 0.000000 0.000000 0.000000 0.577264 0.000000 2400.000000 0.999850
1 0 24.000000 0.279765 0.350061 0.012309 -0.349385 0.280306 -0.015372 -0.027849 0.000000 0.316495 0.000000 1700.000000 0.549246
1 0 24.000000 0.000000 -0.000000 -0.280312 -0.000000 -0.000000 0.350895 -0.000000 0.000000 -0.316179 0.000000 1700.000000 0.549246
1 0 20.000000 -0.000000 -0.000000 0.000450 0.000000 -0.000000 -0.034786 0.000000 0.000000 0.548151 0.000000 2400.000000 0.549254
1 0 16.000000 0.000000 0.000000 -0.189531 -0.000000 0.000000 0.019243 0.000000 0.000000 0.514933 0.000000 2000.000000 0.549043
1 2 20.000000 -0.000000 -0.000000 -0.029669 0.000000 -0.000000 0.014502 -0.000000 0.000000 0.999305 0.000000 2400.000000 0.999850
1 0 26.000000 0.000000 -0.000000 -0.281876 0.000000 0.000000 -0.173052 0.000000 0.000000 0.438472 12.000000 3000.000000 0.549234
1 0 20.000000 -0.284744 -0.139257 -0.013308 0.139181 -0.284899 0.006505 -0.010474 0.000000 0.448219 0.000000 2400.000000 0.549254
1 2 24.000000 0.000000 -0.000000 -0.530020 0.000000 0.000000 -0.734955 0.000000 0.000000 0.422600 12.000000 1900.000000 0.999835
1 2 32.000000 -0.000000 -0.000000 -0.341084 0.000000 -0.000000 0.765121 -0.000000 0.000000 0.545975 0.000000 3000.000000 0.999919
1 2 32.000000 0.816430 0.000000 0.000000 0.000000 0.816430 0.000000 0.000000 0.000000 0.577304 0.000000 3000.000000 0.999919
1 0 30.000000 0.000000 0.000000 0.000000 0.000000 0.000000 0.000000 0.000000 0.000000 0.000000 0.000000 2500.000000 0.000000
1 2 24.000000 0.247189 -0.810954 -0.000000 0.342766 0.584828 -0.000000 0.906134 0.000000 0.000000 12.000000 1900.000000 0.999835
1 0 26.000000 -0.284734 -0.139252 -0.013307 0.139176 -0.284889 0.006504 -0.010473 0.000000 0.448203 12.000000 3000.000000 0.549234
1 0 20.000000 -0.000000 0.000000 -0.209206 -0.000000 -0.000000 -0.080456 -0.000000 0.000000 0.501438 0.000000 800.000000 0.549254
1 0 16.000000 0.000000 -0.000000 0.146394 0.000000 0.000000 0.282130 -0.000000 0.000000 0.447682 0.000000 2000.000000 0.549043
1 0 20.000000 0.000000 0.000000 0.280316 -0.000000 0.000000 -0.350900 -0.000000 0.000000 0.316184 0.000000 800.000000 0.549254
1 0 20.000000 0.000000 -0.000000 -0.280316 -0.000000 -0.000000 0.350900 -0.000000 0.000000 -0.316184 14.000000 800.000000 0.549254
1 0 24.000000 0.238272 -0.449803 0.000000 0.340028 0.315196 0.000000 -0.359552 0.000000 0.000000 12.000000 1900.000000 0.549246
1 2 30.000000 0.000000 -0.000000 -0.088065 0.000000 0.000000 -0.077163 0.000000 0.000000 0.992988 0.000000 2900.000000 0.999867
1 0 10.000000 0.447422 0.000000 0.000000 0.000000 0.447422 0.000000 0.000000 0.000000 0.316375 44.000000 2000.000000 0.547977
1 2 30.000000 -0.100710 -0.799830 0.091156 0.492398 -0.163588 -0.445686 0.643344 0.000000 0.355386 0.000000 2900.000000 0.999867
1 2 24.000000 -0.000000 -0.000000 0.557721 -0.000000 0.000000 0.811902 -0.000000 0.000000 -0.171560 0.000000 1700.000000 0.999835
1 2 24.000000 0.000000 0.000000 -0.396593 0.000000 -0.000000 -0.478530 -0.000000 0.000000 -0.783194 0.000000 1700.000000 0.999835
1 0 16.000000 0.000000 0.000000 0.000000 0.000000 0.000000 0.000000 0.000000 0.000000 0.000000 14.000000 1500.000000 0.000000
1 0 26.000000 -0.000000 -0.000000 -0.187350 0.000000 -0.000000 0.420265 -0.000000 0.000000 0.299893 0.000000 3000.000000 0.549234
1 2 26.000000 -0.434314 0.313355 0.304595 -0.280731 -0.484787 0.196883 0.256458 0.000000 0.731354 0.000000 3000.000000 0.999814
1 2 20.000000 -0.339304 -0.754013 0.000000 0.389625 -0.656632 -0.000000 0.856017 0.000000 0.000000 0.000000 2400.000000 0.999850
1 2 26.000000 -0.000000 0.000000 0.373051 -0.000000 -0.000000 0.241132 0.000000 0.000000 0.895722 12.000000 3000.000000 0.999814
1 0 24.000000 -0.000000 -0.000000 0.306376 -0.000000 0.000000 0.446007 -0.000000 0.000000 -0.094244 0.000000 1700.000000 0.549246
1 0 28.000000 -0.000000 -0.000000 -0.137433 0.000000 -0.000000 0.194704 -0.000000 0.000000 0.494929 0.000000 2500.000000 0.549320
1 0 14.000000 0.000000 0.000000 0.218782 -0.000000 0.000000 -0.190925 -0.000000 0.000000 0.465861 16.000000 1200.000000 0.548948
1 2 24.000000 -0.100706 -0.799805 0.091153 0.492383 -0.163583 -0.445672 0.643323 0.000000 0.355375 12.000000 1900.000000 0.999835
1 0 16.000000 0.000000 0.000000 -0.305605 -0.000000 0.000000 0.321769 0.000000 0.000000 0.323292 0.000000 2000.000000 0.549043
1 2 20.000000 -0.128337 -0.527247 -0.278475 0.287887 -0.235042 0.624676 -0.483616 0.000000 0.445756 0.000000 2400.000000 0.999850
1 2 20.000000 -0.518341 -0.253500 -0.024225 0.253361 -0.518624 0.011841 -0.019066 0.000000 0.815929 0.000000 2400.000000 0.999850
1 0 26.000000 0.000000 -0.000000 -0.281876 0.000000 0.000000 -0.173052 0.000000 0.000000 0.438472 0.000000 3000.000000 0.549234
1 0 14.000000 -0.000000 0.000000 0.126051 -0.000000 -0.000000 0.368898 0.000000 0.000000 0.386483 0.000000 1200.000000 0.548948
1 0 26.000000 0.000000 0.000000 0.000000 0.000000 0.000000 0.000000 0.000000 0.000000 0.000000 0.000000 3000.000000 0.000000
1 0 24.000000 -0.468013 -0.197151 0.000000 -0.179988 0.512642 0.000000 -0.224140 0.000000 -0.000000 0.000000 1700.000000 0.549246
1 0 14.000000 0.000000 0.000000 0.021308 -0.000000 0.000000 -0.026610 -0.000000 0.000000 0.547889 0.000000 1200.000000 0.548948
1 2 14.000000 0.000000 0.000000 -0.556222 -0.000000 0.000000 0.585641 0.000000 0.000000 0.588413 0.000000 1200.000000 0.999294
1 0 14.000000 0.170237 0.521882 0.000000 -0.521862 0.170244 -0.000000 -0.004899 0.000000 0.000000 0.000000 1200.000000 0.548948
1 0 24.000000 -0.499156 0.210788 -0.000000 -0.207451 -0.507187 -0.000000 -0.097354 0.000000 0.000000 12.000000 1900.000000 0.549246
1 0 20.000000 -0.122110 -0.501664 -0.000000 0.273918 -0.223637 0.000000 -0.460150 0.000000 0.000000 0.000000 2400.000000 0.549254
1 0 24.000000 0.000000 -0.000000 0.206336 0.000000 0.000000 0.294454 -0.000000 0.000000 0.415202 12.000000 1900.000000 0.549246
1 0 24.000000 0.040081 -0.438998 -0.058259 0.192044 0.091623 -0.279140 0.403270 0.000000 0.138721 0.000000 1700.000000 0.549246
1 0 24.000000 -0.128472 -0.418100 -0.070006 0.331173 -0.162193 0.180460 -0.273740 0.000000 0.251178 12.000000 1900.000000 0.549246
1 0 16.000000 0.000000 -0.000000 -0.040446 0.000000 0.000000 -0.035006 0.000000 0.000000 0.546431 0.000000 2000.000000 0.549043
1 2 14.000000 0.815920 0.000000 0.000000 0.000000 0.815920 0.000000 0.000000 0.000000 0.576943 0.000000 1200.000000 0.999294
1 2 24.000000 0.775719 -0.246291 0.044983 0.245467 0.778324 0.014234 -0.066724 0.000000 0.575324 12.000000 1900.000000 0.999835
1 0 20.000000 -0.000000 0.000000 -0.546538 -0.000000 -0.000000 -0.043728 -0.000000 0.000000 0.032612 14.000000 800.000000 0.549254
1 0 26.000000 0.448448 0.000000 0.000000 0.000000 0.448448 0.000000 0.000000 0.000000 0.317101 12.000000 3000.000000 0.549234
1 0 32.000000 0.000000 0.000000 0.000000 0.000000 0.000000 0.000000 0.000000 0.000000 0.000000 0.000000 3000.000000 0.000000
1 2 24.000000 -0.270874 0.458700 0.000000 0.139857 0.888406 -0.000000 -0.952228 0.000000 -0.000000 0.000000 1700.000000 0.999835
1 0 16.000000 -0.000000 0.000000 0.126073 -0.000000 -0.000000 0.368962 0.000000 0.000000 0.386550 14.000000 1500.000000 0.549043
1 2 26.000000 -0.195890 -0.435314 0.458995 0.224942 -0.379093 -0.527066 0.494204 0.000000 0.421834 0.000000 3000.000000 0.999814
1 2 26.000000 -0.128333 -0.527228 -0.278465 0.287877 -0.235033 0.624654 -0.483598 0.000000 0.445740 0.000000 3000.000000 0.999814
1 0 20.000000 -0.000000 0.000000 0.204938 -0.000000 -0.000000 0.132467 0.000000 0.000000 0.492070 0.000000 2400.000000 0.549254
1 2 24.000000 0.639299 0.657403 0.000000 -0.557900 0.753320 -0.000000 -0.528880 0.000000 0.000000 12.000000 1900.000000 0.999835
1 0 14.000000 0.448214 0.000000 0.000000 0.000000 0.448214 0.000000 0.000000 0.000000 0.316935 16.000000 1200.000000 0.548948
1 0 26.000000 -0.070498 -0.289625 -0.152971 0.158141 -0.129112 0.343145 -0.265658 0.000000 0.244861 12.000000 3000.000000 0.549234
1 2 24.000000 -0.767847 0.258970 -0.069975 -0.256845 -0.774197 -0.023407 -0.104350 0.000000 0.572520 0.000000 1700.000000 0.999835
1 2 14.000000 0.932418 0.100940 -0.000000 -0.094669 0.994183 0.000000 0.346732 0.000000 0.000000 0.000000 1200.000000 0.999294
1 0 10.000000 0.318727 0.000000 0.000000 0.000000 0.318727 0.000000 0.000000 0.000000 0.225374 10.000000 2000.000000 0.390359
1 2 30.000000 0.000000 -0.000000 -0.073657 0.000000 0.000000 -0.063750 0.000000 0.000000 0.995111 0.000000 2500.000000 0.999867
1 0 16.000000 -0.109195 0.526221 -0.000000 -0.366810 -0.156650 -0.000000 -0.393668 0.000000 0.000000 0.000000 2000.000000 0.549043
1 2 24.000000 0.000000 -0.000000 -0.510273 -0.000000 -0.000000 0.638761 -0.000000 0.000000 -0.575566 0.000000 1700.000000 0.999835
1 2 14.000000 -0.000000 0.000000 0.229461 -0.000000 -0.000000 0.671535 0.000000 0.000000 0.703546 0.000000 3000.000000 0.999294
1 0 30.000000 0.000000 0.000000 0.000000 0.000000 0.000000 0.000000 0.000000 0.000000 0.000000 0.000000 2900.000000 0.000000
1 0 20.000000 0.448464 0.000000 0.000000 0.000000 0.448464 0.000000 0.000000 0.000000 0.317112 0.000000 2400.000000 0.549254
1 2 20.000000 -0.100708 -0.799817 0.091154 0.492390 -0.163586 -0.445679 0.643333 0.000000 0.355380 26.000000 2600.000000 0.999850
1 0 16.000000 0.459007 0.213180 0.000000 -0.193394 0.505967 -0.000000 -0.230997 0.000000 0.000000 0.000000 2000.000000 0.549043
1 2 14.000000 0.000000 0.000000 -0.344959 -0.000000 0.000000 0.035024 0.000000 0.000000 0.937211 0.000000 1200.000000 0.999294
1 0 24.000000 0.000000 -0.000000 -0.291159 0.000000 0.000000 -0.403737 0.000000 0.000000 0.232149 12.000000 1900.000000 0.549246
1 0 10.000000 0.000000 0.000000 0.000000 0.000000 0.000000 0.000000 0.000000 0.000000 0.000000 44.000000 3500.000000 0.000000
1 0 20.000000 -0.000000 0.000000 -0.546538 -0.000000 -0.000000 -0.043728 -0.000000 0.000000 0.032612 0.000000 800.000000 0.549254
1 2 24.000000 -0.000000 -0.000000 -0.250146 0.000000 -0.000000 0.354387 -0.000000 0.000000 0.900837 12.000000 1900.000000 0.999835
1 0 20.000000 0.000000 0.000000 0.280316 -0.000000 0.000000 -0.350900 -0.000000 0.000000 0.316184 14.000000 800.000000 0.549254
1 2 24.000000 -0.851961 -0.358890 0.000000 -0.327647 0.933203 0.000000 -0.408020 0.000000 -0.000000 0.000000 1700.000000 0.999835
1 0 10.000000 0.318727 0.000000 0.000000 0.000000 0.318727 0.000000 0.000000 0.000000 0.225374 0.000000 2000.000000 0.390359
1 0 14.000000 0.413099 -0.359247 -0.000000 0.357538 0.415073 -0.000000 0.053482 0.000000 0.000000 0.000000 1200.000000 0.548948
1 0 24.000000 -0.102090 0.424367 0.072815 -0.298773 -0.145005 0.213099 0.318475 0.000000 0.223257 0.000000 1700.000000 0.549246
1 0 14.000000 0.448214 0.000000 0.000000 0.000000 0.448214 0.000000 0.000000 0.000000 0.316935 36.000000 1200.000000 0.548948
1 0 10.000000 0.318727 0.000000 0.000000 0.000000 0.318727 0.000000 0.000000 0.000000 0.225374 0.000000 3500.000000 0.390359
1 0 10.000000 0.447422 0.000000 0.000000 0.000000 0.447422 0.000000 0.000000 0.000000 0.316375 44.000000 3500.000000 0.547977
1 0 14.000000 0.448214 0.000000 0.000000 0.000000 0.448214 0.000000 0.000000 0.000000 0.316935 0.000000 500.000000 0.548948
1 0 14.000000 0.168079 0.100404 0.000000 -0.031270 0.539688 -0.000000 -0.521647 0.000000 0.000000 0.000000 1200.000000 0.548948
1 0 16.000000 0.000000 0.000000 0.021311 -0.000000 0.000000 -0.026615 -0.000000 0.000000 0.547983 14.000000 1500.000000 0.549043
1 2 32.000000 -0.000000 -0.000000 -0.029671 0.000000 -0.000000 0.014503 -0.000000 0.000000 0.999373 0.000000 3000.000000 0.999919
1 2 24.000000 0.072963 -0.799142 -0.106054 0.349592 0.166789 -0.508140 0.734104 0.000000 0.252526 0.000000 1700.000000 0.999835
0 0 6.000000 0.000000 0.000000 0.000000 0.000000 0.000000 0.000000 0.000000 0.000000 0.000000 10.000000 1500.000000 0.000000
1 2 14.000000 0.375282 -0.886993 0.000000 0.723242 0.460251 0.000000 -0.578509 0.000000 0.000000 0.000000 1200.000000 0.999294
1 0 26.000000 -0.000000 -0.000000 0.308810 0.000000 -0.000000 -0.354608 0.000000 0.000000 0.283808 12.000000 3000.000000 0.549234
1 0 10.000000 0.000000 0.000000 0.000000 0.000000 0.000000 0.000000 0.000000 0.000000 0.000000 10.000000 800.000000 0.000000
1 0 26.000000 -0.284734 -0.139252 -0.013307 0.139176 -0.284889 0.006504 -0.010473 0.000000 0.448203 0.000000 3000.000000 0.549234
1 2 24.000000 -0.000000 -0.000000 0.380828 -0.000000 0.000000 0.146458 -0.000000 0.000000 -0.912793 0.000000 1700.000000 0.999835
1 0 10.000000 0.447422 0.000000 0.000000 0.000000 0.447422 0.000000 0.000000 0.000000 0.316375 0.000000 800.000000 0.547977
1 0 24.000000 -0.053362 -0.452722 0.000000 -0.077682 0.310988 0.000000 -0.541100 0.000000 -0.000000 0.000000 1700.000000 0.549246
1 2 16.000000 -0.000000 0.000000 -0.121156 -0.000000 -0.000000 -0.040527 -0.000000 0.000000 0.991267 14.000000 1500.000000 0.999466
1 2 26.000000 0.392726 -0.302013 -0.418961 0.241107 0.491933 -0.257213 0.347625 0.000000 0.651715 12.000000 3000.000000 0.999814
1 0 14.000000 0.279613 0.349871 0.012302 -0.349196 0.280154 -0.015363 -0.027834 0.000000 0.316324 0.000000 1200.000000 0.548948
1 0 24.000000 0.000000 -0.000000 0.336580 0.000000 0.000000 0.199129 -0.000000 0.000000 0.385658 0.000000 1700.000000 0.549246
1 0 10.000000 0.318727 0.000000 0.000000 0.000000 0.318727 0.000000 0.000000 0.000000 0.225374 10.000000 800.000000 0.390359
1 0 24.000000 0.000000 0.000000 0.000000 0.000000 0.000000 0.000000 0.000000 0.000000 0.000000 0.000000 1500.000000 0.000000
1 0 24.000000 0.000000 0.000000 0.280312 -0.000000 0.000000 -0.350895 -0.000000 0.000000 0.316179 0.000000 1700.000000 0.549246
1 0 14.000000 0.351000 0.360940 0.000000 -0.306309 0.413602 -0.000000 -0.290375 0.000000 0.000000 16.000000 1200.000000 0.548948
1 2 30.000000 -0.000000 -0.000000 -0.444607 0.000000 -0.000000 0.098119 -0.000000 0.000000 0.890186 0.000000 2900.000000 0.999867
1 0 20.000000 -0.000000 -0.000000 0.308822 0.000000 -0.000000 -0.354621 0.000000 0.000000 0.283818 0.000000 2400.000000 0.549254
1 0 20.000000 0.000000 0.000000 0.000000 0.000000 0.000000 0.000000 0.000000 0.000000 0.000000 0.000000 2400.000000 0.000000
1 0 10.000000 0.318727 0.000000 0.000000 0.000000 0.318727 0.000000 0.000000 0.000000 0.225374 44.000000 2000.000000 0.390359
1 2 20.000000 -0.222287 -0.913218 -0.000000 0.498635 -0.407104 0.000000 -0.837647 0.000000 0.000000 0.000000 2400.000000 0.999850
1 0 20.000000 0.000000 0.000000 0.000000 0.000000 0.000000 0.000000 0.000000 0.000000 0.000000 8.000000 2600.000000 0.000000
1 0 14.000000 -0.000000 -0.000000 -0.137340 0.000000 -0.000000 0.194572 -0.000000 0.000000 0.494594 16.000000 1200.000000 0.548948
1 2 14.000000 0.000000 -0.000000 -0.073614 0.000000 0.000000 -0.063713 0.000000 0.000000 0.994540 0.000000 1200.000000 0.999294
1 2 30.000000 0.816388 0.000000 0.000000 0.000000 0.816388 0.000000 0.000000 0.000000 0.577274 0.000000 2500.000000 0.999867
1 2 26.000000 -0.000000 -0.000000 0.000818 0.000000 -0.000000 -0.063321 0.000000 0.000000 0.997807 0.000000 3000.000000 0.999814
1 2 14.000000 0.000000 0.000000 0.038788 -0.000000 0.000000 -0.048441 -0.000000 0.000000 0.997365 0.000000 500.000000 0.999294
1 0 16.000000 0.413170 -0.359309 -0.000000 0.357599 0.415145 -0.000000 0.053491 0.000000 0.000000 0.000000 2000.000000 0.549043
1 2 14.000000 0.000000 0.000000 0.387444 -0.000000 0.000000 -0.163242 -0.000000 0.000000 0.906547 0.000000 1200.000000 0.999294
1 0 30.000000 0.000000 0.000000 0.001520 -0.000000 0.000000 -0.004660 -0.000000 0.000000 0.549241 0.000000 2500.000000 0.549263
1 2 30.000000 0.000000 0.000000 0.934113 -0.000000 0.000000 -0.173784 -0.000000 0.000000 0.311396 0.000000 2500.000000 0.999867
0 0 6.000000 0.000000 0.000000 0.000000 0.000000 0.000000 0.000000 0.000000 0.000000 0.000000 0.000000 800.000000 0.000000
1 0 10.000000 0.318727 0.000000 0.000000 0.000000 0.318727 0.000000 0.000000 0.000000 0.225374 44.000000 800.000000 0.390359
1 0 16.000000 0.448291 0.000000 0.000000 0.000000 0.448291 0.000000 0.000000 0.000000 0.316990 0.000000 2000.000000 0.549043
1 2 20.000000 -0.012895 -0.999767 0.000000 0.997759 -0.012921 -0.000000 0.063328 0.000000 0.000000 0.000000 2400.000000 0.999850
1 0 24.000000 -0.285372 -0.448721 -0.000000 0.404292 -0.316733 0.000000 -0.238290 0.000000 0.000000 12.000000 1900.000000 0.549246
1 2 30.000000 0.000000 0.000000 -0.114000 -0.000000 0.000000 0.391769 0.000000 0.000000 0.912828 0.000000 2900.000000 0.999867
1 0 10.000000 0.447422 0.000000 0.000000 0.000000 0.447422 0.000000 0.000000 0.000000 0.316375 10.000000 800.000000 0.547977
1 2 14.000000 0.509002 0.636898 0.022394 -0.635669 0.509986 -0.027967 -0.050669 0.000000 0.575829 0.000000 1200.000000 0.999294
1 2 26.000000 -0.518323 -0.253491 -0.024224 0.253352 -0.518606 0.011841 -0.019066 0.000000 0.815900 12.000000 3000.000000 0.999814
1 2 14.000000 0.000000 0.000000 0.038788 -0.000000 0.000000 -0.048441 -0.000000 0.000000 0.997365 0.000000 3000.000000 0.999294
1 0 10.000000 0.318727 0.000000 0.000000 0.000000 0.318727 0.000000 0.000000 0.000000 0.225374 44.000000 3500.000000 0.390359
1 2 16.000000 0.309949 0.950187 0.000000 -0.950149 0.309962 -0.000000 -0.008920 0.000000 0.000000 0.000000 2000.000000 0.999466
1 2 26.000000 -0.000000 -0.000000 0.000818 0.000000 -0.000000 -0.063321 0.000000 0.000000 0.997807 12.000000 3000.000000 0.999814
1 0 24.000000 -0.055322 -0.439362 0.050073 0.270484 -0.089862 -0.244824 0.353401 0.000000 0.195220 12.000000 1900.000000 0.549246
1 0 24.000000 -0.000000 -0.000000 -0.137414 0.000000 -0.000000 0.194677 -0.000000 0.000000 0.494862 12.000000 1900.000000 0.549246
1 0 14.000000 0.000000 -0.000000 0.206224 0.000000 0.000000 0.294295 -0.000000 0.000000 0.414978 16.000000 1200.000000 0.548948
1 2 30.000000 0.000000 -0.000000 0.266600 0.000000 0.000000 0.513791 -0.000000 0.000000 0.815278 0.000000 2500.000000 0.999867
1 0 10.000000 0.000000 0.000000 0.000000 0.000000 0.000000 0.000000 0.000000 0.000000 0.000000 10.000000 3500.000000 0.000000
1 0 30.000000 0.000000 -0.448472 0.000000 0.448472 0.000000 0.000000 0.000000 0.000000 0.317117 0.000000 2500.000000 0.549263
1 0 24.000000 -0.000000 0.000000 -0.546530 -0.000000 -0.000000 -0.043728 -0.000000 0.000000 0.032612 0.000000 1700.000000 0.549246
1 0 14.000000 0.000000 0.000000 -0.189498 -0.000000 0.000000 0.019240 0.000000 0.000000 0.514844 0.000000 1200.000000 0.548948
1 2 28.000000 -0.000000 0.000000 -0.163672 -0.000000 -0.000000 -0.068023 -0.000000 0.000000 0.984137 0.000000 2500.000000 0.999971
1 0 14.000000 -0.000000 -0.000000 -0.137340 0.000000 -0.000000 0.194572 -0.000000 0.000000 0.494594 36.000000 1200.000000 0.548948
1 0 28.000000 0.000000 -0.000000 0.206364 0.000000 0.000000 0.294494 -0.000000 0.000000 0.415259 0.000000 2500.000000 0.549320
1 0 10.000000 0.447422 0.000000 0.000000 0.000000 0.447422 0.000000 0.000000 0.000000 0.316375 10.000000 2000.000000 0.547977
1 0 24.000000 -0.000000 -0.000000 -0.207219 0.000000 -0.000000 0.444429 -0.000000 0.000000 0.247415 0.000000 1700.000000 0.549246
1 0 14.000000 -0.000000 0.000000 -0.089850 -0.000000 -0.000000 -0.037342 -0.000000 0.000000 0.540256 36.000000 1200.000000 0.548948
1 2 24.000000 -0.000000 0.000000 0.846104 0.000000 0.000000 -0.436859 -0.000000 0.000000 -0.304849 0.000000 1700.000000 0.999835
1 0 26.000000 -0.004090 -0.317074 0.000367 0.316437 -0.004098 -0.028401 0.020085 0.000000 0.447547 12.000000 3000.000000 0.549234
1 2 14.000000 0.309896 0.950024 0.000000 -0.949986 0.309908 -0.000000 -0.008919 0.000000 0.000000 0.000000 1200.000000 0.999294
1 2 24.000000 0.433746 -0.818811 0.000000 0.618981 0.573775 0.000000 -0.654521 0.000000 0.000000 12.000000 1900.000000 0.999835
1 2 16.000000 0.548314 -0.174090 0.063591 0.173507 0.550155 0.020123 -0.047163 0.000000 0.813330 0.000000 1000.000000 0.999466
1 0 20.000000 0.000000 0.000000 0.000000 0.000000 0.000000 0.000000 0.000000 0.000000 0.000000 26.000000 2600.000000 0.000000
1 0 14.000000 0.135716 -0.445245 -0.000000 0.188192 0.321093 -0.000000 0.497503 0.000000 0.000000 16.000000 1200.000000 0.548948
1 0 14.000000 0.000000 0.000000 0.212837 -0.000000 0.000000 -0.089675 -0.000000 0.000000 0.497999 0.000000 1200.000000 0.548948
1 2 28.000000 0.000000 -0.816473 0.000000 0.816473 0.000000 0.000000 0.000000 0.000000 0.577333 0.000000 2500.000000 0.999971
1 0 28.000000 0.000000 -0.448518 0.000000 0.448518 0.000000 0.000000 0.000000 0.000000 0.317150 0.000000 2500.000000 0.549320
1 2 28.000000 0.000000 0.000000 0.398535 -0.000000 0.000000 -0.347792 -0.000000 0.000000 0.848617 0.000000 2500.000000 0.999971
1 2 30.000000 0.000000 0.000000 -0.345157 -0.000000 0.000000 0.035044 0.000000 0.000000 0.937749 0.000000 2500.000000 0.999867
1 0 16.000000 0.000000 0.000000 0.000000 0.000000 0.000000 0.000000 0.000000 0.000000 0.000000 0.000000 1000.000000 0.000000
1 0 20.000000 -0.070500 -0.289636 -0.152976 0.158147 -0.129117 0.343157 -0.265668 0.000000 0.244870 0.000000 2400.000000 0.549254
1 0 20.000000 -0.000000 -0.000000 -0.207222 0.000000 -0.000000 0.444435 -0.000000 0.000000 0.247419 14.000000 800.000000 0.549254
1 0 14.000000 0.351000 0.360940 0.000000 -0.306309 0.413602 -0.000000 -0.290375 0.000000 0.000000 36.000000 1200.000000 0.548948
1 2 14.000000 -0.000000 0.000000 0.229461 -0.000000 -0.000000 0.671535 0.000000 0.000000 0.703546 0.000000 500.000000 0.999294
1 2 24.000000 -0.059176 0.079742 -0.000000 -0.004735 -0.996650 -0.000000 -0.998071 0.000000 0.000000 0.000000 1700.000000 0.999835
1 0 20.000000 0.000000 0.000000 0.000000 0.000000 0.000000 0.000000 0.000000 0.000000 0.000000 0.000000 800.000000 0.000000
1 2 32.000000 -0.000000 -0.000000 0.000818 0.000000 -0.000000 -0.063328 0.000000 0.000000 0.997911 0.000000 3000.000000 0.999919
1 0 26.000000 -0.000000 0.000000 0.204930 -0.000000 -0.000000 0.132462 0.000000 0.000000 0.492052 12.000000 3000.000000 0.549234
1 0 14.000000 -0.000000 0.000000 -0.066544 -0.000000 -0.000000 -0.022259 -0.000000 0.000000 0.544445 0.000000 1200.000000 0.548948
1 0 16.000000 0.222638 0.398102 -0.000000 -0.234414 0.378104 0.000000 0.443768 0.000000 0.000000 0.000000 2000.000000 0.549043
1 0 14.000000 0.000000 0.000000 0.000000 0.000000 0.000000 0.000000 0.000000 0.000000 0.000000 0.000000 1200.000000 0.000000
1 0 20.000000 -0.007084 -0.549208 0.000000 0.548105 -0.007098 -0.000000 0.034789 0.000000 0.000000 0.000000 2400.000000 0.549254
1 0 24.000000 0.000000 0.000000 -0.217863 0.000000 -0.000000 -0.262874 -0.000000 0.000000 -0.430237 0.000000 1700.000000 0.549246
1 0 14.000000 0.222600 0.398034 -0.000000 -0.234374 0.378039 0.000000 0.443692 0.000000 0.000000 0.000000 1200.000000 0.548948
1 0 14.000000 -0.000000 0.000000 -0.066544 -0.000000 -0.000000 -0.022259 -0.000000 0.000000 0.544445 0.000000 500.000000 0.548948
1 2 14.000000 0.305967 0.182774 0.000000 -0.056923 0.982437 -0.000000 -0.949596 0.000000 0.000000 0.000000 1200.000000 0.999294
1 2 20.000000 -0.233871 -0.761111 -0.127439 0.602869 -0.295257 0.328511 -0.498317 0.000000 0.457245 8.000000 2600.000000 0.999850
1 0 26.000000 0.448448 0.000000 0.000000 0.000000 0.448448 0.000000 0.000000 0.000000 0.317101 0.000000 3000.000000 0.549234
1 0 16.000000 0.000000 -0.000000 -0.100871 0.000000 0.000000 -0.483306 0.000000 0.000000 0.240184 14.000000 1500.000000 0.549043
1 0 20.000000 0.000000 -0.000000 0.336585 0.000000 0.000000 0.199132 -0.000000 0.000000 0.385664 14.000000 800.000000 0.549254
1 0 10.000000 0.000000 0.000000 0.000000 0.000000 0.000000 0.000000 0.000000 0.000000 0.000000 0.000000 800.000000 0.000000
1 0 28.000000 -0.000000 0.000000 -0.089911 -0.000000 -0.000000 -0.037367 -0.000000 0.000000 0.540622 0.000000 2500.000000 0.549320
1 2 26.000000 -0.000000 -0.000000 -0.341048 0.000000 -0.000000 0.765041 -0.000000 0.000000 0.545918 12.000000 3000.000000 0.999814
1 0 30.000000 0.000000 0.000000 -0.189607 -0.000000 0.000000 0.019251 0.000000 0.000000 0.515140 0.000000 2500.000000 0.549263
1 2 30.000000 -0.000000 0.000000 -0.804815 -0.000000 -0.000000 -0.550979 -0.000000 0.000000 0.220067 0.000000 2900.000000 0.999867
1 0 20.000000 -0.000000 0.000000 -0.209206 -0.000000 -0.000000 -0.080456 -0.000000 0.000000 0.501438 14.000000 800.000000 0.549254
1 0 20.000000 0.000000 -0.000000 -0.280316 -0.000000 -0.000000 0.350900 -0.000000 0.000000 -0.316184 0.000000 800.000000 0.549254
1 0 20.000000 -0.000000 -0.000000 -0.207222 0.000000 -0.000000 0.444435 -0.000000 0.000000 0.247419 0.000000 800.000000 0.549254
1 2 16.000000 0.835566 0.388068 0.000000 -0.352050 0.921051 -0.000000 -0.420502 0.000000 0.000000 0.000000 2000.000000 0.999466
1 0 14.000000 0.000000 -0.000000 0.206224 0.000000 0.000000 0.294295 -0.000000 0.000000 0.414978 36.000000 1200.000000 0.548948
1 0 14.000000 0.000000 0.000000 0.021308 -0.000000 0.000000 -0.026610 -0.000000 0.000000 0.547889 0.000000 500.000000 0.548948
1 0 24.000000 -0.000000 0.000000 -0.089899 -0.000000 -0.000000 -0.037362 -0.000000 0.000000 0.540549 12.000000 1900.000000 0.549246
1 0 14.000000 -0.000000 0.000000 0.126051 -0.000000 -0.000000 0.368898 0.000000 0.000000 0.386483 0.000000 500.000000 0.548948
1 2 16.000000 -0.000000 0.000000 -0.204464 -0.000000 -0.000000 -0.686838 -0.000000 0.000000 0.696692 0.000000 2000.000000 0.999466
1 2 16.000000 0.306020 0.182806 0.000000 -0.056932 0.982606 -0.000000 -0.949759 0.000000 0.000000 0.000000 2000.000000 0.999466
1 0 24.000000 0.351190 0.361135 0.000000 -0.306475 0.413826 -0.000000 -0.290533 0.000000 0.000000 12.000000 1900.000000 0.549246
1 2 20.000000 -0.000000 0.000000 0.373064 -0.000000 -0.000000 0.241140 0.000000 0.000000 0.895754 0.000000 2400.000000 0.999850
1 2 14.000000 -0.000000 0.000000 0.229461 -0.000000 -0.000000 0.671535 0.000000 0.000000 0.703546 0.000000 1200.000000 0.999294
1 0 20.000000 -0.000000 -0.000000 -0.187357 0.000000 -0.000000 0.420280 -0.000000 0.000000 0.299903 0.000000 2400.000000 0.549254
1 2 14.000000 0.405217 0.724572 -0.000000 -0.426649 0.688174 0.000000 0.807687 0.000000 0.000000 0.000000 1200.000000 0.999294
1 2 24.000000 -0.190327 -0.906175 -0.000000 0.408199 -0.422513 0.000000 -0.892648 0.000000 0.000000 0.000000 1700.000000 0.999835
1 2 24.000000 -0.000000 0.000000 -0.291194 -0.000000 -0.000000 -0.954111 -0.000000 0.000000 0.067449 0.000000 1700.000000 0.999835
1 2 16.000000 0.752125 -0.654078 -0.000000 0.650967 0.755720 -0.000000 0.097374 0.000000 0.000000 0.000000 2000.000000 0.999466
1 2 20.000000 -0.000000 -0.000000 -0.341060 0.000000 -0.000000 0.765069 -0.000000 0.000000 0.545938 0.000000 2400.000000 0.999850
1 0 20.000000 0.000000 -0.000000 -0.281886 0.000000 0.000000 -0.173058 0.000000 0.000000 0.438487 0.000000 2400.000000 0.549254
1 1 24.000000 0.191865 -0.629454 -0.000000 0.266051 0.453937 -0.000000 0.703332 0.000000 0.000000 0.000000 1500.000000 0.776061
1 0 14.000000 0.000000 0.000000 0.000000 0.000000 0.000000 0.000000 0.000000 0.000000 0.000000 36.000000 1200.000000 0.000000
1 2 24.000000 -0.908654 0.383715 -0.000000 -0.377639 -0.923273 -0.000000 -0.177221 0.000000 0.000000 12.000000 1900.000000 0.999835
1 0 14.000000 0.448214 0.000000 0.000000 0.000000 0.448214 0.000000 0.000000 0.000000 0.316935 0.000000 3000.000000 0.548948
1 0 14.000000 0.206156 -0.487258 0.000000 0.397303 0.252832 0.000000 -0.317796 0.000000 0.000000 0.000000 1200.000000 0.548948
1 0 10.000000 0.318727 0.000000 0.000000 0.000000 0.318727 0.000000 0.000000 0.000000 0.225374 0.000000 800.000000 0.390359
1 0 14.000000 0.458928 0.213143 0.000000 -0.193361 0.505880 -0.000000 -0.230957 0.000000 0.000000 0.000000 1200.000000 0.548948
1 0 20.000000 -0.238593 0.172144 0.167331 -0.154221 -0.266320 0.108159 0.140886 0.000000 0.401773 0.000000 2400.000000 0.549254
1 2 24.000000 -0.000000 0.000000 -0.994892 -0.000000 -0.000000 -0.079601 -0.000000 0.000000 0.059365 0.000000 1700.000000 0.999835
1 2 32.000000 -0.000000 -0.000000 0.562211 0.000000 -0.000000 -0.645589 0.000000 0.000000 0.516693 0.000000 3000.000000 0.999919
1 0 26.000000 -0.000000 -0.000000 -0.016298 0.000000 -0.000000 0.007966 -0.000000 0.000000 0.548935 0.000000 3000.000000 0.549234
1 1 24.000000 -0.403219 -0.634025 -0.000000 0.571247 -0.447531 0.000000 -0.336694 0.000000 0.000000 0.000000 1500.000000 0.776061
1 0 16.000000 0.512299 0.055459 -0.000000 -0.052014 0.546234 0.000000 0.190505 0.000000 0.000000 0.000000 2000.000000 0.549043
1 2 26.000000 -0.007444 -0.577195 0.000668 0.576036 -0.007459 -0.051701 0.036561 0.000000 0.814706 0.000000 3000.000000 0.999814
1 2 30.000000 0.775744 -0.246299 0.044984 0.245475 0.778349 0.014235 -0.066726 0.000000 0.575342 0.000000 2900.000000 0.999867
1 0 16.000000 -0.000000 0.000000 -0.066555 -0.000000 -0.000000 -0.022263 -0.000000 0.000000 0.544539 14.000000 1500.000000 0.549043
1 0 26.000000 -0.238585 0.172137 0.167325 -0.154216 -0.266311 0.108155 0.140881 0.000000 0.401759 0.000000 3000.000000 0.549234
1 0 26.000000 -0.000000 -0.000000 -0.016298 0.000000 -0.000000 0.007966 -0.000000 0.000000 0.548935 12.000000 3000.000000 0.549234
1 0 24.000000 0.000000 0.000000 0.000000 0.000000 0.000000 0.000000 0.000000 0.000000 0.000000 0.000000 1700.000000 0.000000
1 0 26.000000 -0.000000 -0.000000 0.308810 0.000000 -0.000000 -0.354608 0.000000 0.000000 0.283808 0.000000 3000.000000 0.549234
1 0 14.000000 0.000000 0.000000 0.021308 -0.000000 0.000000 -0.026610 -0.000000 0.000000 0.547889 0.000000 3000.000000 0.548948
1 2 32.000000 0.000000 -0.000000 -0.513174 0.000000 0.000000 -0.315053 0.000000 0.000000 0.798268 0.000000 3000.000000 0.999919
1 0 26.000000 0.215739 -0.165907 -0.230150 0.132449 0.270236 -0.141297 0.190963 0.000000 0.358011 12.000000 3000.000000 0.549234
1 0 20.000000 0.000000 -0.000000 0.336585 0.000000 0.000000 0.199132 -0.000000 0.000000 0.385664 0.000000 800.000000 0.549254
1 0 24.000000 0.197342 -0.429130 -0.000000 -0.247033 -0.342810 0.000000 -0.449112 0.000000 -0.000000 0.000000 1700.000000 0.549246
1 0 10.000000 0.447422 0.000000 0.000000 0.000000 0.447422 0.000000 0.000000 0.000000 0.316375 10.000000 3500.000000 0.547977
1 0 20.000000 -0.004090 -0.317085 0.000367 0.316449 -0.004098 -0.028402 0.020085 0.000000 0.447563 0.000000 2400.000000 0.549254
1 0 14.000000 0.000000 0.000000 0.512847 -0.000000 0.000000 -0.095411 -0.000000 0.000000 0.170963 0.000000 1200.000000 0.548948
1 2 16.000000 0.816060 0.000000 0.000000 0.000000 0.816060 0.000000 0.000000 0.000000 0.577042 0.000000 2000.000000 0.999466
1 2 28.000000 -0.000000 -0.000000 -0.250180 0.000000 -0.000000 0.354435 -0.000000 0.000000 0.900959 0.000000 2500.000000 0.999971
1 2 20.000000 -0.897794 -0.439074 -0.000000 0.438835 -0.898284 0.000000 -0.033024 0.000000 0.000000 0.000000 2400.000000 0.999850
##END
