##LIST_SIZE=416
##LISTDATA
0 0 6.000000 0.000000 0.000000 0.000000 0.000000 0.000000 0.000000 0.000000 0.000000 0.000000 0.000000 3000.000000 0.000000
1 0 25.000000 0.775810 -0.246320 0.044988 0.245495 0.778414 0.014236 -0.066732 0.000000 0.575391 10.000000 3500.000000 0.999951
1 0 14.000000 0.000000 0.000000 0.000000 0.000000 0.000000 0.000000 0.000000 0.000000 0.000000 14.000000 800.000000 0.000000
1 0 18.000000 0.778508 0.000000 0.000000 0.000000 0.778508 0.000000 0.000000 0.000000 0.550488 12.000000 3000.000000 0.953474
1 0 14.000000 0.000000 0.000000 0.000000 0.000000 0.000000 0.000000 0.000000 0.000000 0.000000 0.000000 800.000000 0.000000
1 0 25.000000 -0.233894 -0.761188 -0.127452 0.602930 -0.295287 0.328544 -0.498368 0.000000 0.457292 20.000000 3500.000000 0.999951
1 0 7.000000 0.763959 0.000000 0.000000 0.000000 0.763959 0.000000 0.000000 0.000000 0.540200 10.000000 3500.000000 0.935655
1 0 7.000000 0.000000 0.000000 0.000000 0.000000 0.000000 0.000000 0.000000 0.000000 0.000000 10.000000 3500.000000 0.000000
1 0 7.000000 0.544217 0.000000 0.000000 0.000000 0.544217 0.000000 0.000000 0.000000 0.384819 0.000000 3500.000000 0.666527
1 0 14.000000 -0.407391 0.293930 0.285712 -0.263328 -0.454734 0.184678 0.240559 0.000000 0.686016 0.000000 2400.000000 0.937834
1 0 12.000000 0.000000 -0.000000 -0.073660 0.000000 0.000000 -0.063753 0.000000 0.000000 0.995164 0.000000 2000.000000 0.999921
1 0 12.000000 -0.131421 0.546293 0.187472 -0.384614 -0.186667 0.548650 0.409977 0.000000 0.574803 14.000000 1500.000000 0.999921
1 0 14.000000 -0.000000 -0.000000 0.000768 0.000000 -0.000000 -0.059396 0.000000 0.000000 0.935951 0.000000 2400.000000 0.937834
1 0 22.000000 0.000000 -0.000000 -0.494531 0.000000 0.000000 -0.303608 0.000000 0.000000 0.769268 0.000000 4500.000000 0.963594
1 0 10.000000 0.000000 0.000000 0.000000 0.000000 0.000000 0.000000 0.000000 0.000000 0.000000 16.000000 1200.000000 0.000000
1 0 11.000000 -0.000000 0.000000 0.218742 -0.000000 -0.000000 0.640163 0.000000 0.000000 0.670679 30.000000 500.000000 0.952611
1 0 12.000000 0.306609 -0.724681 0.153930 0.590895 0.376029 0.296653 -0.472647 0.000000 0.470726 25.000000 2000.000000 0.999921
1 0 10.000000 0.742468 0.000000 0.000000 0.000000 0.742468 0.000000 0.000000 0.000000 0.525004 16.000000 1200.000000 0.909334
1 0 10.000000 0.224814 -0.737550 -0.000000 0.311740 0.531891 -0.000000 0.824115 0.000000 0.000000 16.000000 1200.000000 0.909334
1 0 10.000000 -0.180851 0.871537 -0.000000 -0.607517 -0.259446 -0.000000 -0.652000 0.000000 0.000000 0.000000 1200.000000 0.909334
1 0 10.000000 0.000000 0.000000 0.000000 0.000000 0.000000 0.000000 0.000000 0.000000 0.000000 36.000000 1200.000000 0.000000
1 0 7.000000 0.000000 0.000000 0.000000 0.000000 0.000000 0.000000 0.000000 0.000000 0.000000 0.000000 800.000000 0.000000
1 0 22.000000 -0.012427 -0.963513 0.000000 0.961579 -0.012452 -0.000000 0.061032 0.000000 0.000000 8.000000 1300.000000 0.963594
1 0 22.000000 0.000000 -0.000000 -0.494531 0.000000 0.000000 -0.303608 0.000000 0.000000 0.769268 14.000000 4500.000000 0.963594
1 0 20.000000 -0.000000 -0.000000 -0.250152 0.000000 -0.000000 0.354395 -0.000000 0.000000 0.900858 0.000000 2500.000000 0.999858
1 0 11.000000 0.000000 0.000000 0.000000 0.000000 0.000000 0.000000 0.000000 0.000000 0.000000 8.000000 1200.000000 0.000000
1 0 17.000000 -0.785058 -0.330707 0.000000 -0.301917 0.859920 0.000000 -0.375978 0.000000 -0.000000 0.000000 1700.000000 0.921319
1 0 14.000000 -0.000000 -0.000000 0.523136 -0.000000 0.000000 0.761555 -0.000000 0.000000 -0.160922 14.000000 800.000000 0.937834
1 0 12.000000 0.816432 0.000000 0.000000 0.000000 0.816432 0.000000 0.000000 0.000000 0.577304 14.000000 1500.000000 0.999921
1 0 22.000000 -0.000000 0.000000 0.359536 -0.000000 -0.000000 0.232396 0.000000 0.000000 0.863272 14.000000 4500.000000 0.963594
1 0 14.000000 -0.842108 -0.411841 -0.000000 0.411616 -0.842568 0.000000 -0.030976 0.000000 0.000000 0.000000 2400.000000 0.937834
1 0 11.000000 0.000000 -0.000000 -0.175015 0.000000 0.000000 -0.838555 0.000000 0.000000 0.416728 8.000000 3000.000000 0.952611
1 0 22.000000 0.474545 0.227190 0.336086 -0.203140 0.530726 -0.143870 -0.258508 0.000000 0.730013 0.000000 2900.000000 0.999928
1 0 22.000000 -0.000000 0.000000 0.545404 -0.000000 -0.000000 0.503535 0.000000 0.000000 0.669958 0.000000 2900.000000 0.999928
1 0 11.000000 0.000000 0.000000 0.000000 0.000000 0.000000 0.000000 0.000000 0.000000 0.000000 30.000000 3000.000000 0.000000
1 0 17.000000 -0.000000 0.000000 -0.350922 -0.000000 -0.000000 -0.134957 -0.000000 0.000000 0.841112 0.000000 1700.000000 0.921319
1 0 11.000000 -0.000000 0.000000 -0.115476 -0.000000 -0.000000 -0.038627 -0.000000 0.000000 0.944797 0.000000 3000.000000 0.952611
1 0 11.000000 -0.000000 0.000000 -0.115476 -0.000000 -0.000000 -0.038627 -0.000000 0.000000 0.944797 0.000000 500.000000 0.952611
1 0 25.000000 -0.233894 -0.761188 -0.127452 0.602930 -0.295287 0.328544 -0.498368 0.000000 0.457292 20.000000 5000.000000 0.999951
1 0 17.000000 -0.000000 0.000000 -0.150799 -0.000000 -0.000000 -0.062672 -0.000000 0.000000 0.906731 12.000000 1900.000000 0.921319
0 0 6.000000 0.000000 0.000000 0.000000 0.000000 0.000000 0.000000 0.000000 0.000000 0.000000 0.000000 1500.000000 0.000000
1 0 12.000000 0.614387 -0.534296 -0.042528 0.531754 0.617324 -0.036808 0.079542 0.000000 0.574558 0.000000 2000.000000 0.999921
1 0 17.000000 -0.018143 0.881193 -0.000000 -0.059446 -0.268939 -0.000000 -0.919220 0.000000 0.000000 0.000000 1700.000000 0.921319
1 0 17.000000 -0.837298 0.353582 -0.000000 -0.347983 -0.850769 -0.000000 -0.163304 0.000000 0.000000 12.000000 1900.000000 0.921319
1 0 25.000000 -0.233894 -0.761188 -0.127452 0.602930 -0.295287 0.328544 -0.498368 0.000000 0.457292 10.000000 3500.000000 0.999951
0 0 6.000000 0.000000 0.000000 0.000000 0.000000 0.000000 0.000000 0.000000 0.000000 0.000000 0.000000 800.000000 0.000000
1 0 7.000000 0.544217 0.000000 0.000000 0.000000 0.544217 0.000000 0.000000 0.000000 0.384819 10.000000 800.000000 0.666527
1 0 12.000000 0.614387 -0.534296 -0.042528 0.531754 0.617324 -0.036808 0.079542 0.000000 0.574558 25.000000 2000.000000 0.999921
1 0 12.000000 0.331066 0.591982 -0.321336 -0.348576 0.562244 0.338332 0.659887 0.000000 0.339934 0.000000 2000.000000 0.999921
1 0 18.000000 -0.414184 0.298832 0.290477 -0.267720 -0.462317 0.187758 0.244571 0.000000 0.697456 12.000000 3000.000000 0.953474
1 0 11.000000 0.000000 0.000000 0.036976 -0.000000 0.000000 -0.046178 -0.000000 0.000000 0.950772 0.000000 1200.000000 0.952611
1 0 22.000000 -0.725003 0.523085 0.000000 -0.468626 -0.809256 0.000000 0.428105 0.000000 0.000000 14.000000 1300.000000 0.963594
1 0 11.000000 -0.000000 0.000000 -0.115476 -0.000000 -0.000000 -0.038627 -0.000000 0.000000 0.944797 8.000000 3000.000000 0.952611
1 0 10.000000 0.278423 0.166320 0.000000 -0.051798 0.893994 -0.000000 -0.864110 0.000000 0.000000 0.000000 1200.000000 0.909334
1 0 17.000000 0.227777 -0.747271 -0.000000 0.315849 0.538902 -0.000000 0.834977 0.000000 0.000000 0.000000 1500.000000 0.921319
1 0 25.000000 -0.100718 -0.799898 0.091163 0.492440 -0.163602 -0.445724 0.643398 0.000000 0.355416 10.000000 3500.000000 0.999951
1 0 17.000000 0.589096 0.605778 0.000000 -0.514089 0.694163 -0.000000 -0.487347 0.000000 0.000000 12.000000 1900.000000 0.921319
1 0 22.000000 0.000000 0.000000 -0.114007 -0.000000 0.000000 0.391793 0.000000 0.000000 0.912884 0.000000 2900.000000 0.999928
1 0 14.000000 -0.183747 -0.408328 0.430541 0.210997 -0.355592 -0.494393 0.463568 0.000000 0.395684 0.000000 2400.000000 0.937834
1 0 17.000000 0.000000 -0.000000 0.346114 0.000000 0.000000 0.493925 -0.000000 0.000000 0.696471 12.000000 1900.000000 0.921319
1 0 10.000000 -0.169020 0.702584 0.120553 -0.494650 -0.240071 0.352808 0.527269 0.000000 0.369626 0.000000 1200.000000 0.909334
1 0 14.000000 0.000000 0.000000 -0.372000 0.000000 -0.000000 -0.448856 -0.000000 0.000000 -0.734627 14.000000 800.000000 0.937834
1 0 11.000000 -0.000000 0.000000 -0.115476 -0.000000 -0.000000 -0.038627 -0.000000 0.000000 0.944797 30.000000 1200.000000 0.952611
1 0 12.000000 0.000000 0.000000 0.387687 -0.000000 0.000000 -0.163345 -0.000000 0.000000 0.907116 25.000000 2000.000000 0.999921
1 0 7.000000 0.000000 0.000000 0.000000 0.000000 0.000000 0.000000 0.000000 0.000000 0.000000 10.000000 2000.000000 0.000000
1 0 11.000000 -0.000000 0.000000 0.218742 -0.000000 -0.000000 0.640163 0.000000 0.000000 0.670679 8.000000 500.000000 0.952611
1 0 18.000000 -0.007099 -0.550443 0.000637 0.549337 -0.007114 -0.049305 0.034867 0.000000 0.776945 0.000000 3000.000000 0.953474
1 0 10.000000 0.394485 -0.744696 0.000000 0.562953 0.521839 0.000000 -0.595277 0.000000 0.000000 36.000000 1200.000000 0.909334
1 0 18.000000 0.778508 0.000000 0.000000 0.000000 0.778508 0.000000 0.000000 0.000000 0.550488 0.000000 3000.000000 0.953474
1 0 18.000000 -0.000000 0.000000 0.355760 -0.000000 -0.000000 0.229956 0.000000 0.000000 0.854206 12.000000 3000.000000 0.953474
1 0 7.000000 0.544217 0.000000 0.000000 0.000000 0.544217 0.000000 0.000000 0.000000 0.384819 44.000000 3500.000000 0.666527
1 0 11.000000 -0.000000 0.000000 -0.115476 -0.000000 -0.000000 -0.038627 -0.000000 0.000000 0.944797 30.000000 500.000000 0.952611
1 0 11.000000 0.000000 0.000000 0.036976 -0.000000 0.000000 -0.046178 -0.000000 0.000000 0.950772 8.000000 1200.000000 0.952611
1 0 14.000000 -0.000000 0.000000 -0.933197 -0.000000 -0.000000 -0.074665 -0.000000 0.000000 0.055684 0.000000 800.000000 0.937834
1 0 11.000000 -0.000000 0.000000 0.218742 -0.000000 -0.000000 0.640163 0.000000 0.000000 0.670679 0.000000 3000.000000 0.952611
1 0 12.000000 0.000000 0.000000 -0.556571 -0.000000 0.000000 0.586008 0.000000 0.000000 0.588782 25.000000 2000.000000 0.999921
1 0 17.000000 -0.175381 -0.835014 -0.000000 0.376143 -0.389334 0.000000 -0.822549 0.000000 0.000000 0.000000 1700.000000 0.921319
1 0 10.000000 -0.000000 0.000000 -0.148837 -0.000000 -0.000000 -0.061857 -0.000000 0.000000 0.894936 16.000000 1200.000000 0.909334
1 0 14.000000 0.000000 -0.000000 0.574709 0.000000 0.000000 0.340013 -0.000000 0.000000 0.658509 0.000000 800.000000 0.937834
1 0 7.000000 0.544217 0.000000 0.000000 0.000000 0.544217 0.000000 0.000000 0.000000 0.384819 10.000000 3500.000000 0.666527
1 0 12.000000 0.249978 0.149328 0.539339 -0.046506 0.802659 -0.100340 -0.775828 0.000000 0.179794 0.000000 2000.000000 0.999921
1 0 22.000000 0.000000 0.000000 0.000000 0.000000 0.000000 0.000000 0.000000 0.000000 0.000000 8.000000 1300.000000 0.000000
1 0 17.000000 0.714803 -0.226950 0.041450 0.226191 0.717203 0.013116 -0.061484 0.000000 0.530144 12.000000 1900.000000 0.921319
1 0 12.000000 0.761793 0.082469 -0.199287 -0.077345 0.812256 0.020234 0.283283 0.000000 0.541439 12.000000 2000.000000 0.999921
1 0 22.000000 0.655579 -0.504151 -0.000000 0.402480 0.821185 -0.000000 0.580292 0.000000 0.000000 8.000000 1300.000000 0.963594
1 0 22.000000 -0.327000 -0.726671 0.000000 0.375496 -0.632821 -0.000000 0.824977 0.000000 0.000000 14.000000 1300.000000 0.963594
1 0 11.000000 0.000000 0.000000 0.036976 -0.000000 0.000000 -0.046178 -0.000000 0.000000 0.950772 0.000000 3000.000000 0.952611
1 0 22.000000 -0.000000 -0.000000 -0.444634 0.000000 -0.000000 0.098125 -0.000000 0.000000 0.890240 0.000000 2900.000000 0.999928
1 0 17.000000 0.331027 -0.719833 -0.000000 -0.414380 -0.575038 0.000000 -0.753352 0.000000 -0.000000 0.000000 1700.000000 0.921319
1 0 12.000000 0.000000 0.000000 -0.556571 -0.000000 0.000000 0.586008 0.000000 0.000000 0.588782 0.000000 2000.000000 0.999921
1 0 17.000000 -0.478690 -0.752697 -0.000000 0.678169 -0.531296 0.000000 -0.399713 0.000000 0.000000 0.000000 1500.000000 0.921319
1 0 22.000000 -0.327000 -0.726671 0.000000 0.375496 -0.632821 -0.000000 0.824977 0.000000 0.000000 8.000000 1300.000000 0.963594
1 0 14.000000 0.000000 -0.000000 -0.478631 -0.000000 -0.000000 0.599151 -0.000000 0.000000 -0.539874 14.000000 800.000000 0.937834
1 0 7.000000 0.763959 0.000000 0.000000 0.000000 0.763959 0.000000 0.000000 0.000000 0.540200 44.000000 2000.000000 0.935655
1 0 14.000000 0.000000 0.000000 0.000000 0.000000 0.000000 0.000000 0.000000 0.000000 0.000000 26.000000 2600.000000 0.000000
1 0 14.000000 -0.006983 -0.541414 0.000627 0.540327 -0.006997 -0.048496 0.034295 0.000000 0.764201 0.000000 2400.000000 0.937834
1 0 10.000000 0.000000 -0.000000 -0.066987 0.000000 0.000000 -0.057978 0.000000 0.000000 0.905008 0.000000 1200.000000 0.909334
1 0 17.000000 -0.171248 0.711845 0.122142 -0.501169 -0.243235 0.357458 0.534219 0.000000 0.374497 0.000000 1700.000000 0.921319
1 0 10.000000 -0.000000 0.000000 -0.148837 -0.000000 -0.000000 -0.061857 -0.000000 0.000000 0.894936 36.000000 1200.000000 0.909334
1 0 22.000000 0.000000 0.000000 0.035964 -0.000000 0.000000 -0.491513 -0.000000 0.000000 0.870044 0.000000 2900.000000 0.999928
1 0 14.000000 -0.000000 0.000000 -0.357212 -0.000000 -0.000000 -0.137376 -0.000000 0.000000 0.856189 0.000000 800.000000 0.937834
1 0 10.000000 0.000000 0.000000 0.849533 -0.000000 0.000000 -0.158049 -0.000000 0.000000 0.283201 0.000000 1200.000000 0.909334
1 0 22.000000 0.000000 -0.000000 -0.494531 0.000000 0.000000 -0.303608 0.000000 0.000000 0.769268 8.000000 1300.000000 0.963594
0 0 6.000000 0.000000 0.000000 0.000000 0.000000 0.000000 0.000000 0.000000 0.000000 0.000000 4.000000 1500.000000 0.000000
1 0 7.000000 0.763959 0.000000 0.000000 0.000000 0.763959 0.000000 0.000000 0.000000 0.540200 0.000000 2000.000000 0.935655
1 0 11.000000 0.777804 0.000000 0.000000 0.000000 0.777804 0.000000 0.000000 0.000000 0.549990 8.000000 1200.000000 0.952611
0 0 6.000000 0.000000 0.000000 0.000000 0.000000 0.000000 0.000000 0.000000 0.000000 0.000000 10.000000 800.000000 0.000000
1 0 22.000000 -0.865238 -0.423153 -0.000000 0.422922 -0.865710 0.000000 -0.031826 0.000000 0.000000 8.000000 1300.000000 0.963594
1 0 10.000000 0.581433 0.597898 0.000000 -0.507401 0.685133 -0.000000 -0.481008 0.000000 0.000000 16.000000 1200.000000 0.909334
1 0 12.000000 0.306609 -0.724681 0.153930 0.590895 0.376029 0.296653 -0.472647 0.000000 0.470726 0.000000 2000.000000 0.999921
1 0 22.000000 -0.725003 0.523085 0.000000 -0.468626 -0.809256 0.000000 0.428105 0.000000 0.000000 8.000000 1300.000000 0.963594
1 0 12.000000 0.253188 0.776178 0.001598 -0.776147 0.253198 -0.004898 -0.007287 0.000000 0.577282 0.000000 2000.000000 0.999921
1 0 22.000000 -0.000000 -0.000000 0.541787 0.000000 -0.000000 -0.622136 0.000000 0.000000 0.497922 8.000000 1300.000000 0.963594
1 0 17.000000 -0.000000 -0.000000 -0.230502 0.000000 -0.000000 0.326557 -0.000000 0.000000 0.830095 12.000000 1900.000000 0.921319
1 0 12.000000 0.000000 0.000000 0.000000 0.000000 0.000000 0.000000 0.000000 0.000000 0.000000 0.000000 1000.000000 0.000000
1 0 22.000000 -0.000000 0.000000 0.359536 -0.000000 -0.000000 0.232396 0.000000 0.000000 0.863272 8.000000 1300.000000 0.963594
1 0 12.000000 0.000000 0.000000 0.000000 0.000000 0.000000 0.000000 0.000000 0.000000 0.000000 14.000000 1500.000000 0.000000
1 0 25.000000 0.000000 0.000000 0.000000 0.000000 0.000000 0.000000 0.000000 0.000000 0.000000 10.000000 3500.000000 0.000000
1 0 12.000000 0.000000 -0.000000 -0.073660 0.000000 0.000000 -0.063753 0.000000 0.000000 0.995164 25.000000 2000.000000 0.999921
1 0 22.000000 -0.000000 -0.000000 0.000789 0.000000 -0.000000 -0.061027 0.000000 0.000000 0.961659 14.000000 4500.000000 0.963594
1 0 18.000000 0.000000 0.000000 0.000000 0.000000 0.000000 0.000000 0.000000 0.000000 0.000000 12.000000 3000.000000 0.000000
1 0 17.000000 0.000000 0.000000 0.470202 -0.000000 0.000000 -0.588600 -0.000000 0.000000 0.530367 0.000000 1700.000000 0.921319
1 0 14.000000 -0.208499 -0.856575 -0.000000 0.467707 -0.381853 0.000000 -0.785692 0.000000 0.000000 0.000000 2400.000000 0.937834
1 0 11.000000 0.000000 0.000000 0.000000 0.000000 0.000000 0.000000 0.000000 0.000000 0.000000 8.000000 3000.000000 0.000000
1 0 11.000000 -0.000000 0.000000 0.218742 -0.000000 -0.000000 0.640163 0.000000 0.000000 0.670679 30.000000 3000.000000 0.952611
1 0 11.000000 0.000000 -0.000000 -0.175015 0.000000 0.000000 -0.838555 0.000000 0.000000 0.416728 30.000000 500.000000 0.952611
1 0 17.000000 -0.707548 0.238633 -0.064480 -0.236676 -0.713400 -0.021569 -0.096155 0.000000 0.527560 0.000000 1700.000000 0.921319
1 0 10.000000 0.066359 -0.726807 -0.096455 0.317948 0.151692 -0.462146 0.667656 0.000000 0.229668 0.000000 1200.000000 0.909334
1 0 10.000000 0.281998 0.864499 0.000000 -0.864465 0.282009 -0.000000 -0.008116 0.000000 0.000000 0.000000 1200.000000 0.909334
1 0 12.000000 0.000000 0.000000 0.934162 -0.000000 0.000000 -0.173793 -0.000000 0.000000 0.311413 12.000000 2000.000000 0.999921
1 0 22.000000 0.786771 0.000000 0.000000 0.000000 0.786771 0.000000 0.000000 0.000000 0.556331 14.000000 4500.000000 0.963594
1 0 17.000000 -0.837298 0.353582 -0.000000 -0.347983 -0.850769 -0.000000 -0.163304 0.000000 0.000000 0.000000 1500.000000 0.921319
1 0 10.000000 0.684299 -0.595093 -0.000000 0.592262 0.687570 -0.000000 0.088593 0.000000 0.000000 0.000000 1200.000000 0.909334
1 0 11.000000 0.777804 0.000000 0.000000 0.000000 0.777804 0.000000 0.000000 0.000000 0.549990 30.000000 1200.000000 0.952611
1 0 10.000000 0.760215 0.353072 0.000000 -0.320302 0.837991 -0.000000 -0.382581 0.000000 0.000000 0.000000 1200.000000 0.909334
1 0 10.000000 0.000000 0.000000 0.352565 -0.000000 0.000000 -0.148547 -0.000000 0.000000 0.824936 0.000000 1200.000000 0.909334
1 0 12.000000 0.249978 0.149328 0.539339 -0.046506 0.802659 -0.100340 -0.775828 0.000000 0.179794 12.000000 2000.000000 0.999921
1 0 11.000000 0.000000 0.000000 0.000000 0.000000 0.000000 0.000000 0.000000 0.000000 0.000000 8.000000 500.000000 0.000000
1 0 10.000000 0.000000 0.000000 0.000000 0.000000 0.000000 0.000000 0.000000 0.000000 0.000000 0.000000 1200.000000 0.000000
1 0 20.000000 0.000000 0.000000 0.398491 -0.000000 0.000000 -0.347753 -0.000000 0.000000 0.848522 0.000000 2500.000000 0.999858
1 0 11.000000 0.000000 0.000000 0.036976 -0.000000 0.000000 -0.046178 -0.000000 0.000000 0.950772 0.000000 500.000000 0.952611
1 0 18.000000 -0.186811 -0.415138 0.437721 0.214516 -0.361522 -0.502637 0.471298 0.000000 0.402282 12.000000 3000.000000 0.953474
1 0 20.000000 0.000000 -0.816381 0.000000 0.816381 0.000000 0.000000 0.000000 0.000000 0.577269 0.000000 2500.000000 0.999858
1 0 14.000000 -0.000000 0.000000 -0.273136 -0.000000 -0.000000 -0.894945 -0.000000 0.000000 0.063267 14.000000 800.000000 0.937834
1 0 17.000000 0.556769 -0.469123 0.000000 0.329399 0.792939 0.000000 -0.655998 0.000000 0.000000 0.000000 1700.000000 0.921319
1 0 10.000000 0.368738 0.659344 -0.000000 -0.388241 0.626222 0.000000 0.734976 0.000000 0.000000 0.000000 1200.000000 0.909334
1 0 17.000000 -0.089511 -0.759407 0.000000 -0.130306 0.521660 0.000000 -0.907655 0.000000 -0.000000 0.000000 1700.000000 0.921319
1 0 14.000000 0.000000 0.000000 -0.372000 0.000000 -0.000000 -0.448856 -0.000000 0.000000 -0.734627 0.000000 800.000000 0.937834
1 0 22.000000 0.431222 -0.380457 -0.071910 0.377839 0.434210 -0.063007 0.067605 0.000000 0.810820 0.000000 2900.000000 0.999928
1 0 10.000000 0.581433 0.597898 0.000000 -0.507401 0.685133 -0.000000 -0.481008 0.000000 0.000000 36.000000 1200.000000 0.909334
1 0 14.000000 -0.486191 -0.237776 -0.022722 0.237647 -0.486457 0.011107 -0.017884 0.000000 0.765321 0.000000 2400.000000 0.937834
1 0 22.000000 -0.000000 -0.000000 -0.028593 0.000000 -0.000000 0.013976 -0.000000 0.000000 0.963068 8.000000 1300.000000 0.963594
1 0 7.000000 0.763959 0.000000 0.000000 0.000000 0.763959 0.000000 0.000000 0.000000 0.540200 0.000000 3500.000000 0.935655
1 0 14.000000 0.000000 0.000000 0.000000 0.000000 0.000000 0.000000 0.000000 0.000000 0.000000 0.000000 2400.000000 0.000000
1 0 14.000000 -0.000000 -0.000000 0.357212 -0.000000 0.000000 0.137376 -0.000000 0.000000 -0.856189 14.000000 800.000000 0.937834
1 0 18.000000 -0.000000 -0.000000 0.536097 0.000000 -0.000000 -0.615602 0.000000 0.000000 0.492693 0.000000 3000.000000 0.953474
1 0 17.000000 -0.785058 0.330707 -0.000000 -0.301917 -0.859920 -0.000000 -0.375978 0.000000 0.000000 0.000000 1700.000000 0.921319
1 0 14.000000 -0.000000 -0.000000 0.357212 -0.000000 0.000000 0.137376 -0.000000 0.000000 -0.856189 0.000000 800.000000 0.937834
1 0 18.000000 -0.000000 -0.000000 0.000780 0.000000 -0.000000 -0.060386 0.000000 0.000000 0.951560 12.000000 3000.000000 0.953474
1 0 14.000000 -0.318259 -0.707245 0.000000 0.365458 -0.615904 -0.000000 0.802923 0.000000 0.000000 0.000000 2400.000000 0.937834
1 0 10.000000 -0.472463 -0.742906 -0.000000 0.669347 -0.524385 0.000000 -0.394514 0.000000 0.000000 36.000000 1200.000000 0.909334
1 0 22.000000 0.786771 0.000000 0.000000 0.000000 0.786771 0.000000 0.000000 0.000000 0.556331 8.000000 1300.000000 0.963594
1 0 12.000000 -0.162374 0.782496 -0.118101 -0.545450 -0.232940 -0.396727 -0.585389 0.000000 0.402418 0.000000 2000.000000 0.999921
1 0 7.000000 0.763959 0.000000 0.000000 0.000000 0.763959 0.000000 0.000000 0.000000 0.540200 0.000000 800.000000 0.935655
1 0 10.000000 -0.698344 0.235529 -0.063641 -0.233597 -0.704120 -0.021288 -0.094904 0.000000 0.520698 0.000000 1200.000000 0.909334
1 0 11.000000 0.777804 0.000000 0.000000 0.000000 0.777804 0.000000 0.000000 0.000000 0.549990 0.000000 3000.000000 0.952611
1 0 11.000000 0.000000 0.000000 0.036976 -0.000000 0.000000 -0.046178 -0.000000 0.000000 0.950772 8.000000 500.000000 0.952611
1 0 11.000000 0.000000 -0.000000 -0.175015 0.000000 0.000000 -0.838555 0.000000 0.000000 0.416728 30.000000 1200.000000 0.952611
1 0 11.000000 0.000000 0.000000 0.036976 -0.000000 0.000000 -0.046178 -0.000000 0.000000 0.950772 30.000000 3000.000000 0.952611
1 0 18.000000 -0.007099 -0.550443 0.000637 0.549337 -0.007114 -0.049305 0.034867 0.000000 0.776945 12.000000 3000.000000 0.953474
1 0 14.000000 -0.000000 0.000000 -0.273136 -0.000000 -0.000000 -0.894945 -0.000000 0.000000 0.063267 0.000000 800.000000 0.937834
1 0 10.000000 0.000000 0.000000 -0.506149 -0.000000 0.000000 0.532920 0.000000 0.000000 0.535442 0.000000 1200.000000 0.909334
1 0 12.000000 -0.000000 0.000000 -0.204557 -0.000000 -0.000000 -0.687151 -0.000000 0.000000 0.697009 25.000000 2000.000000 0.999921
1 0 14.000000 0.765738 0.000000 0.000000 0.000000 0.765738 0.000000 0.000000 0.000000 0.541459 0.000000 2400.000000 0.937834
1 0 22.000000 0.000000 -0.786771 0.000000 0.786771 0.000000 0.000000 0.000000 0.000000 0.556331 14.000000 1300.000000 0.963594
1 0 14.000000 -0.705621 0.509102 0.000000 -0.456098 -0.787622 0.000000 0.416661 0.000000 0.000000 0.000000 2400.000000 0.937834
1 0 17.000000 -0.092798 -0.736997 0.083995 0.453716 -0.150737 -0.410674 0.592803 0.000000 0.327468 12.000000 1900.000000 0.921319
1 0 14.000000 0.000000 -0.000000 -0.481311 0.000000 0.000000 -0.295492 0.000000 0.000000 0.748704 0.000000 2400.000000 0.937834
1 0 20.000000 0.000000 0.000000 0.000000 0.000000 0.000000 0.000000 0.000000 0.000000 0.000000 0.000000 2500.000000 0.000000
1 0 17.000000 0.331027 0.719833 0.000000 -0.414380 0.575038 -0.000000 -0.753352 0.000000 0.000000 0.000000 1700.000000 0.921319
1 0 11.000000 0.777804 0.000000 0.000000 0.000000 0.777804 0.000000 0.000000 0.000000 0.549990 30.000000 3000.000000 0.952611
1 0 22.000000 -0.000000 0.000000 0.359536 -0.000000 -0.000000 0.232396 0.000000 0.000000 0.863272 14.000000 1300.000000 0.963594
1 0 12.000000 -0.162374 0.782496 -0.118101 -0.545450 -0.232940 -0.396727 -0.585389 0.000000 0.402418 25.000000 2000.000000 0.999921
1 0 11.000000 0.000000 0.000000 0.036976 -0.000000 0.000000 -0.046178 -0.000000 0.000000 0.950772 8.000000 3000.000000 0.952611
1 0 22.000000 0.655579 -0.504151 -0.000000 0.402480 0.821185 -0.000000 0.580292 0.000000 0.000000 14.000000 1300.000000 0.963594
1 0 10.000000 0.000000 -0.000000 -0.482045 0.000000 0.000000 -0.668430 0.000000 0.000000 0.384348 36.000000 1200.000000 0.909334
1 0 22.000000 -0.000000 0.000000 0.359536 -0.000000 -0.000000 0.232396 0.000000 0.000000 0.863272 0.000000 4500.000000 0.963594
1 0 22.000000 -0.214226 -0.880103 -0.000000 0.480553 -0.392342 0.000000 -0.807272 0.000000 0.000000 14.000000 1300.000000 0.963594
1 0 12.000000 0.000000 0.000000 0.934162 -0.000000 0.000000 -0.173793 -0.000000 0.000000 0.311413 0.000000 2000.000000 0.999921
1 0 18.000000 -0.000000 -0.000000 -0.325241 0.000000 -0.000000 0.729582 -0.000000 0.000000 0.520616 12.000000 3000.000000 0.953474
1 0 7.000000 0.000000 0.000000 0.000000 0.000000 0.000000 0.000000 0.000000 0.000000 0.000000 44.000000 3500.000000 0.000000
1 0 11.000000 0.000000 -0.000000 -0.175015 0.000000 0.000000 -0.838555 0.000000 0.000000 0.416728 0.000000 1200.000000 0.952611
1 0 17.000000 0.000000 -0.000000 -0.488398 0.000000 0.000000 -0.677239 0.000000 0.000000 0.389414 12.000000 1900.000000 0.921319
1 0 20.000000 0.000000 -0.000000 0.375619 0.000000 0.000000 0.536030 -0.000000 0.000000 0.755843 0.000000 2500.000000 0.999858
1 0 17.000000 -0.215502 -0.701331 -0.117430 0.555518 -0.272067 0.302709 -0.459178 0.000000 0.421332 12.000000 1900.000000 0.921319
1 0 22.000000 0.036657 0.575769 0.029364 -0.500981 0.042129 -0.401319 -0.284534 0.000000 0.710388 0.000000 2900.000000 0.999928
1 0 11.000000 0.000000 0.000000 0.036976 -0.000000 0.000000 -0.046178 -0.000000 0.000000 0.950772 30.000000 500.000000 0.952611
1 0 10.000000 0.000000 -0.000000 -0.482045 0.000000 0.000000 -0.668430 0.000000 0.000000 0.384348 16.000000 1200.000000 0.909334
1 0 22.000000 0.000000 0.000000 0.000000 0.000000 0.000000 0.000000 0.000000 0.000000 0.000000 0.000000 4500.000000 0.000000
1 0 17.000000 0.000000 0.000000 0.000000 0.000000 0.000000 0.000000 0.000000 0.000000 0.000000 0.000000 1500.000000 0.000000
1 0 12.000000 0.000000 -0.000000 -0.073660 0.000000 0.000000 -0.063753 0.000000 0.000000 0.995164 12.000000 2000.000000 0.999921
1 0 22.000000 0.000000 0.000000 0.000000 0.000000 0.000000 0.000000 0.000000 0.000000 0.000000 14.000000 1300.000000 0.000000
1 0 14.000000 -0.120377 -0.494544 -0.261202 0.270031 -0.220463 0.585930 -0.453619 0.000000 0.418108 0.000000 2400.000000 0.937834
1 0 11.000000 0.777804 0.000000 0.000000 0.000000 0.777804 0.000000 0.000000 0.000000 0.549990 8.000000 500.000000 0.952611
1 0 17.000000 0.399684 -0.754511 0.000000 0.570373 0.528717 0.000000 -0.603122 0.000000 0.000000 12.000000 1900.000000 0.921319
1 0 14.000000 0.000000 0.000000 0.000000 0.000000 0.000000 0.000000 0.000000 0.000000 0.000000 8.000000 2600.000000 0.000000
1 0 20.000000 0.000000 -0.000000 -0.530032 0.000000 0.000000 -0.734972 0.000000 0.000000 0.422610 0.000000 2500.000000 0.999858
1 0 22.000000 -0.233889 -0.761170 -0.127449 0.602916 -0.295280 0.328536 -0.498356 0.000000 0.457281 0.000000 2900.000000 0.999928
1 0 17.000000 -0.478690 -0.752697 -0.000000 0.678169 -0.531296 0.000000 -0.399713 0.000000 0.000000 12.000000 1900.000000 0.921319
1 0 17.000000 0.399684 -0.754511 0.000000 0.570373 0.528717 0.000000 -0.603122 0.000000 0.000000 0.000000 1500.000000 0.921319
1 0 14.000000 0.000000 0.000000 0.478631 -0.000000 0.000000 -0.599151 -0.000000 0.000000 0.539874 14.000000 800.000000 0.937834
1 0 10.000000 0.224814 -0.737550 -0.000000 0.311740 0.531891 -0.000000 0.824115 0.000000 0.000000 36.000000 1200.000000 0.909334
1 0 14.000000 0.727616 -0.231018 0.042193 0.230245 0.730059 0.013351 -0.062586 0.000000 0.539647 8.000000 2600.000000 0.937834
0 0 6.000000 0.000000 0.000000 0.000000 0.000000 0.000000 0.000000 0.000000 0.000000 0.000000 4.000000 3000.000000 0.000000
1 0 25.000000 -0.100718 -0.799898 0.091163 0.492440 -0.163602 -0.445724 0.643398 0.000000 0.355416 10.000000 5000.000000 0.999951
1 0 11.000000 0.000000 0.000000 0.000000 0.000000 0.000000 0.000000 0.000000 0.000000 0.000000 30.000000 500.000000 0.000000
1 0 18.000000 -0.000000 -0.000000 -0.325241 0.000000 -0.000000 0.729582 -0.000000 0.000000 0.520616 0.000000 3000.000000 0.953474
1 0 22.000000 0.000000 0.000000 0.000000 0.000000 0.000000 0.000000 0.000000 0.000000 0.000000 14.000000 4500.000000 0.000000
1 0 10.000000 0.000000 0.000000 0.002517 -0.000000 0.000000 -0.007716 -0.000000 0.000000 0.909298 0.000000 1200.000000 0.909334
1 0 7.000000 0.000000 0.000000 0.000000 0.000000 0.000000 0.000000 0.000000 0.000000 0.000000 44.000000 800.000000 0.000000
1 0 12.000000 0.761793 0.082469 -0.199287 -0.077345 0.812256 0.020234 0.283283 0.000000 0.541439 25.000000 2000.000000 0.999921
1 0 7.000000 0.000000 0.000000 0.000000 0.000000 0.000000 0.000000 0.000000 0.000000 0.000000 10.000000 800.000000 0.000000
1 0 18.000000 -0.000000 -0.000000 0.536097 0.000000 -0.000000 -0.615602 0.000000 0.000000 0.492693 12.000000 3000.000000 0.953474
1 0 11.000000 0.000000 0.000000 0.000000 0.000000 0.000000 0.000000 0.000000 0.000000 0.000000 0.000000 3000.000000 0.000000
1 0 22.000000 0.147259 0.554317 -0.093086 -0.506064 0.161300 0.319897 0.235584 0.000000 0.745367 0.000000 2900.000000 0.999928
0 0 6.000000 0.000000 0.000000 0.000000 0.000000 0.000000 0.000000 0.000000 0.000000 0.000000 10.000000 1500.000000 0.000000
1 0 20.000000 0.816381 0.000000 0.000000 0.000000 0.816381 0.000000 0.000000 0.000000 0.577269 0.000000 2500.000000 0.999858
1 0 11.000000 0.000000 0.000000 0.000000 0.000000 0.000000 0.000000 0.000000 0.000000 0.000000 30.000000 1200.000000 0.000000
1 0 18.000000 0.000000 0.000000 0.000000 0.000000 0.000000 0.000000 0.000000 0.000000 0.000000 0.000000 3000.000000 0.000000
1 0 12.000000 0.000000 0.000000 0.934162 -0.000000 0.000000 -0.173793 -0.000000 0.000000 0.311413 25.000000 2000.000000 0.999921
1 0 25.000000 -0.100718 -0.799898 0.091163 0.492440 -0.163602 -0.445724 0.643398 0.000000 0.355416 20.000000 3500.000000 0.999951
1 0 22.000000 0.000000 0.000000 0.000000 0.000000 0.000000 0.000000 0.000000 0.000000 0.000000 0.000000 2900.000000 0.000000
1 0 7.000000 0.000000 0.000000 0.000000 0.000000 0.000000 0.000000 0.000000 0.000000 0.000000 0.000000 3500.000000 0.000000
1 0 12.000000 0.816432 0.000000 0.000000 0.000000 0.816432 0.000000 0.000000 0.000000 0.577304 0.000000 2000.000000 0.999921
0 0 6.000000 0.000000 0.000000 0.000000 0.000000 0.000000 0.000000 0.000000 0.000000 0.000000 10.000000 3000.000000 0.000000
1 0 12.000000 0.682547 0.317000 0.223831 -0.287579 0.752377 -0.094307 -0.343495 0.000000 0.523723 25.000000 2000.000000 0.999921
1 0 12.000000 0.682547 0.317000 0.223831 -0.287579 0.752377 -0.094307 -0.343495 0.000000 0.523723 12.000000 2000.000000 0.999921
1 0 14.000000 0.638053 -0.490674 -0.000000 0.391721 0.799232 -0.000000 0.564779 0.000000 0.000000 0.000000 2400.000000 0.937834
1 0 10.000000 -0.000000 -0.000000 -0.227504 0.000000 -0.000000 0.322309 -0.000000 0.000000 0.819297 36.000000 1200.000000 0.909334
1 0 11.000000 0.777804 0.000000 0.000000 0.000000 0.777804 0.000000 0.000000 0.000000 0.549990 0.000000 500.000000 0.952611
1 0 7.000000 0.000000 0.000000 0.000000 0.000000 0.000000 0.000000 0.000000 0.000000 0.000000 44.000000 2000.000000 0.000000
1 0 17.000000 -0.000000 0.000000 0.779660 0.000000 0.000000 -0.402552 -0.000000 0.000000 -0.280909 0.000000 1700.000000 0.921319
1 0 18.000000 -0.000000 -0.000000 -0.028293 0.000000 -0.000000 0.013830 -0.000000 0.000000 0.952954 0.000000 3000.000000 0.953474
1 0 11.000000 0.000000 -0.000000 -0.175015 0.000000 0.000000 -0.838555 0.000000 0.000000 0.416728 30.000000 3000.000000 0.952611
1 0 12.000000 0.000000 -0.000000 0.266614 0.000000 0.000000 0.513818 -0.000000 0.000000 0.815321 12.000000 2000.000000 0.999921
1 0 22.000000 0.775792 -0.246314 0.044987 0.245490 0.778396 0.014235 -0.066730 0.000000 0.575377 0.000000 2900.000000 0.999928
1 0 17.000000 0.000000 -0.000000 0.564588 0.000000 0.000000 0.334025 -0.000000 0.000000 0.646913 0.000000 1700.000000 0.921319
1 0 12.000000 0.000000 0.000000 0.000000 0.000000 0.000000 0.000000 0.000000 0.000000 0.000000 12.000000 2000.000000 0.000000
1 0 20.000000 -0.000000 0.000000 -0.163654 -0.000000 -0.000000 -0.068015 -0.000000 0.000000 0.984027 0.000000 2500.000000 0.999858
1 0 12.000000 0.000000 0.000000 0.000000 0.000000 0.000000 0.000000 0.000000 0.000000 0.000000 0.000000 2000.000000 0.000000
1 0 11.000000 -0.000000 0.000000 -0.115476 -0.000000 -0.000000 -0.038627 -0.000000 0.000000 0.944797 8.000000 1200.000000 0.952611
1 0 7.000000 0.544217 0.000000 0.000000 0.000000 0.544217 0.000000 0.000000 0.000000 0.384819 0.000000 800.000000 0.666527
1 0 17.000000 0.000000 0.000000 0.000000 0.000000 0.000000 0.000000 0.000000 0.000000 0.000000 12.000000 1900.000000 0.000000
1 0 7.000000 0.763959 0.000000 0.000000 0.000000 0.763959 0.000000 0.000000 0.000000 0.540200 44.000000 3500.000000 0.935655
1 0 22.000000 -0.000000 -0.000000 -0.028593 0.000000 -0.000000 0.013976 -0.000000 0.000000 0.963068 14.000000 1300.000000 0.963594
1 0 22.000000 -0.000000 -0.000000 0.000789 0.000000 -0.000000 -0.061027 0.000000 0.000000 0.961659 8.000000 1300.000000 0.963594
1 0 22.000000 -0.000000 0.000000 -0.804864 -0.000000 -0.000000 -0.551012 -0.000000 0.000000 0.220081 0.000000 2900.000000 0.999928
1 0 22.000000 0.786771 0.000000 0.000000 0.000000 0.786771 0.000000 0.000000 0.000000 0.556331 0.000000 4500.000000 0.963594
1 0 11.000000 -0.000000 0.000000 0.218742 -0.000000 -0.000000 0.640163 0.000000 0.000000 0.670679 8.000000 1200.000000 0.952611
0 0 6.000000 0.000000 0.000000 0.000000 0.000000 0.000000 0.000000 0.000000 0.000000 0.000000 4.000000 800.000000 0.000000
1 0 18.000000 -0.414184 0.298832 0.290477 -0.267720 -0.462317 0.187758 0.244571 0.000000 0.697456 0.000000 3000.000000 0.953474
1 0 12.000000 0.000000 0.000000 0.387687 -0.000000 0.000000 -0.163345 -0.000000 0.000000 0.907116 0.000000 2000.000000 0.999921
1 0 22.000000 -0.501904 -0.124412 -0.363042 0.110764 -0.563744 0.080119 -0.262887 0.000000 0.726878 0.000000 2900.000000 0.999928
1 0 7.000000 0.763959 0.000000 0.000000 0.000000 0.763959 0.000000 0.000000 0.000000 0.540200 10.000000 2000.000000 0.935655
1 0 12.000000 0.000000 0.000000 0.387687 -0.000000 0.000000 -0.163345 -0.000000 0.000000 0.907116 12.000000 2000.000000 0.999921
1 0 22.000000 -0.012427 -0.963513 0.000000 0.961579 -0.012452 -0.000000 0.061032 0.000000 0.000000 14.000000 1300.000000 0.963594
1 0 17.000000 -0.000000 -0.000000 -0.347595 0.000000 -0.000000 0.745496 -0.000000 0.000000 0.415021 0.000000 1700.000000 0.921319
1 0 22.000000 -0.865238 -0.423153 -0.000000 0.422922 -0.865710 0.000000 -0.031826 0.000000 0.000000 14.000000 1300.000000 0.963594
1 0 12.000000 0.000000 -0.000000 0.266614 0.000000 0.000000 0.513818 -0.000000 0.000000 0.815321 0.000000 2000.000000 0.999921
1 0 22.000000 -0.000000 -0.000000 0.541787 0.000000 -0.000000 -0.622136 0.000000 0.000000 0.497922 0.000000 4500.000000 0.963594
1 0 11.000000 0.000000 -0.000000 -0.175015 0.000000 0.000000 -0.838555 0.000000 0.000000 0.416728 0.000000 500.000000 0.952611
1 0 22.000000 0.000000 -0.000000 -0.088071 0.000000 0.000000 -0.077168 0.000000 0.000000 0.993048 0.000000 2900.000000 0.999928
1 0 12.000000 0.761793 0.082469 -0.199287 -0.077345 0.812256 0.020234 0.283283 0.000000 0.541439 0.000000 2000.000000 0.999921
1 0 22.000000 -0.000000 -0.000000 -0.028593 0.000000 -0.000000 0.013976 -0.000000 0.000000 0.963068 14.000000 4500.000000 0.963594
1 0 14.000000 -0.000000 0.000000 0.793636 0.000000 0.000000 -0.409768 -0.000000 0.000000 -0.285945 14.000000 800.000000 0.937834
1 0 14.000000 -0.000000 -0.000000 -0.353826 0.000000 -0.000000 0.758860 -0.000000 0.000000 0.422460 14.000000 800.000000 0.937834
1 0 7.000000 0.763959 0.000000 0.000000 0.000000 0.763959 0.000000 0.000000 0.000000 0.540200 44.000000 800.000000 0.935655
1 0 22.000000 -0.214226 -0.880103 -0.000000 0.480553 -0.392342 0.000000 -0.807272 0.000000 0.000000 8.000000 1300.000000 0.963594
1 0 12.000000 -0.000000 0.000000 -0.204557 -0.000000 -0.000000 -0.687151 -0.000000 0.000000 0.697009 12.000000 2000.000000 0.999921
1 0 14.000000 -0.000000 0.000000 -0.933197 -0.000000 -0.000000 -0.074665 -0.000000 0.000000 0.055684 14.000000 800.000000 0.937834
1 0 22.000000 0.000000 0.000000 0.411620 -0.000000 0.000000 -0.176204 -0.000000 0.000000 0.894079 0.000000 2900.000000 0.999928
1 0 11.000000 -0.000000 0.000000 0.218742 -0.000000 -0.000000 0.640163 0.000000 0.000000 0.670679 0.000000 500.000000 0.952611
1 0 11.000000 -0.000000 0.000000 0.218742 -0.000000 -0.000000 0.640163 0.000000 0.000000 0.670679 8.000000 3000.000000 0.952611
1 0 17.000000 -0.000000 0.000000 -0.268327 -0.000000 -0.000000 -0.879185 -0.000000 0.000000 0.062153 0.000000 1700.000000 0.921319
1 0 12.000000 0.331066 0.591982 -0.321336 -0.348576 0.562244 0.338332 0.659887 0.000000 0.339934 12.000000 2000.000000 0.999921
1 0 17.000000 0.227777 -0.747271 -0.000000 0.315849 0.538902 -0.000000 0.834977 0.000000 0.000000 12.000000 1900.000000 0.921319
1 0 10.000000 0.341498 -0.807143 0.000000 0.658133 0.418817 0.000000 -0.526429 0.000000 0.000000 0.000000 1200.000000 0.909334
1 0 14.000000 0.000000 -0.000000 0.574709 0.000000 0.000000 0.340013 -0.000000 0.000000 0.658509 14.000000 800.000000 0.937834
1 0 12.000000 0.000000 0.000000 0.002768 -0.000000 0.000000 -0.008484 -0.000000 0.000000 0.999881 12.000000 2000.000000 0.999921
1 0 11.000000 -0.000000 0.000000 -0.115476 -0.000000 -0.000000 -0.038627 -0.000000 0.000000 0.944797 0.000000 1200.000000 0.952611
1 0 22.000000 -0.104847 0.326124 -0.657169 -0.071779 -0.476370 -0.449899 -0.563152 0.000000 0.179695 0.000000 2900.000000 0.999928
1 0 12.000000 0.000000 0.000000 0.000000 0.000000 0.000000 0.000000 0.000000 0.000000 0.000000 25.000000 2000.000000 0.000000
1 0 7.000000 0.763959 0.000000 0.000000 0.000000 0.763959 0.000000 0.000000 0.000000 0.540200 10.000000 800.000000 0.935655
1 0 12.000000 0.360145 0.450637 0.031690 -0.449768 0.360841 -0.039576 -0.035851 0.000000 0.814856 14.000000 1500.000000 0.999921
1 0 14.000000 0.727616 -0.231018 0.042193 0.230245 0.730059 0.013351 -0.062586 0.000000 0.539647 26.000000 2600.000000 0.937834
1 0 18.000000 0.374524 -0.288015 -0.399543 0.229932 0.469132 -0.245292 0.331513 0.000000 0.621509 0.000000 3000.000000 0.953474
1 0 11.000000 0.000000 0.000000 0.000000 0.000000 0.000000 0.000000 0.000000 0.000000 0.000000 0.000000 1200.000000 0.000000
1 0 14.000000 -0.000000 0.000000 0.349925 -0.000000 -0.000000 0.226184 0.000000 0.000000 0.840194 0.000000 2400.000000 0.937834
1 0 22.000000 -0.284200 0.391613 0.445320 -0.262383 -0.424176 0.411134 0.428568 0.000000 0.547018 0.000000 2900.000000 0.999928
1 0 14.000000 -0.000000 0.000000 0.793636 0.000000 0.000000 -0.409768 -0.000000 0.000000 -0.285945 0.000000 800.000000 0.937834
1 0 22.000000 -0.000000 -0.000000 0.000789 0.000000 -0.000000 -0.061027 0.000000 0.000000 0.961659 0.000000 4500.000000 0.963594
1 0 22.000000 0.000000 -0.786771 0.000000 0.786771 0.000000 0.000000 0.000000 0.000000 0.556331 8.000000 1300.000000 0.963594
1 0 18.000000 -0.122385 -0.502791 -0.265558 0.274534 -0.224140 0.595702 -0.461184 0.000000 0.425081 0.000000 3000.000000 0.953474
1 0 18.000000 -0.000000 -0.000000 0.000780 0.000000 -0.000000 -0.060386 0.000000 0.000000 0.951560 0.000000 3000.000000 0.953474
1 0 14.000000 0.368380 -0.283291 -0.392989 0.226160 0.461437 -0.241268 0.326076 0.000000 0.611314 0.000000 2400.000000 0.937834
1 0 14.000000 -0.219365 -0.713903 -0.119535 0.565476 -0.276944 0.308135 -0.467409 0.000000 0.428885 26.000000 2600.000000 0.937834
1 0 17.000000 -0.000000 -0.000000 0.513923 -0.000000 0.000000 0.748144 -0.000000 0.000000 -0.158088 0.000000 1700.000000 0.921319
1 0 10.000000 0.848478 0.091853 -0.000000 -0.086146 0.904683 0.000000 0.315518 0.000000 0.000000 0.000000 1200.000000 0.909334
1 0 12.000000 0.051597 -0.565127 -0.149996 0.247220 0.117948 -0.718681 0.519134 0.000000 0.357156 14.000000 1500.000000 0.999921
1 0 10.000000 0.742468 0.000000 0.000000 0.000000 0.742468 0.000000 0.000000 0.000000 0.525004 36.000000 1200.000000 0.909334
1 0 10.000000 0.000000 -0.000000 0.341611 0.000000 0.000000 0.487500 -0.000000 0.000000 0.687411 16.000000 1200.000000 0.909334
1 0 12.000000 -0.165383 -0.538225 -0.180239 0.426323 -0.208793 0.464617 -0.352388 0.000000 0.646688 0.000000 1000.000000 0.999921
1 0 11.000000 0.000000 -0.000000 -0.175015 0.000000 0.000000 -0.838555 0.000000 0.000000 0.416728 8.000000 1200.000000 0.952611
1 0 17.000000 -0.000000 0.000000 -0.916764 -0.000000 -0.000000 -0.073350 -0.000000 0.000000 0.054704 0.000000 1700.000000 0.921319
1 0 18.000000 -0.494299 -0.241742 -0.023101 0.241610 -0.494569 0.011292 -0.018182 0.000000 0.778084 12.000000 3000.000000 0.953474
1 0 22.000000 -0.100716 -0.799879 0.091161 0.492428 -0.163598 -0.445713 0.643383 0.000000 0.355408 0.000000 2900.000000 0.999928
1 0 7.000000 0.544217 0.000000 0.000000 0.000000 0.544217 0.000000 0.000000 0.000000 0.384819 44.000000 800.000000 0.666527
1 0 14.000000 0.000000 0.000000 0.478631 -0.000000 0.000000 -0.599151 -0.000000 0.000000 0.539874 0.000000 800.000000 0.937834
1 0 10.000000 0.000000 0.000000 0.362412 -0.000000 0.000000 -0.316268 -0.000000 0.000000 0.771699 36.000000 1200.000000 0.909334
1 0 12.000000 0.682547 0.317000 0.223831 -0.287579 0.752377 -0.094307 -0.343495 0.000000 0.523723 0.000000 2000.000000 0.999921
1 0 10.000000 -0.826406 0.348983 -0.000000 -0.343457 -0.839702 -0.000000 -0.161179 0.000000 0.000000 36.000000 1200.000000 0.909334
1 0 10.000000 0.000000 -0.000000 0.341611 0.000000 0.000000 0.487500 -0.000000 0.000000 0.687411 36.000000 1200.000000 0.909334
1 0 11.000000 0.000000 -0.000000 -0.175015 0.000000 0.000000 -0.838555 0.000000 0.000000 0.416728 0.000000 3000.000000 0.952611
1 0 10.000000 -0.000000 -0.000000 -0.227504 0.000000 -0.000000 0.322309 -0.000000 0.000000 0.819297 16.000000 1200.000000 0.909334
1 0 18.000000 -0.494299 -0.241742 -0.023101 0.241610 -0.494569 0.011292 -0.018182 0.000000 0.778084 0.000000 3000.000000 0.953474
1 0 18.000000 -0.122385 -0.502791 -0.265558 0.274534 -0.224140 0.595702 -0.461184 0.000000 0.425081 12.000000 3000.000000 0.953474
1 0 18.000000 0.000000 -0.000000 -0.489338 0.000000 0.000000 -0.300420 0.000000 0.000000 0.761189 0.000000 3000.000000 0.953474
1 0 18.000000 -0.000000 -0.000000 -0.028293 0.000000 -0.000000 0.013830 -0.000000 0.000000 0.952954 12.000000 3000.000000 0.953474
1 0 18.000000 0.000000 -0.000000 -0.489338 0.000000 0.000000 -0.300420 0.000000 0.000000 0.761189 12.000000 3000.000000 0.953474
1 0 11.000000 -0.000000 0.000000 -0.115476 -0.000000 -0.000000 -0.038627 -0.000000 0.000000 0.944797 8.000000 500.000000 0.952611
1 0 14.000000 -0.000000 -0.000000 -0.353826 0.000000 -0.000000 0.758860 -0.000000 0.000000 0.422460 0.000000 800.000000 0.937834
1 0 18.000000 -0.186811 -0.415138 0.437721 0.214516 -0.361522 -0.502637 0.471298 0.000000 0.402282 0.000000 3000.000000 0.953474
1 0 12.000000 0.306609 -0.724681 0.153930 0.590895 0.376029 0.296653 -0.472647 0.000000 0.470726 12.000000 2000.000000 0.999921
1 0 12.000000 0.253188 0.776178 0.001598 -0.776147 0.253198 -0.004898 -0.007287 0.000000 0.577282 12.000000 2000.000000 0.999921
1 0 10.000000 0.463180 0.579562 0.020378 -0.578444 0.464076 -0.025450 -0.046108 0.000000 0.523991 0.000000 1200.000000 0.909334
1 0 22.000000 -0.000000 -0.000000 -0.328693 0.000000 -0.000000 0.737326 -0.000000 0.000000 0.526141 0.000000 4500.000000 0.963594
1 0 22.000000 0.000000 -0.000000 -0.494531 0.000000 0.000000 -0.303608 0.000000 0.000000 0.769268 14.000000 1300.000000 0.963594
1 0 22.000000 0.786771 0.000000 0.000000 0.000000 0.786771 0.000000 0.000000 0.000000 0.556331 14.000000 1300.000000 0.963594
1 0 17.000000 0.000000 0.000000 0.367189 -0.000000 0.000000 -0.320436 -0.000000 0.000000 0.781870 12.000000 1900.000000 0.921319
1 0 11.000000 0.777804 0.000000 0.000000 0.000000 0.777804 0.000000 0.000000 0.000000 0.549990 0.000000 1200.000000 0.952611
1 0 12.000000 0.253188 0.776178 0.001598 -0.776147 0.253198 -0.004898 -0.007287 0.000000 0.577282 25.000000 2000.000000 0.999921
1 0 10.000000 0.394485 -0.744696 0.000000 0.562953 0.521839 0.000000 -0.595277 0.000000 0.000000 16.000000 1200.000000 0.909334
1 0 14.000000 0.000000 -0.000000 -0.478631 -0.000000 -0.000000 0.599151 -0.000000 0.000000 -0.539874 0.000000 800.000000 0.937834
1 0 25.000000 0.775810 -0.246320 0.044988 0.245495 0.778414 0.014236 -0.066732 0.000000 0.575391 20.000000 5000.000000 0.999951
1 0 10.000000 0.000000 0.000000 0.362412 -0.000000 0.000000 -0.316268 -0.000000 0.000000 0.771699 16.000000 1200.000000 0.909334
1 0 11.000000 -0.000000 0.000000 -0.115476 -0.000000 -0.000000 -0.038627 -0.000000 0.000000 0.944797 30.000000 3000.000000 0.952611
1 0 12.000000 0.816432 0.000000 0.000000 0.000000 0.816432 0.000000 0.000000 0.000000 0.577304 25.000000 2000.000000 0.999921
1 0 10.000000 0.000000 0.000000 -0.313904 -0.000000 0.000000 0.031871 0.000000 0.000000 0.852840 0.000000 1200.000000 0.909334
1 0 12.000000 0.249978 0.149328 0.539339 -0.046506 0.802659 -0.100340 -0.775828 0.000000 0.179794 25.000000 2000.000000 0.999921
1 0 10.000000 -0.826406 0.348983 -0.000000 -0.343457 -0.839702 -0.000000 -0.161179 0.000000 0.000000 16.000000 1200.000000 0.909334
1 0 12.000000 -0.071216 -0.565596 0.128920 0.348197 -0.115681 -0.630329 0.454937 0.000000 0.502619 0.000000 1000.000000 0.999921
1 0 22.000000 -0.000000 -0.000000 0.541787 0.000000 -0.000000 -0.622136 0.000000 0.000000 0.497922 14.000000 1300.000000 0.963594
1 0 7.000000 0.544217 0.000000 0.000000 0.000000 0.544217 0.000000 0.000000 0.000000 0.384819 44.000000 2000.000000 0.666527
1 0 14.000000 -0.094461 -0.750208 0.085500 0.461849 -0.153439 -0.418035 0.603430 0.000000 0.333338 26.000000 2600.000000 0.937834
1 0 14.000000 -0.219365 -0.713903 -0.119535 0.565476 -0.276944 0.308135 -0.467409 0.000000 0.428885 8.000000 2600.000000 0.937834
1 0 11.000000 0.777804 0.000000 0.000000 0.000000 0.777804 0.000000 0.000000 0.000000 0.549990 30.000000 500.000000 0.952611
1 0 12.000000 0.000000 0.000000 -0.345175 -0.000000 0.000000 0.035046 0.000000 0.000000 0.937799 0.000000 2000.000000 0.999921
1 0 18.000000 -0.000000 0.000000 0.355760 -0.000000 -0.000000 0.229956 0.000000 0.000000 0.854206 0.000000 3000.000000 0.953474
1 0 10.000000 0.000000 -0.000000 0.242461 0.000000 0.000000 0.467269 -0.000000 0.000000 0.741458 0.000000 1200.000000 0.909334
1 0 11.000000 -0.000000 0.000000 0.218742 -0.000000 -0.000000 0.640163 0.000000 0.000000 0.670679 30.000000 1200.000000 0.952611
1 0 17.000000 0.469285 0.587201 0.020647 -0.586068 0.470192 -0.025785 -0.046715 0.000000 0.530897 0.000000 1700.000000 0.921319
1 0 12.000000 -0.542996 0.183135 -0.098968 -0.181633 -0.547487 -0.033105 -0.073793 0.000000 0.809735 14.000000 1500.000000 0.999921
1 0 14.000000 -0.000000 -0.000000 0.523136 -0.000000 0.000000 0.761555 -0.000000 0.000000 -0.160922 0.000000 800.000000 0.937834
1 0 17.000000 0.067234 -0.736386 -0.097726 0.322139 0.153691 -0.468237 0.676455 0.000000 0.232695 0.000000 1700.000000 0.921319
1 0 12.000000 0.331066 0.591982 -0.321336 -0.348576 0.562244 0.338332 0.659887 0.000000 0.339934 25.000000 2000.000000 0.999921
1 0 10.000000 -0.000000 0.000000 -0.186025 -0.000000 -0.000000 -0.624899 -0.000000 0.000000 0.633864 0.000000 1200.000000 0.909334
1 0 14.000000 -0.000000 -0.000000 0.527303 0.000000 -0.000000 -0.605505 0.000000 0.000000 0.484611 0.000000 2400.000000 0.937834
1 0 7.000000 0.000000 0.000000 0.000000 0.000000 0.000000 0.000000 0.000000 0.000000 0.000000 0.000000 2000.000000 0.000000
1 0 17.000000 0.000000 0.000000 0.000000 0.000000 0.000000 0.000000 0.000000 0.000000 0.000000 0.000000 1700.000000 0.000000
1 0 17.000000 -0.054529 0.073480 -0.000000 -0.004363 -0.918384 -0.000000 -0.919694 0.000000 0.000000 0.000000 1700.000000 0.921319
1 0 17.000000 -0.000000 -0.000000 0.350922 -0.000000 0.000000 0.134957 -0.000000 0.000000 -0.841112 0.000000 1700.000000 0.921319
1 0 22.000000 0.000000 -0.786771 0.000000 0.786771 0.000000 0.000000 0.000000 0.000000 0.556331 0.000000 4500.000000 0.963594
1 0 12.000000 0.000000 0.000000 -0.345175 -0.000000 0.000000 0.035046 0.000000 0.000000 0.937799 25.000000 2000.000000 0.999921
1 0 12.000000 0.000000 0.000000 0.002768 -0.000000 0.000000 -0.008484 -0.000000 0.000000 0.999881 0.000000 2000.000000 0.999921
1 0 12.000000 -0.162374 0.782496 -0.118101 -0.545450 -0.232940 -0.396727 -0.585389 0.000000 0.402418 12.000000 2000.000000 0.999921
1 0 17.000000 -0.249603 0.422678 0.000000 0.128874 0.818640 -0.000000 -0.877450 0.000000 -0.000000 0.000000 1700.000000 0.921319
1 0 25.000000 -0.233894 -0.761188 -0.127452 0.602930 -0.295287 0.328544 -0.498368 0.000000 0.457292 10.000000 5000.000000 0.999951
1 0 22.000000 -0.000000 -0.000000 0.541787 0.000000 -0.000000 -0.622136 0.000000 0.000000 0.497922 14.000000 4500.000000 0.963594
1 0 14.000000 -0.000000 0.000000 -0.357212 -0.000000 -0.000000 -0.137376 -0.000000 0.000000 0.856189 14.000000 800.000000 0.937834
1 0 17.000000 0.589096 0.605778 0.000000 -0.514089 0.694163 -0.000000 -0.487347 0.000000 0.000000 0.000000 1500.000000 0.921319
1 0 18.000000 0.374524 -0.288015 -0.399543 0.229932 0.469132 -0.245292 0.331513 0.000000 0.621509 12.000000 3000.000000 0.953474
1 0 12.000000 -0.000000 0.000000 -0.204557 -0.000000 -0.000000 -0.687151 -0.000000 0.000000 0.697009 0.000000 2000.000000 0.999921
1 0 25.000000 0.000000 0.000000 0.000000 0.000000 0.000000 0.000000 0.000000 0.000000 0.000000 20.000000 5000.000000 0.000000
1 0 11.000000 0.000000 -0.000000 -0.175015 0.000000 0.000000 -0.838555 0.000000 0.000000 0.416728 8.000000 500.000000 0.952611
1 0 14.000000 -0.000000 -0.000000 -0.027829 0.000000 -0.000000 0.013603 -0.000000 0.000000 0.937322 0.000000 2400.000000 0.937834
1 0 22.000000 -0.000000 -0.000000 -0.328693 0.000000 -0.000000 0.737326 -0.000000 0.000000 0.526141 8.000000 1300.000000 0.963594
1 0 12.000000 0.000000 -0.000000 0.266614 0.000000 0.000000 0.513818 -0.000000 0.000000 0.815321 25.000000 2000.000000 0.999921
1 0 22.000000 0.000000 -0.786771 0.000000 0.786771 0.000000 0.000000 0.000000 0.000000 0.556331 14.000000 4500.000000 0.963594
1 0 14.000000 -0.000000 -0.000000 -0.319906 0.000000 -0.000000 0.717615 -0.000000 0.000000 0.512076 0.000000 2400.000000 0.937834
1 0 14.000000 -0.012095 -0.937756 0.000000 0.935873 -0.012119 -0.000000 0.059401 0.000000 0.000000 0.000000 2400.000000 0.937834
1 0 12.000000 0.548563 -0.174169 0.063620 0.173586 0.550405 0.020132 -0.047185 0.000000 0.813700 0.000000 1000.000000 0.999921
1 0 17.000000 0.460519 0.709365 -0.000000 0.555662 -0.587904 -0.000000 -0.572705 0.000000 -0.000000 0.000000 1700.000000 0.921319
1 0 14.000000 -0.094461 -0.750208 0.085500 0.461849 -0.153439 -0.418035 0.603430 0.000000 0.333338 8.000000 2600.000000 0.937834
1 0 11.000000 -0.000000 0.000000 0.218742 -0.000000 -0.000000 0.640163 0.000000 0.000000 0.670679 0.000000 1200.000000 0.952611
1 0 11.000000 0.000000 0.000000 0.000000 0.000000 0.000000 0.000000 0.000000 0.000000 0.000000 0.000000 500.000000 0.000000
1 0 11.000000 0.777804 0.000000 0.000000 0.000000 0.777804 0.000000 0.000000 0.000000 0.549990 8.000000 3000.000000 0.952611
1 0 7.000000 0.544217 0.000000 0.000000 0.000000 0.544217 0.000000 0.000000 0.000000 0.384819 0.000000 2000.000000 0.666527
1 0 22.000000 -0.000000 -0.000000 -0.328693 0.000000 -0.000000 0.737326 -0.000000 0.000000 0.526141 14.000000 1300.000000 0.963594
1 0 12.000000 0.000000 0.000000 -0.556571 -0.000000 0.000000 0.586008 0.000000 0.000000 0.588782 12.000000 2000.000000 0.999921
1 0 22.000000 -0.000000 -0.000000 -0.028593 0.000000 -0.000000 0.013976 -0.000000 0.000000 0.963068 0.000000 4500.000000 0.963594
1 0 17.000000 0.000000 -0.000000 -0.470202 -0.000000 -0.000000 0.588600 -0.000000 0.000000 -0.530367 0.000000 1700.000000 0.921319
1 0 22.000000 -0.000000 -0.000000 -0.328693 0.000000 -0.000000 0.737326 -0.000000 0.000000 0.526141 14.000000 4500.000000 0.963594
1 0 25.000000 0.000000 0.000000 0.000000 0.000000 0.000000 0.000000 0.000000 0.000000 0.000000 10.000000 5000.000000 0.000000
1 0 12.000000 0.614387 -0.534296 -0.042528 0.531754 0.617324 -0.036808 0.079542 0.000000 0.574558 12.000000 2000.000000 0.999921
1 0 17.000000 0.000000 0.000000 -0.365449 0.000000 -0.000000 -0.440951 -0.000000 0.000000 -0.721691 0.000000 1700.000000 0.921319
1 0 25.000000 0.775810 -0.246320 0.044988 0.245495 0.778414 0.014236 -0.066732 0.000000 0.575391 20.000000 3500.000000 0.999951
1 0 7.000000 0.544217 0.000000 0.000000 0.000000 0.544217 0.000000 0.000000 0.000000 0.384819 10.000000 2000.000000 0.666527
1 0 12.000000 0.816432 0.000000 0.000000 0.000000 0.816432 0.000000 0.000000 0.000000 0.577304 12.000000 2000.000000 0.999921
1 0 25.000000 0.000000 0.000000 0.000000 0.000000 0.000000 0.000000 0.000000 0.000000 0.000000 20.000000 3500.000000 0.000000
1 0 25.000000 -0.100718 -0.799898 0.091163 0.492440 -0.163602 -0.445724 0.643398 0.000000 0.355416 20.000000 5000.000000 0.999951
1 0 22.000000 -0.000000 -0.000000 0.000789 0.000000 -0.000000 -0.061027 0.000000 0.000000 0.961659 14.000000 1300.000000 0.963594
1 0 25.000000 0.775810 -0.246320 0.044988 0.245495 0.778414 0.014236 -0.066732 0.000000 0.575391 10.000000 5000.000000 0.999951
1 0 11.000000 0.000000 0.000000 0.036976 -0.000000 0.000000 -0.046178 -0.000000 0.000000 0.950772 30.000000 1200.000000 0.952611
1 0 12.000000 0.000000 0.000000 0.002768 -0.000000 0.000000 -0.008484 -0.000000 0.000000 0.999881 25.000000 2000.000000 0.999921
1 0 12.000000 0.000000 0.000000 -0.345175 -0.000000 0.000000 0.035046 0.000000 0.000000 0.937799 12.000000 2000.000000 0.999921
1 0 10.000000 -0.472463 -0.742906 -0.000000 0.669347 -0.524385 0.000000 -0.394514 0.000000 0.000000 16.000000 1200.000000 0.909334
##END
