##LIST_SIZE=131
##LISTDATA
0 0 6.000000 0.000000 0.000000 0.000000 0.000000 0.000000 0.000000 0.000000 0.000000 0.000000 0.000000 3500.000000 0.000000
1 0 6.000000 0.000000 0.000000 0.000000 0.000000 0.000000 0.000000 0.000000 0.000000 0.000000 0.000000 3500.000000 0.000000
1 0 6.000000 0.440065 0.000000 0.000000 0.000000 0.440065 0.000000 0.000000 0.000000 0.311173 0.000000 3500.000000 0.538967
1 1 6.000000 0.621794 0.000000 0.000000 0.000000 0.621794 0.000000 0.000000 0.000000 0.439675 0.000000 3500.000000 0.761539
1 2 6.000000 0.801085 0.000000 0.000000 0.000000 0.801085 0.000000 0.000000 0.000000 0.566453 0.000000 3500.000000 0.981125
1 0 6.000000 0.538967 0.000000 0.000000 0.000000 0.538967 0.000000 0.000000 0.000000 0.000000 0.000000 3500.000000 0.538967
1 1 6.000000 0.761539 0.000000 0.000000 0.000000 0.761539 0.000000 0.000000 0.000000 0.000000 0.000000 3500.000000 0.761539
1 2 6.000000 0.981125 0.000000 0.000000 0.000000 0.981125 0.000000 0.000000 0.000000 0.000000 0.000000 3500.000000 0.981125
1 0 6.000000 0.000000 0.000000 0.000000 0.000000 0.000000 0.000000 0.000000 0.000000 0.538967 0.000000 3500.000000 0.538967
1 1 6.000000 0.000000 0.000000 0.000000 0.000000 0.000000 0.000000 0.000000 0.000000 0.761539 0.000000 3500.000000 0.761539
1 2 6.000000 0.000000 0.000000 0.000000 0.000000 0.000000 0.000000 0.000000 0.000000 0.981125 0.000000 3500.000000 0.981125
1 0 8.000000 0.000000 0.000000 0.000000 0.000000 0.000000 0.000000 0.000000 0.000000 0.000000 0.000000 3500.000000 0.000000
1 0 8.000000 0.445435 0.000000 0.000000 0.000000 0.445435 0.000000 0.000000 0.000000 0.314970 0.000000 3500.000000 0.545544
1 1 8.000000 0.629381 0.000000 0.000000 0.000000 0.629381 0.000000 0.000000 0.000000 0.445040 0.000000 3500.000000 0.770831
1 2 8.000000 0.810860 0.000000 0.000000 0.000000 0.810860 0.000000 0.000000 0.000000 0.573365 0.000000 3500.000000 0.993097
1 0 8.000000 0.545544 0.000000 0.000000 0.000000 0.545544 0.000000 0.000000 0.000000 0.000000 0.000000 3500.000000 0.545544
1 1 8.000000 0.770831 0.000000 0.000000 0.000000 0.770831 0.000000 0.000000 0.000000 0.000000 0.000000 3500.000000 0.770831
1 2 8.000000 0.993097 0.000000 0.000000 0.000000 0.993097 0.000000 0.000000 0.000000 0.000000 0.000000 3500.000000 0.993097
1 0 8.000000 0.000000 0.000000 0.000000 0.000000 0.000000 0.000000 0.000000 0.000000 0.545544 0.000000 3500.000000 0.545544
1 1 8.000000 0.000000 0.000000 0.000000 0.000000 0.000000 0.000000 0.000000 0.000000 0.770831 0.000000 3500.000000 0.770831
1 2 8.000000 0.000000 0.000000 0.000000 0.000000 0.000000 0.000000 0.000000 0.000000 0.993097 0.000000 3500.000000 0.993097
1 0 10.000000 0.000000 0.000000 0.000000 0.000000 0.000000 0.000000 0.000000 0.000000 0.000000 0.000000 3500.000000 0.000000
1 0 10.000000 0.447422 0.000000 0.000000 0.000000 0.447422 0.000000 0.000000 0.000000 0.316375 0.000000 3500.000000 0.547977
1 1 10.000000 0.632188 0.000000 0.000000 0.000000 0.632188 0.000000 0.000000 0.000000 0.447025 0.000000 3500.000000 0.774270
1 2 10.000000 0.814477 0.000000 0.000000 0.000000 0.814477 0.000000 0.000000 0.000000 0.575922 0.000000 3500.000000 0.997526
1 0 10.000000 0.547977 0.000000 0.000000 0.000000 0.547977 0.000000 0.000000 0.000000 0.000000 0.000000 3500.000000 0.547977
1 1 10.000000 0.774270 0.000000 0.000000 0.000000 0.774270 0.000000 0.000000 0.000000 0.000000 0.000000 3500.000000 0.774270
1 2 10.000000 0.997526 0.000000 0.000000 0.000000 0.997526 0.000000 0.000000 0.000000 0.000000 0.000000 3500.000000 0.997526
1 0 10.000000 0.000000 0.000000 0.000000 0.000000 0.000000 0.000000 0.000000 0.000000 0.547977 0.000000 3500.000000 0.547977
1 1 10.000000 0.000000 0.000000 0.000000 0.000000 0.000000 0.000000 0.000000 0.000000 0.774270 0.000000 3500.000000 0.774270
1 2 10.000000 0.000000 0.000000 0.000000 0.000000 0.000000 0.000000 0.000000 0.000000 0.997526 0.000000 3500.000000 0.997526
1 0 12.000000 0.000000 0.000000 0.000000 0.000000 0.000000 0.000000 0.000000 0.000000 0.000000 0.000000 3500.000000 0.000000
1 0 12.000000 0.447854 0.000000 0.000000 0.000000 0.447854 0.000000 0.000000 0.000000 0.316681 0.000000 3500.000000 0.548507
1 1 12.000000 0.632800 0.000000 0.000000 0.000000 0.632800 0.000000 0.000000 0.000000 0.447457 0.000000 3500.000000 0.775018
1 2 12.000000 0.815265 0.000000 0.000000 0.000000 0.815265 0.000000 0.000000 0.000000 0.576479 0.000000 3500.000000 0.998491
1 0 12.000000 0.548507 0.000000 0.000000 0.000000 0.548507 0.000000 0.000000 0.000000 0.000000 0.000000 3500.000000 0.548507
1 1 12.000000 0.775018 0.000000 0.000000 0.000000 0.775018 0.000000 0.000000 0.000000 0.000000 0.000000 3500.000000 0.775018
1 2 12.000000 0.998491 0.000000 0.000000 0.000000 0.998491 0.000000 0.000000 0.000000 0.000000 0.000000 3500.000000 0.998491
1 0 12.000000 0.000000 0.000000 0.000000 0.000000 0.000000 0.000000 0.000000 0.000000 0.548507 0.000000 3500.000000 0.548507
1 1 12.000000 0.000000 0.000000 0.000000 0.000000 0.000000 0.000000 0.000000 0.000000 0.775018 0.000000 3500.000000 0.775018
1 2 12.000000 0.000000 0.000000 0.000000 0.000000 0.000000 0.000000 0.000000 0.000000 0.998491 0.000000 3500.000000 0.998491
1 0 14.000000 0.000000 0.000000 0.000000 0.000000 0.000000 0.000000 0.000000 0.000000 0.000000 0.000000 3500.000000 0.000000
1 0 14.000000 0.448214 0.000000 0.000000 0.000000 0.448214 0.000000 0.000000 0.000000 0.316935 0.000000 3500.000000 0.548948
1 1 14.000000 0.633308 0.000000 0.000000 0.000000 0.633308 0.000000 0.000000 0.000000 0.447817 0.000000 3500.000000 0.775641
1 2 14.000000 0.815920 0.000000 0.000000 0.000000 0.815920 0.000000 0.000000 0.000000 0.576943 0.000000 3500.000000 0.999294
1 0 14.000000 0.548948 0.000000 0.000000 0.000000 0.548948 0.000000 0.000000 0.000000 0.000000 0.000000 3500.000000 0.548948
1 1 14.000000 0.775641 0.000000 0.000000 0.000000 0.775641 0.000000 0.000000 0.000000 0.000000 0.000000 3500.000000 0.775641
1 2 14.000000 0.999294 0.000000 0.000000 0.000000 0.999294 0.000000 0.000000 0.000000 0.000000 0.000000 3500.000000 0.999294
1 0 14.000000 0.000000 0.000000 0.000000 0.000000 0.000000 0.000000 0.000000 0.000000 0.548948 0.000000 3500.000000 0.548948
1 1 14.000000 0.000000 0.000000 0.000000 0.000000 0.000000 0.000000 0.000000 0.000000 0.775641 0.000000 3500.000000 0.775641
1 2 14.000000 0.000000 0.000000 0.000000 0.000000 0.000000 0.000000 0.000000 0.000000 0.999294 0.000000 3500.000000 0.999294
1 0 16.000000 0.000000 0.000000 0.000000 0.000000 0.000000 0.000000 0.000000 0.000000 0.000000 0.000000 3500.000000 0.000000
1 0 16.000000 0.448291 0.000000 0.000000 0.000000 0.448291 0.000000 0.000000 0.000000 0.316990 0.000000 3500.000000 0.549043
1 1 16.000000 0.633417 0.000000 0.000000 0.000000 0.633417 0.000000 0.000000 0.000000 0.447894 0.000000 3500.000000 0.775775
1 2 16.000000 0.816060 0.000000 0.000000 0.000000 0.816060 0.000000 0.000000 0.000000 0.577042 0.000000 3500.000000 0.999466
1 0 16.000000 0.549043 0.000000 0.000000 0.000000 0.549043 0.000000 0.000000 0.000000 0.000000 0.000000 3500.000000 0.549043
1 1 16.000000 0.775775 0.000000 0.000000 0.000000 0.775775 0.000000 0.000000 0.000000 0.000000 0.000000 3500.000000 0.775775
1 2 16.000000 0.999466 0.000000 0.000000 0.000000 0.999466 0.000000 0.000000 0.000000 0.000000 0.000000 3500.000000 0.999466
1 0 16.000000 0.000000 0.000000 0.000000 0.000000 0.000000 0.000000 0.000000 0.000000 0.549043 0.000000 3500.000000 0.549043
1 1 16.000000 0.000000 0.000000 0.000000 0.000000 0.000000 0.000000 0.000000 0.000000 0.775775 0.000000 3500.000000 0.775775
1 2 16.000000 0.000000 0.000000 0.000000 0.000000 0.000000 0.000000 0.000000 0.000000 0.999466 0.000000 3500.000000 0.999466
1 0 18.000000 0.000000 0.000000 0.000000 0.000000 0.000000 0.000000 0.000000 0.000000 0.000000 0.000000 3500.000000 0.000000
1 0 18.000000 0.448426 0.000000 0.000000 0.000000 0.448426 0.000000 0.000000 0.000000 0.317085 0.000000 3500.000000 0.549207
1 1 18.000000 0.633607 0.000000 0.000000 0.000000 0.633607 0.000000 0.000000 0.000000 0.448028 0.000000 3500.000000 0.776007
1 2 18.000000 0.816305 0.000000 0.000000 0.000000 0.816305 0.000000 0.000000 0.000000 0.577215 0.000000 3500.000000 0.999765
1 0 18.000000 0.549207 0.000000 0.000000 0.000000 0.549207 0.000000 0.000000 0.000000 0.000000 0.000000 3500.000000 0.549207
1 1 18.000000 0.776007 0.000000 0.000000 0.000000 0.776007 0.000000 0.000000 0.000000 0.000000 0.000000 3500.000000 0.776007
1 2 18.000000 0.999765 0.000000 0.000000 0.000000 0.999765 0.000000 0.000000 0.000000 0.000000 0.000000 3500.000000 0.999765
1 0 18.000000 0.000000 0.000000 0.000000 0.000000 0.000000 0.000000 0.000000 0.000000 0.549207 0.000000 3500.000000 0.549207
1 1 18.000000 0.000000 0.000000 0.000000 0.000000 0.000000 0.000000 0.000000 0.000000 0.776007 0.000000 3500.000000 0.776007
1 2 18.000000 0.000000 0.000000 0.000000 0.000000 0.000000 0.000000 0.000000 0.000000 0.999765 0.000000 3500.000000 0.999765
1 0 20.000000 0.000000 0.000000 0.000000 0.000000 0.000000 0.000000 0.000000 0.000000 0.000000 0.000000 3500.000000 0.000000
1 0 20.000000 0.448464 0.000000 0.000000 0.000000 0.448464 0.000000 0.000000 0.000000 0.317112 0.000000 3500.000000 0.549254
1 1 20.000000 0.633661 0.000000 0.000000 0.000000 0.633661 0.000000 0.000000 0.000000 0.448066 0.000000 3500.000000 0.776073
1 2 20.000000 0.816374 0.000000 0.000000 0.000000 0.816374 0.000000 0.000000 0.000000 0.577264 0.000000 3500.000000 0.999850
1 0 20.000000 0.549254 0.000000 0.000000 0.000000 0.549254 0.000000 0.000000 0.000000 0.000000 0.000000 3500.000000 0.549254
1 1 20.000000 0.776073 0.000000 0.000000 0.000000 0.776073 0.000000 0.000000 0.000000 0.000000 0.000000 3500.000000 0.776073
1 2 20.000000 0.999850 0.000000 0.000000 0.000000 0.999850 0.000000 0.000000 0.000000 0.000000 0.000000 3500.000000 0.999850
1 0 20.000000 0.000000 0.000000 0.000000 0.000000 0.000000 0.000000 0.000000 0.000000 0.549254 0.000000 3500.000000 0.549254
1 1 20.000000 0.000000 0.000000 0.000000 0.000000 0.000000 0.000000 0.000000 0.000000 0.776073 0.000000 3500.000000 0.776073
1 2 20.000000 0.000000 0.000000 0.000000 0.000000 0.000000 0.000000 0.000000 0.000000 0.999850 0.000000 3500.000000 0.999850
1 0 22.000000 0.000000 0.000000 0.000000 0.000000 0.000000 0.000000 0.000000 0.000000 0.000000 0.000000 3500.000000 0.000000
1 0 22.000000 0.448388 0.000000 0.000000 0.000000 0.448388 0.000000 0.000000 0.000000 0.317058 0.000000 3500.000000 0.549161
1 1 22.000000 0.633553 0.000000 0.000000 0.000000 0.633553 0.000000 0.000000 0.000000 0.447990 0.000000 3500.000000 0.775941
1 2 22.000000 0.816236 0.000000 0.000000 0.000000 0.816236 0.000000 0.000000 0.000000 0.577166 0.000000 3500.000000 0.999680
1 0 22.000000 0.549161 0.000000 0.000000 0.000000 0.549161 0.000000 0.000000 0.000000 0.000000 0.000000 3500.000000 0.549161
1 1 22.000000 0.775941 0.000000 0.000000 0.000000 0.775941 0.000000 0.000000 0.000000 0.000000 0.000000 3500.000000 0.775941
1 2 22.000000 0.999680 0.000000 0.000000 0.000000 0.999680 0.000000 0.000000 0.000000 0.000000 0.000000 3500.000000 0.999680
1 0 22.000000 0.000000 0.000000 0.000000 0.000000 0.000000 0.000000 0.000000 0.000000 0.549161 0.000000 3500.000000 0.549161
1 1 22.000000 0.000000 0.000000 0.000000 0.000000 0.000000 0.000000 0.000000 0.000000 0.775941 0.000000 3500.000000 0.775941
1 2 22.000000 0.000000 0.000000 0.000000 0.000000 0.000000 0.000000 0.000000 0.000000 0.999680 0.000000 3500.000000 0.999680
1 0 24.000000 0.000000 0.000000 0.000000 0.000000 0.000000 0.000000 0.000000 0.000000 0.000000 0.000000 3500.000000 0.000000
1 0 24.000000 0.448457 0.000000 0.000000 0.000000 0.448457 0.000000 0.000000 0.000000 0.317107 0.000000 3500.000000 0.549246
1 1 24.000000 0.633652 0.000000 0.000000 0.000000 0.633652 0.000000 0.000000 0.000000 0.448059 0.000000 3500.000000 0.776061
1 2 24.000000 0.816362 0.000000 0.000000 0.000000 0.816362 0.000000 0.000000 0.000000 0.577255 0.000000 3500.000000 0.999835
1 0 24.000000 0.549246 0.000000 0.000000 0.000000 0.549246 0.000000 0.000000 0.000000 0.000000 0.000000 3500.000000 0.549246
1 1 24.000000 0.776061 0.000000 0.000000 0.000000 0.776061 0.000000 0.000000 0.000000 0.000000 0.000000 3500.000000 0.776061
1 2 24.000000 0.999835 0.000000 0.000000 0.000000 0.999835 0.000000 0.000000 0.000000 0.000000 0.000000 3500.000000 0.999835
1 0 24.000000 0.000000 0.000000 0.000000 0.000000 0.000000 0.000000 0.000000 0.000000 0.549246 0.000000 3500.000000 0.549246
1 1 24.000000 0.000000 0.000000 0.000000 0.000000 0.000000 0.000000 0.000000 0.000000 0.776061 0.000000 3500.000000 0.776061
1 2 24.000000 0.000000 0.000000 0.000000 0.000000 0.000000 0.000000 0.000000 0.000000 0.999835 0.000000 3500.000000 0.999835
1 0 26.000000 0.000000 0.000000 0.000000 0.000000 0.000000 0.000000 0.000000 0.000000 0.000000 0.000000 3500.000000 0.000000
1 0 26.000000 0.448448 0.000000 0.000000 0.000000 0.448448 0.000000 0.000000 0.000000 0.317101 0.000000 3500.000000 0.549234
1 1 26.000000 0.633638 0.000000 0.000000 0.000000 0.633638 0.000000 0.000000 0.000000 0.448050 0.000000 3500.000000 0.776045
1 2 26.000000 0.816345 0.000000 0.000000 0.000000 0.816345 0.000000 0.000000 0.000000 0.577243 0.000000 3500.000000 0.999814
1 0 26.000000 0.549234 0.000000 0.000000 0.000000 0.549234 0.000000 0.000000 0.000000 0.000000 0.000000 3500.000000 0.549234
1 1 26.000000 0.776045 0.000000 0.000000 0.000000 0.776045 0.000000 0.000000 0.000000 0.000000 0.000000 3500.000000 0.776045
1 2 26.000000 0.999814 0.000000 0.000000 0.000000 0.999814 0.000000 0.000000 0.000000 0.000000 0.000000 3500.000000 0.999814
1 0 26.000000 0.000000 0.000000 0.000000 0.000000 0.000000 0.000000 0.000000 0.000000 0.549234 0.000000 3500.000000 0.549234
1 1 26.000000 0.000000 0.000000 0.000000 0.000000 0.000000 0.000000 0.000000 0.000000 0.776045 0.000000 3500.000000 0.776045
1 2 26.000000 0.000000 0.000000 0.000000 0.000000 0.000000 0.000000 0.000000 0.000000 0.999814 0.000000 3500.000000 0.999814
1 0 28.000000 0.000000 0.000000 0.000000 0.000000 0.000000 0.000000 0.000000 0.000000 0.000000 0.000000 3500.000000 0.000000
1 0 28.000000 0.448518 0.000000 0.000000 0.000000 0.448518 0.000000 0.000000 0.000000 0.317150 0.000000 3500.000000 0.549320
1 1 28.000000 0.633737 0.000000 0.000000 0.000000 0.633737 0.000000 0.000000 0.000000 0.448120 0.000000 3500.000000 0.776167
1 2 28.000000 0.816473 0.000000 0.000000 0.000000 0.816473 0.000000 0.000000 0.000000 0.577333 0.000000 3500.000000 0.999971
1 0 28.000000 0.549320 0.000000 0.000000 0.000000 0.549320 0.000000 0.000000 0.000000 0.000000 0.000000 3500.000000 0.549320
1 1 28.000000 0.776167 0.000000 0.000000 0.000000 0.776167 0.000000 0.000000 0.000000 0.000000 0.000000 3500.000000 0.776167
1 2 28.000000 0.999971 0.000000 0.000000 0.000000 0.999971 0.000000 0.000000 0.000000 0.000000 0.000000 3500.000000 0.999971
1 0 28.000000 0.000000 0.000000 0.000000 0.000000 0.000000 0.000000 0.000000 0.000000 0.549320 0.000000 3500.000000 0.549320
1 1 28.000000 0.000000 0.000000 0.000000 0.000000 0.000000 0.000000 0.000000 0.000000 0.776167 0.000000 3500.000000 0.776167
1 2 28.000000 0.000000 0.000000 0.000000 0.000000 0.000000 0.000000 0.000000 0.000000 0.999971 0.000000 3500.000000 0.999971
1 0 30.000000 0.000000 0.000000 0.000000 0.000000 0.000000 0.000000 0.000000 0.000000 0.000000 0.000000 3500.000000 0.000000
1 0 30.000000 0.448472 0.000000 0.000000 0.000000 0.448472 0.000000 0.000000 0.000000 0.317117 0.000000 3500.000000 0.549263
1 1 30.000000 0.633672 0.000000 0.000000 0.000000 0.633672 0.000000 0.000000 0.000000 0.448074 0.000000 3500.000000 0.776086
1 2 30.000000 0.816388 0.000000 0.000000 0.000000 0.816388 0.000000 0.000000 0.000000 0.577274 0.000000 3500.000000 0.999867
1 0 30.000000 0.549263 0.000000 0.000000 0.000000 0.549263 0.000000 0.000000 0.000000 0.000000 0.000000 3500.000000 0.549263
1 1 30.000000 0.776086 0.000000 0.000000 0.000000 0.776086 0.000000 0.000000 0.000000 0.000000 0.000000 3500.000000 0.776086
1 2 30.000000 0.999867 0.000000 0.000000 0.000000 0.999867 0.000000 0.000000 0.000000 0.000000 0.000000 3500.000000 0.999867
1 0 30.000000 0.000000 0.000000 0.000000 0.000000 0.000000 0.000000 0.000000 0.000000 0.549263 0.000000 3500.000000 0.549263
1 1 30.000000 0.000000 0.000000 0.000000 0.000000 0.000000 0.000000 0.000000 0.000000 0.776086 0.000000 3500.000000 0.776086
1 2 30.000000 0.000000 0.000000 0.000000 0.000000 0.000000 0.000000 0.000000 0.000000 0.999867 0.000000 3500.000000 0.999867
##END
