##LIST_SIZE=303
##LISTDATA
0 0 6.000000 0.000000 0.000000 0.000000 0.000000 0.000000 0.000000 0.000000 0.000000 0.000000 0.000000 2500.000000 0.000000
1 2 24.000000 -0.000000 -0.000000 -0.638043 0.000000 -0.000000 0.397540 -0.000000 0.000000 0.659192 0.000000 2000.000000 0.999835
1 1 20.000000 -0.151934 0.709124 0.000000 0.341675 0.315328 -0.000000 -0.680047 0.000000 -0.000000 0.000000 1500.000000 0.776073
1 2 20.000000 0.347647 -0.865185 -0.000000 -0.600173 -0.501154 0.000000 -0.720162 0.000000 -0.000000 0.000000 1500.000000 0.999850
1 0 10.000000 0.447422 0.000000 0.000000 0.000000 0.447422 0.000000 0.000000 0.000000 0.316375 0.000000 1500.000000 0.547977
1 2 16.000000 0.499580 0.769533 -0.000000 0.602793 -0.637770 -0.000000 -0.621282 0.000000 -0.000000 0.000000 1500.000000 0.999466
1 0 16.000000 0.197269 -0.428971 -0.000000 -0.246942 -0.342683 0.000000 -0.448946 0.000000 -0.000000 0.000000 1500.000000 0.549043
1 0 16.000000 0.000000 0.000000 0.000000 0.000000 0.000000 0.000000 0.000000 0.000000 0.000000 14.000000 1000.000000 0.000000
1 2 24.000000 0.156137 -0.901058 -0.000000 0.324675 0.433319 -0.000000 0.932672 0.000000 0.000000 0.000000 2000.000000 0.999835
1 0 16.000000 0.342514 0.428577 0.000000 -0.427749 0.343176 -0.000000 -0.034096 0.000000 0.000000 14.000000 1000.000000 0.549043
1 2 20.000000 0.615419 0.742741 -0.000000 0.682892 -0.669355 -0.000000 -0.393216 0.000000 -0.000000 0.000000 1500.000000 0.999850
1 2 20.000000 -0.195743 0.913597 0.000000 0.440195 0.406252 -0.000000 -0.876135 0.000000 -0.000000 0.000000 1500.000000 0.999850
1 0 16.000000 0.448291 0.000000 0.000000 0.000000 0.448291 0.000000 0.000000 0.000000 0.316990 14.000000 2500.000000 0.549043
1 1 20.000000 0.000000 0.000000 -0.204325 0.000000 -0.000000 -0.226726 -0.000000 0.000000 -0.713538 0.000000 1500.000000 0.776073
1 0 16.000000 0.000000 -0.000000 -0.100871 0.000000 0.000000 -0.483306 0.000000 0.000000 0.240184 14.000000 2500.000000 0.549043
1 0 20.000000 0.190975 -0.475277 -0.000000 -0.329697 -0.275302 0.000000 -0.395611 0.000000 -0.000000 0.000000 1500.000000 0.549254
1 2 16.000000 0.359104 0.780890 0.000000 -0.449528 0.623813 -0.000000 -0.817252 0.000000 0.000000 0.000000 1500.000000 0.999466
1 2 16.000000 -0.000000 0.000000 -0.380687 -0.000000 -0.000000 -0.146404 -0.000000 0.000000 0.912455 0.000000 1500.000000 0.999466
1 0 24.000000 0.000000 -0.000000 0.215486 0.000000 0.000000 0.139203 -0.000000 0.000000 0.485653 0.000000 2000.000000 0.549246
1 1 20.000000 0.000000 -0.000000 -0.280178 -0.000000 -0.000000 0.483696 -0.000000 0.000000 -0.538357 0.000000 1500.000000 0.776073
1 0 20.000000 0.338072 0.408015 -0.000000 0.375137 -0.367701 -0.000000 -0.216008 0.000000 -0.000000 0.000000 1500.000000 0.549254
1 0 16.000000 0.448291 0.000000 0.000000 0.000000 0.448291 0.000000 0.000000 0.000000 0.316990 0.000000 1500.000000 0.549043
1 1 20.000000 0.165924 -0.755416 0.000000 0.704699 0.177866 0.000000 -0.279568 0.000000 0.000000 0.000000 1500.000000 0.776073
1 2 20.000000 0.000000 0.000000 -0.263241 0.000000 -0.000000 -0.292102 -0.000000 0.000000 -0.919283 0.000000 1500.000000 0.999850
1 2 28.000000 -0.000000 -0.000000 -0.029673 0.000000 -0.000000 0.014504 -0.000000 0.000000 0.999425 0.000000 3000.000000 0.999971
1 0 28.000000 -0.007084 -0.549274 0.000000 0.548171 -0.007099 -0.000000 0.034793 0.000000 0.000000 0.000000 3000.000000 0.549320
1 1 20.000000 -0.011200 0.709786 -0.000000 -0.025330 -0.313836 -0.000000 -0.775579 0.000000 0.000000 0.000000 1500.000000 0.776073
1 2 16.000000 0.000000 0.000000 0.038795 -0.000000 0.000000 -0.048449 -0.000000 0.000000 0.997537 14.000000 2500.000000 0.999466
1 0 10.000000 0.318727 0.000000 0.000000 0.000000 0.318727 0.000000 0.000000 0.000000 0.225374 0.000000 500.000000 0.390359
1 0 20.000000 -0.000000 0.000000 0.517257 0.000000 0.000000 -0.184498 -0.000000 0.000000 -0.009228 0.000000 1500.000000 0.549254
1 0 20.000000 0.342646 0.428741 0.000000 -0.427914 0.343308 -0.000000 -0.034109 0.000000 0.000000 0.000000 3000.000000 0.549254
1 0 20.000000 -0.000000 0.000000 -0.337811 -0.000000 -0.000000 -0.157643 -0.000000 0.000000 0.403376 0.000000 1500.000000 0.549254
1 0 20.000000 -0.007927 0.502340 -0.000000 -0.017927 -0.222113 -0.000000 -0.548904 0.000000 0.000000 0.000000 1500.000000 0.549254
1 0 24.000000 0.000000 0.000000 0.000000 0.000000 0.000000 0.000000 0.000000 0.000000 0.000000 0.000000 2000.000000 0.000000
1 0 24.000000 -0.000000 -0.000000 -0.350500 0.000000 -0.000000 0.218383 -0.000000 0.000000 0.362118 0.000000 2000.000000 0.549246
1 2 20.000000 0.230363 0.115630 -0.000000 0.026821 -0.993141 -0.000000 -0.972581 0.000000 -0.000000 0.000000 1500.000000 0.999850
1 0 24.000000 0.000000 0.000000 0.038968 -0.000000 0.000000 -0.026341 -0.000000 0.000000 0.547228 0.000000 2000.000000 0.549246
1 0 16.000000 0.000000 0.000000 -0.217783 0.000000 -0.000000 -0.262777 -0.000000 0.000000 -0.430078 0.000000 1500.000000 0.549043
1 0 20.000000 -0.000000 0.000000 0.126122 -0.000000 -0.000000 0.369104 0.000000 0.000000 0.386698 0.000000 3000.000000 0.549254
1 2 20.000000 -0.004031 -0.980794 0.000000 -0.020352 0.194277 0.000000 -0.999635 0.000000 -0.000000 0.000000 1500.000000 0.999850
1 0 20.000000 0.279769 0.350066 0.012309 -0.349390 0.280310 -0.015372 -0.027850 0.000000 0.316500 0.000000 1500.000000 0.549254
1 0 20.000000 -0.000000 -0.000000 0.106700 -0.000000 0.000000 0.538670 -0.000000 0.000000 -0.011398 0.000000 1500.000000 0.549254
1 2 24.000000 -0.767847 0.258970 -0.069975 -0.256845 -0.774197 -0.023407 -0.104350 0.000000 0.572520 0.000000 2000.000000 0.999835
1 0 16.000000 -0.000000 0.000000 0.126073 -0.000000 -0.000000 0.368962 0.000000 0.000000 0.386550 14.000000 1000.000000 0.549043
1 0 24.000000 0.000000 -0.000000 -0.222048 0.000000 0.000000 -0.461734 0.000000 0.000000 0.197908 0.000000 2000.000000 0.549246
1 2 20.000000 -0.232425 -0.696303 -0.000000 0.225546 -0.717539 0.000000 -0.945943 0.000000 0.000000 0.000000 1500.000000 0.999850
1 0 24.000000 -0.524887 0.087288 -0.000000 -0.084490 -0.542265 -0.000000 -0.137934 0.000000 0.000000 0.000000 2000.000000 0.549246
1 0 20.000000 -0.000000 -0.000000 -0.372918 0.000000 -0.000000 0.361882 -0.000000 0.000000 0.177914 0.000000 1500.000000 0.549254
1 0 24.000000 0.279765 0.350061 0.012309 -0.349385 0.280306 -0.015372 -0.027849 0.000000 0.316495 0.000000 2000.000000 0.549246
1 1 20.000000 -0.000000 -0.000000 -0.526918 0.000000 -0.000000 0.511324 -0.000000 0.000000 0.251385 0.000000 1500.000000 0.776073
1 0 16.000000 0.000000 -0.000000 0.336456 0.000000 0.000000 0.199056 -0.000000 0.000000 0.385515 0.000000 1500.000000 0.549043
1 0 10.000000 0.447422 0.000000 0.000000 0.000000 0.447422 0.000000 0.000000 0.000000 0.316375 0.000000 3000.000000 0.547977
1 0 16.000000 -0.516414 0.174170 -0.000000 -0.172741 -0.520685 -0.000000 -0.070180 0.000000 0.000000 14.000000 1000.000000 0.549043
1 0 16.000000 0.049071 -0.537461 -0.000000 0.235117 0.112174 -0.000000 0.493720 0.000000 0.000000 14.000000 1000.000000 0.549043
1 0 24.000000 -0.000000 0.000000 -0.136181 -0.000000 -0.000000 -0.021921 -0.000000 0.000000 0.531643 0.000000 2000.000000 0.549246
1 0 24.000000 0.000000 0.000000 0.015345 -0.000000 0.000000 -0.074718 -0.000000 0.000000 0.543923 0.000000 2000.000000 0.549246
1 1 20.000000 -0.000000 -0.000000 0.150763 -0.000000 0.000000 0.761118 -0.000000 0.000000 -0.016104 0.000000 1500.000000 0.776073
1 2 24.000000 -0.000000 0.000000 -0.247902 -0.000000 -0.000000 -0.039904 -0.000000 0.000000 0.967793 0.000000 2000.000000 0.999835
1 1 20.000000 -0.000000 0.000000 -0.313636 -0.000000 -0.000000 -0.709334 -0.000000 0.000000 0.027696 0.000000 1500.000000 0.776073
1 2 16.000000 -0.851646 -0.358758 0.000000 -0.327525 0.932858 0.000000 -0.407869 0.000000 -0.000000 0.000000 1500.000000 0.999466
1 1 20.000000 0.056634 -0.620295 -0.082319 0.271354 0.129462 -0.394419 0.569812 0.000000 0.196011 0.000000 1500.000000 0.776073
1 2 24.000000 0.000000 0.000000 0.027934 -0.000000 0.000000 -0.136015 -0.000000 0.000000 0.990146 0.000000 2000.000000 0.999835
1 2 24.000000 0.000000 0.000000 0.070936 -0.000000 0.000000 -0.047950 -0.000000 0.000000 0.996162 0.000000 2000.000000 0.999835
1 0 16.000000 -0.000000 0.000000 0.126073 -0.000000 -0.000000 0.368962 0.000000 0.000000 0.386550 14.000000 2500.000000 0.549043
1 2 16.000000 -0.940069 0.317055 -0.000000 -0.314454 -0.947844 -0.000000 -0.127754 0.000000 0.000000 14.000000 1000.000000 0.999466
1 0 20.000000 0.000000 0.000000 0.021320 -0.000000 0.000000 -0.026625 -0.000000 0.000000 0.548194 0.000000 3000.000000 0.549254
1 2 28.000000 0.000000 -0.000000 -0.513200 0.000000 0.000000 -0.315070 0.000000 0.000000 0.798309 0.000000 3000.000000 0.999971
1 2 16.000000 -0.000000 0.000000 0.229501 -0.000000 -0.000000 0.671650 0.000000 0.000000 0.703667 14.000000 1000.000000 0.999466
1 0 28.000000 0.000000 0.000000 0.000000 0.000000 0.000000 0.000000 0.000000 0.000000 0.000000 0.000000 3000.000000 0.000000
1 0 28.000000 -0.000000 -0.000000 -0.187379 0.000000 -0.000000 0.420330 -0.000000 0.000000 0.299940 0.000000 3000.000000 0.549320
1 0 16.000000 0.000000 0.000000 0.280208 -0.000000 0.000000 -0.350765 -0.000000 0.000000 0.316062 0.000000 1500.000000 0.549043
1 0 16.000000 -0.000000 -0.000000 0.306263 -0.000000 0.000000 0.445842 -0.000000 0.000000 -0.094209 0.000000 1500.000000 0.549043
1 2 16.000000 0.603995 -0.508914 0.000000 0.357339 0.860196 0.000000 -0.711639 0.000000 0.000000 0.000000 1500.000000 0.999466
1 2 16.000000 0.000000 0.000000 -0.396447 0.000000 -0.000000 -0.478353 -0.000000 0.000000 -0.782905 0.000000 1500.000000 0.999466
1 1 20.000000 -0.144251 0.599622 0.102886 -0.422160 -0.204889 0.301105 0.449999 0.000000 0.315458 0.000000 1500.000000 0.776073
1 0 28.000000 -0.493250 -0.241229 -0.000000 0.241097 -0.493519 0.000000 -0.018143 0.000000 0.000000 0.000000 3000.000000 0.549320
1 0 24.000000 -0.307343 -0.290449 -0.000000 0.191493 -0.466165 0.000000 -0.412967 0.000000 0.000000 0.000000 2000.000000 0.549246
1 2 16.000000 -0.940069 0.317055 -0.000000 -0.314454 -0.947844 -0.000000 -0.127754 0.000000 0.000000 14.000000 2500.000000 0.999466
1 2 16.000000 0.816060 0.000000 0.000000 0.000000 0.816060 0.000000 0.000000 0.000000 0.577042 14.000000 2500.000000 0.999466
1 0 28.000000 0.448518 0.000000 0.000000 0.000000 0.448518 0.000000 0.000000 0.000000 0.317150 0.000000 3000.000000 0.549320
1 1 20.000000 0.178806 0.089751 -0.000000 0.020818 -0.770866 -0.000000 -0.754907 0.000000 -0.000000 0.000000 1500.000000 0.776073
1 0 16.000000 -0.516414 0.174170 -0.000000 -0.172741 -0.520685 -0.000000 -0.070180 0.000000 0.000000 14.000000 2500.000000 0.549043
1 0 20.000000 -0.125036 0.519749 0.000000 -0.365926 -0.177597 0.000000 0.390057 0.000000 0.000000 0.000000 3000.000000 0.549254
1 0 16.000000 0.000000 0.000000 0.021311 -0.000000 0.000000 -0.026615 -0.000000 0.000000 0.547983 14.000000 2500.000000 0.549043
1 2 20.000000 -0.940430 0.317177 -0.000000 -0.314575 -0.948208 -0.000000 -0.127803 0.000000 0.000000 0.000000 3000.000000 0.999850
1 0 16.000000 -0.000000 0.000000 -0.066555 -0.000000 -0.000000 -0.022263 -0.000000 0.000000 0.544539 14.000000 2500.000000 0.549043
1 2 16.000000 0.000000 0.000000 0.510085 -0.000000 0.000000 -0.638525 -0.000000 0.000000 0.575353 0.000000 1500.000000 0.999466
1 0 10.000000 0.447422 0.000000 0.000000 0.000000 0.447422 0.000000 0.000000 0.000000 0.316375 36.000000 500.000000 0.547977
1 2 28.000000 -0.897902 -0.439127 -0.000000 0.438888 -0.898392 0.000000 -0.033028 0.000000 0.000000 0.000000 3000.000000 0.999971
1 2 20.000000 0.072965 -0.799154 -0.106056 0.349597 0.166792 -0.508148 0.734115 0.000000 0.252529 0.000000 1500.000000 0.999850
1 2 28.000000 0.680328 -0.523183 -0.000000 0.417674 0.852186 -0.000000 0.602199 0.000000 0.000000 0.000000 3000.000000 0.999971
1 0 10.000000 0.000000 0.000000 0.000000 0.000000 0.000000 0.000000 0.000000 0.000000 0.000000 0.000000 500.000000 0.000000
1 2 20.000000 0.089363 -0.978760 -0.000000 0.428168 0.204277 -0.000000 0.899103 0.000000 0.000000 0.000000 3000.000000 0.999850
1 2 20.000000 -0.000000 0.000000 0.355985 0.000000 0.000000 -0.800555 -0.000000 0.000000 -0.481754 0.000000 1500.000000 0.999850
1 0 20.000000 0.000000 -0.000000 -0.100910 0.000000 0.000000 -0.483492 0.000000 0.000000 0.240276 0.000000 3000.000000 0.549254
1 2 20.000000 0.213768 -0.973237 0.000000 0.907895 0.229153 0.000000 -0.360180 0.000000 0.000000 0.000000 1500.000000 0.999850
1 0 10.000000 0.000000 0.000000 0.000000 0.000000 0.000000 0.000000 0.000000 0.000000 0.000000 36.000000 1500.000000 0.000000
1 0 28.000000 -0.413305 0.298197 0.000000 -0.267151 -0.461336 0.000000 0.244052 0.000000 0.000000 0.000000 3000.000000 0.549320
1 2 28.000000 -0.000000 -0.000000 -0.341101 0.000000 -0.000000 0.765161 -0.000000 0.000000 0.546004 0.000000 3000.000000 0.999971
1 2 24.000000 -0.559480 -0.528728 -0.000000 0.348591 -0.848597 0.000000 -0.751756 0.000000 0.000000 0.000000 2000.000000 0.999835
1 0 16.000000 -0.000000 0.000000 -0.066555 -0.000000 -0.000000 -0.022263 -0.000000 0.000000 0.544539 14.000000 1000.000000 0.549043
1 0 24.000000 0.085771 -0.494983 -0.000000 0.178356 0.238038 -0.000000 0.512351 0.000000 0.000000 0.000000 2000.000000 0.549246
1 2 16.000000 0.623505 0.780172 0.000000 -0.778666 0.624711 -0.000000 -0.062067 0.000000 0.000000 14.000000 1000.000000 0.999466
1 2 16.000000 0.000000 -0.000000 -0.510085 -0.000000 -0.000000 0.638525 -0.000000 0.000000 -0.575353 0.000000 1500.000000 0.999466
1 0 20.000000 0.000000 -0.000000 0.045347 0.000000 0.000000 0.192593 -0.000000 0.000000 0.512378 0.000000 1500.000000 0.549254
1 0 24.000000 -0.102090 0.424367 0.072815 -0.298773 -0.145005 0.213099 0.318475 0.000000 0.223257 0.000000 2000.000000 0.549246
1 2 20.000000 -0.665408 -0.422818 0.000000 -0.310520 0.906049 0.000000 -0.678608 0.000000 -0.000000 0.000000 1500.000000 0.999850
1 2 20.000000 -0.000000 0.000000 0.229589 -0.000000 -0.000000 0.671909 0.000000 0.000000 0.703938 0.000000 3000.000000 0.999850
1 2 16.000000 -0.059154 0.079712 -0.000000 -0.004733 -0.996282 -0.000000 -0.997702 0.000000 0.000000 0.000000 1500.000000 0.999466
1 2 20.000000 0.347647 0.865185 0.000000 -0.600173 0.501154 -0.000000 -0.720162 0.000000 0.000000 0.000000 1500.000000 0.999850
1 1 20.000000 0.477682 0.576508 -0.000000 0.530053 -0.519546 -0.000000 -0.305210 0.000000 -0.000000 0.000000 1500.000000 0.776073
1 0 20.000000 0.040082 -0.439004 -0.058260 0.192046 0.091625 -0.279144 0.403276 0.000000 0.138723 0.000000 1500.000000 0.549254
1 0 16.000000 -0.032496 0.043789 -0.000000 -0.002600 -0.547294 -0.000000 -0.548074 0.000000 0.000000 0.000000 1500.000000 0.549043
1 0 20.000000 -0.002215 -0.538786 0.000000 -0.011180 0.106723 0.000000 -0.549136 0.000000 -0.000000 0.000000 1500.000000 0.549254
1 0 28.000000 0.000000 -0.000000 -0.281920 0.000000 0.000000 -0.173079 0.000000 0.000000 0.438540 0.000000 3000.000000 0.549320
1 2 24.000000 0.000000 -0.000000 0.392266 0.000000 0.000000 0.253403 -0.000000 0.000000 0.884073 0.000000 2000.000000 0.999835
1 0 28.000000 0.373729 -0.287404 -0.000000 0.229444 0.468136 -0.000000 0.330810 0.000000 0.000000 0.000000 3000.000000 0.549320
1 2 28.000000 0.816473 0.000000 0.000000 0.000000 0.816473 0.000000 0.000000 0.000000 0.577333 0.000000 3000.000000 0.999971
1 0 20.000000 -0.000000 -0.000000 0.337811 -0.000000 0.000000 0.157643 -0.000000 0.000000 -0.403376 0.000000 1500.000000 0.549254
1 0 16.000000 -0.000000 0.000000 0.464624 0.000000 0.000000 -0.239894 -0.000000 0.000000 -0.167403 0.000000 1500.000000 0.549043
1 1 20.000000 0.269840 0.671547 0.000000 -0.465848 0.388991 -0.000000 -0.558982 0.000000 0.000000 0.000000 1500.000000 0.776073
1 0 16.000000 -0.104515 -0.497611 -0.000000 0.224155 -0.232016 0.000000 -0.490182 0.000000 0.000000 0.000000 1500.000000 0.549043
1 2 16.000000 -0.000000 0.000000 -0.291086 -0.000000 -0.000000 -0.953758 -0.000000 0.000000 0.067425 0.000000 1500.000000 0.999466
1 0 20.000000 0.000000 0.000000 -0.530689 0.000000 -0.000000 -0.061787 -0.000000 0.000000 -0.127402 0.000000 1500.000000 0.549254
1 1 20.000000 -0.516483 -0.328187 0.000000 -0.241023 0.703266 0.000000 -0.526729 0.000000 -0.000000 0.000000 1500.000000 0.776073
1 2 16.000000 -0.019682 0.955936 -0.000000 -0.064488 -0.291751 -0.000000 -0.997189 0.000000 0.000000 0.000000 1500.000000 0.999466
1 0 16.000000 -0.000000 0.000000 -0.209125 -0.000000 -0.000000 -0.080425 -0.000000 0.000000 0.501245 0.000000 1500.000000 0.549043
1 0 16.000000 0.448291 0.000000 0.000000 0.000000 0.448291 0.000000 0.000000 0.000000 0.316990 14.000000 1000.000000 0.549043
1 1 20.000000 -0.000000 0.000000 0.730863 0.000000 0.000000 -0.260689 -0.000000 0.000000 -0.013039 0.000000 1500.000000 0.776073
1 0 20.000000 -0.516612 0.174237 -0.000000 -0.172807 -0.520885 -0.000000 -0.070207 0.000000 0.000000 0.000000 3000.000000 0.549254
1 2 20.000000 -0.000000 0.000000 0.941604 0.000000 0.000000 -0.335857 -0.000000 0.000000 -0.016798 0.000000 1500.000000 0.999850
1 2 20.000000 -0.227612 0.946140 0.000000 -0.666124 -0.323293 0.000000 0.710051 0.000000 0.000000 0.000000 3000.000000 0.999850
1 2 24.000000 0.497403 -0.847638 -0.000000 0.795108 0.530264 -0.000000 0.346503 0.000000 0.000000 0.000000 2000.000000 0.999835
1 0 20.000000 0.000000 -0.000000 -0.198292 -0.000000 -0.000000 0.342328 -0.000000 0.000000 -0.381014 0.000000 1500.000000 0.549254
1 0 28.000000 -0.000000 -0.000000 -0.016300 0.000000 -0.000000 0.007968 -0.000000 0.000000 0.549020 0.000000 3000.000000 0.549320
1 0 16.000000 -0.467840 -0.197079 0.000000 -0.179922 0.512453 0.000000 -0.224057 0.000000 -0.000000 0.000000 1500.000000 0.549043
1 2 28.000000 -0.000000 -0.000000 0.562240 0.000000 -0.000000 -0.645623 0.000000 0.000000 0.516719 0.000000 3000.000000 0.999971
1 2 28.000000 -0.000000 -0.000000 0.000818 0.000000 -0.000000 -0.063331 0.000000 0.000000 0.997963 0.000000 3000.000000 0.999971
1 0 24.000000 -0.421806 0.142261 -0.038440 -0.141095 -0.425295 -0.012858 -0.057323 0.000000 0.314506 0.000000 2000.000000 0.549246
1 0 16.000000 -0.000000 0.000000 -0.546328 -0.000000 -0.000000 -0.043712 -0.000000 0.000000 0.032600 0.000000 1500.000000 0.549043
1 0 16.000000 0.000000 0.000000 0.021311 -0.000000 0.000000 -0.026615 -0.000000 0.000000 0.547983 14.000000 1000.000000 0.549043
1 0 24.000000 0.000000 0.000000 0.402555 -0.000000 0.000000 -0.162020 -0.000000 0.000000 0.336704 0.000000 2000.000000 0.549246
1 2 24.000000 0.199192 0.979394 0.000000 -0.969903 0.201141 -0.000000 -0.138854 0.000000 0.000000 0.000000 2000.000000 0.999835
1 2 24.000000 0.072963 -0.799142 -0.106054 0.349592 0.166789 -0.508140 0.734104 0.000000 0.252526 0.000000 2000.000000 0.999835
1 0 24.000000 0.035436 -0.547232 0.000000 0.412720 0.046985 0.000000 -0.360663 0.000000 0.000000 0.000000 2000.000000 0.549246
1 1 20.000000 0.269840 -0.671547 -0.000000 -0.465848 -0.388991 0.000000 -0.558982 0.000000 -0.000000 0.000000 1500.000000 0.776073
1 2 16.000000 -0.227525 0.945777 0.000000 -0.665867 -0.323169 0.000000 0.709778 0.000000 0.000000 14.000000 2500.000000 0.999466
1 0 16.000000 0.197269 0.428971 0.000000 -0.246942 0.342683 -0.000000 -0.448946 0.000000 0.000000 0.000000 1500.000000 0.549043
1 0 24.000000 0.453366 0.307589 0.000000 -0.306460 0.455038 -0.000000 -0.047035 0.000000 0.000000 0.000000 2000.000000 0.549246
1 1 20.000000 -0.003129 -0.761282 0.000000 -0.015797 0.150795 0.000000 -0.775906 0.000000 -0.000000 0.000000 1500.000000 0.776073
1 2 16.000000 -0.000000 0.000000 -0.994524 -0.000000 -0.000000 -0.079572 -0.000000 0.000000 0.059343 0.000000 1500.000000 0.999466
1 2 16.000000 -0.190256 -0.905840 -0.000000 0.408048 -0.422357 0.000000 -0.892318 0.000000 0.000000 0.000000 1500.000000 0.999466
1 1 20.000000 -0.596003 0.201013 -0.054315 -0.199364 -0.600933 -0.018168 -0.080996 0.000000 0.444391 0.000000 1500.000000 0.776073
0 0 6.000000 0.000000 0.000000 0.000000 0.000000 0.000000 0.000000 0.000000 0.000000 0.000000 10.000000 100.000000 0.000000
1 0 10.000000 0.447422 0.000000 0.000000 0.000000 0.447422 0.000000 0.000000 0.000000 0.316375 10.000000 1500.000000 0.547977
1 2 20.000000 -0.000000 0.000000 -0.121202 -0.000000 -0.000000 -0.040542 -0.000000 0.000000 0.991648 0.000000 3000.000000 0.999850
1 0 20.000000 0.000000 0.000000 0.198292 -0.000000 0.000000 -0.342328 -0.000000 0.000000 0.381014 0.000000 1500.000000 0.549254
1 2 24.000000 0.568603 0.373310 0.000000 -0.228850 0.927529 -0.000000 -0.789929 0.000000 0.000000 0.000000 2000.000000 0.999835
1 2 16.000000 0.816060 0.000000 0.000000 0.000000 0.816060 0.000000 0.000000 0.000000 0.577042 14.000000 1000.000000 0.999466
1 0 16.000000 0.049071 -0.537461 -0.000000 0.235117 0.112174 -0.000000 0.493720 0.000000 0.000000 14.000000 2500.000000 0.549043
1 0 10.000000 0.000000 0.000000 0.000000 0.000000 0.000000 0.000000 0.000000 0.000000 0.000000 0.000000 1500.000000 0.000000
1 0 16.000000 -0.124988 0.519549 0.000000 -0.365785 -0.177528 0.000000 0.389907 0.000000 0.000000 14.000000 2500.000000 0.549043
1 0 20.000000 -0.365533 0.232269 -0.000000 -0.170580 -0.497726 -0.000000 -0.372784 0.000000 0.000000 0.000000 1500.000000 0.549254
1 0 16.000000 0.331796 -0.279565 0.000000 0.196299 0.472537 0.000000 -0.390929 0.000000 0.000000 0.000000 1500.000000 0.549043
1 0 16.000000 -0.000000 0.000000 -0.159904 -0.000000 -0.000000 -0.523934 -0.000000 0.000000 0.037039 0.000000 1500.000000 0.549043
1 2 20.000000 0.326086 -0.477673 0.000000 0.177332 0.878367 0.000000 -0.928397 0.000000 0.000000 0.000000 1500.000000 0.999850
0 0 6.000000 0.000000 0.000000 0.000000 0.000000 0.000000 0.000000 0.000000 0.000000 0.000000 10.000000 500.000000 0.000000
1 2 20.000000 0.000000 -0.000000 -0.183694 0.000000 0.000000 -0.880138 0.000000 0.000000 0.437394 0.000000 3000.000000 0.999850
1 2 24.000000 0.000000 -0.000000 -0.183769 0.000000 0.000000 -0.293758 0.000000 0.000000 0.937873 0.000000 2000.000000 0.999835
1 1 20.000000 -0.180406 -0.540463 -0.000000 0.175067 -0.556946 0.000000 -0.734231 0.000000 0.000000 0.000000 1500.000000 0.776073
1 2 16.000000 -0.227525 0.945777 0.000000 -0.665867 -0.323169 0.000000 0.709778 0.000000 0.000000 14.000000 1000.000000 0.999466
1 2 16.000000 0.623505 0.780172 0.000000 -0.778666 0.624711 -0.000000 -0.062067 0.000000 0.000000 14.000000 2500.000000 0.999466
1 0 16.000000 -0.000000 -0.000000 0.209125 -0.000000 0.000000 0.080425 -0.000000 0.000000 -0.501245 0.000000 1500.000000 0.549043
1 2 20.000000 -0.000000 -0.000000 0.194235 -0.000000 0.000000 0.980583 -0.000000 0.000000 -0.020748 0.000000 1500.000000 0.999850
1 0 20.000000 0.049090 -0.537668 -0.000000 0.235208 0.112217 -0.000000 0.493910 0.000000 0.000000 0.000000 3000.000000 0.549254
1 0 10.000000 0.447422 0.000000 0.000000 0.000000 0.447422 0.000000 0.000000 0.000000 0.316375 36.000000 1500.000000 0.547977
1 2 28.000000 -0.222314 -0.913328 -0.000000 0.498695 -0.407153 0.000000 -0.837748 0.000000 0.000000 0.000000 3000.000000 0.999971
1 2 20.000000 0.000000 -0.000000 0.082549 0.000000 0.000000 0.350593 -0.000000 0.000000 0.932722 0.000000 1500.000000 0.999850
1 2 28.000000 -0.339345 -0.754104 0.000000 0.389671 -0.656711 -0.000000 0.856120 0.000000 0.000000 0.000000 3000.000000 0.999971
1 2 16.000000 -0.851646 0.358758 -0.000000 -0.327525 -0.932858 -0.000000 -0.407869 0.000000 0.000000 0.000000 1500.000000 0.999466
1 0 20.000000 -0.102091 0.424373 0.072816 -0.298777 -0.145007 0.213102 0.318480 0.000000 0.223260 0.000000 1500.000000 0.549254
1 2 16.000000 -0.000000 0.000000 -0.121156 -0.000000 -0.000000 -0.040527 -0.000000 0.000000 0.991267 14.000000 1000.000000 0.999466
1 0 16.000000 0.000000 -0.000000 -0.100871 0.000000 0.000000 -0.483306 0.000000 0.000000 0.240184 14.000000 1000.000000 0.549043
1 0 10.000000 0.000000 0.000000 0.000000 0.000000 0.000000 0.000000 0.000000 0.000000 0.000000 10.000000 500.000000 0.000000
1 0 10.000000 0.447422 0.000000 0.000000 0.000000 0.447422 0.000000 0.000000 0.000000 0.316375 0.000000 500.000000 0.547977
1 0 10.000000 0.318727 0.000000 0.000000 0.000000 0.318727 0.000000 0.000000 0.000000 0.225374 36.000000 1500.000000 0.390359
1 0 20.000000 -0.000000 0.000000 0.195555 0.000000 0.000000 -0.439774 -0.000000 0.000000 -0.264645 0.000000 1500.000000 0.549254
1 0 10.000000 0.000000 0.000000 0.000000 0.000000 0.000000 0.000000 0.000000 0.000000 0.000000 36.000000 500.000000 0.000000
1 2 20.000000 -0.185845 0.772520 0.132553 -0.543888 -0.263968 0.387927 0.579754 0.000000 0.406419 0.000000 1500.000000 0.999850
1 0 20.000000 0.448464 0.000000 0.000000 0.000000 0.448464 0.000000 0.000000 0.000000 0.317112 0.000000 3000.000000 0.549254
1 1 20.000000 0.253104 -0.370765 0.000000 0.137643 0.681779 0.000000 -0.720612 0.000000 0.000000 0.000000 1500.000000 0.776073
1 2 24.000000 -0.185842 0.772509 0.132551 -0.543879 -0.263964 0.387921 0.579745 0.000000 0.406412 0.000000 2000.000000 0.999835
1 1 20.000000 0.000000 0.000000 -0.749842 0.000000 -0.000000 -0.087303 -0.000000 0.000000 -0.180013 0.000000 1500.000000 0.776073
1 2 24.000000 0.825298 0.559929 0.000000 -0.557872 0.828341 -0.000000 -0.085622 0.000000 0.000000 0.000000 2000.000000 0.999835
0 0 6.000000 0.000000 0.000000 0.000000 0.000000 0.000000 0.000000 0.000000 0.000000 0.000000 5.000000 100.000000 0.000000
1 0 16.000000 0.000000 0.000000 0.000000 0.000000 0.000000 0.000000 0.000000 0.000000 0.000000 14.000000 2500.000000 0.000000
1 2 16.000000 -0.000000 0.000000 0.229501 -0.000000 -0.000000 0.671650 0.000000 0.000000 0.703667 14.000000 2500.000000 0.999466
1 0 28.000000 -0.000000 0.000000 0.204962 -0.000000 -0.000000 0.132483 0.000000 0.000000 0.492129 0.000000 3000.000000 0.549320
1 0 10.000000 0.318727 0.000000 0.000000 0.000000 0.318727 0.000000 0.000000 0.000000 0.225374 0.000000 1500.000000 0.390359
1 0 10.000000 0.447422 0.000000 0.000000 0.000000 0.447422 0.000000 0.000000 0.000000 0.316375 36.000000 3000.000000 0.547977
1 2 20.000000 -0.665408 0.422818 -0.000000 -0.310520 -0.906049 -0.000000 -0.678608 0.000000 0.000000 0.000000 1500.000000 0.999850
1 2 24.000000 0.000000 -0.000000 -0.404211 0.000000 0.000000 -0.840530 0.000000 0.000000 0.360267 0.000000 2000.000000 0.999835
1 0 16.000000 0.342514 0.428577 0.000000 -0.427749 0.343176 -0.000000 -0.034096 0.000000 0.000000 14.000000 2500.000000 0.549043
1 2 16.000000 -0.000000 0.000000 -0.121156 -0.000000 -0.000000 -0.040527 -0.000000 0.000000 0.991267 14.000000 2500.000000 0.999466
1 2 20.000000 -0.000000 -0.000000 -0.678852 0.000000 -0.000000 0.658762 -0.000000 0.000000 0.323871 0.000000 1500.000000 0.999850
1 0 20.000000 -0.000000 0.000000 -0.066581 -0.000000 -0.000000 -0.022271 -0.000000 0.000000 0.544748 0.000000 3000.000000 0.549254
1 0 16.000000 0.274437 0.422732 -0.000000 0.331136 -0.350350 -0.000000 -0.341293 0.000000 -0.000000 0.000000 1500.000000 0.549043
1 1 20.000000 -0.000000 -0.000000 0.477313 -0.000000 0.000000 0.222744 -0.000000 0.000000 -0.569953 0.000000 1500.000000 0.776073
1 2 24.000000 0.064507 -0.996170 0.000000 0.751306 0.085531 0.000000 -0.656543 0.000000 0.000000 0.000000 2000.000000 0.999835
1 2 24.000000 0.000000 0.000000 0.732803 -0.000000 0.000000 -0.294937 -0.000000 0.000000 0.612929 0.000000 2000.000000 0.999835
1 0 10.000000 0.318727 0.000000 0.000000 0.000000 0.318727 0.000000 0.000000 0.000000 0.225374 0.000000 3000.000000 0.390359
1 2 16.000000 -0.000000 -0.000000 0.557515 -0.000000 0.000000 0.811602 -0.000000 0.000000 -0.171497 0.000000 1500.000000 0.999466
1 0 10.000000 0.000000 0.000000 0.000000 0.000000 0.000000 0.000000 0.000000 0.000000 0.000000 36.000000 3000.000000 0.000000
1 0 20.000000 0.179131 -0.262403 0.000000 0.097415 0.482519 0.000000 -0.510002 0.000000 0.000000 0.000000 1500.000000 0.549254
1 0 24.000000 0.109423 0.538017 0.000000 -0.532803 0.110494 -0.000000 -0.076277 0.000000 0.000000 0.000000 2000.000000 0.549246
1 0 20.000000 -0.421812 0.142264 -0.038441 -0.141097 -0.425301 -0.012858 -0.057324 0.000000 0.314511 0.000000 1500.000000 0.549254
1 0 20.000000 -0.000000 0.000000 -0.221971 -0.000000 -0.000000 -0.502020 -0.000000 0.000000 0.019601 0.000000 1500.000000 0.549254
1 0 28.000000 -0.000000 -0.000000 0.000450 0.000000 -0.000000 -0.034790 0.000000 0.000000 0.548217 0.000000 3000.000000 0.549320
1 0 20.000000 0.000000 0.000000 0.000000 0.000000 0.000000 0.000000 0.000000 0.000000 0.000000 0.000000 3000.000000 0.000000
1 1 20.000000 0.000000 -0.000000 0.064073 0.000000 0.000000 0.272127 -0.000000 0.000000 0.723969 0.000000 1500.000000 0.776073
1 0 24.000000 0.407937 -0.298033 0.000000 0.263526 0.461354 0.000000 -0.256538 0.000000 0.000000 0.000000 2000.000000 0.549246
1 0 16.000000 -0.124988 0.519549 0.000000 -0.365785 -0.177528 0.000000 0.389907 0.000000 0.000000 14.000000 1000.000000 0.549043
1 2 24.000000 0.000000 -0.000000 0.056164 0.000000 0.000000 0.654136 -0.000000 0.000000 0.754070 0.000000 2000.000000 0.999835
1 0 28.000000 -0.122125 -0.501724 -0.000000 0.273951 -0.223664 0.000000 -0.460205 0.000000 0.000000 0.000000 3000.000000 0.549320
1 0 28.000000 -0.186415 -0.414256 0.000000 0.214061 -0.360755 -0.000000 0.470298 0.000000 0.000000 0.000000 3000.000000 0.549320
1 2 16.000000 -0.000000 -0.000000 0.380687 -0.000000 0.000000 0.146404 -0.000000 0.000000 -0.912455 0.000000 1500.000000 0.999466
1 1 20.000000 -0.012281 0.260725 0.000000 0.004380 0.730966 -0.000000 -0.775964 0.000000 -0.000000 0.000000 1500.000000 0.776073
1 2 20.000000 -0.000000 0.000000 -0.404071 -0.000000 -0.000000 -0.913867 -0.000000 0.000000 0.035682 0.000000 1500.000000 0.999850
1 0 24.000000 0.000000 -0.000000 -0.100951 0.000000 0.000000 -0.161372 0.000000 0.000000 0.515208 0.000000 2000.000000 0.549246
1 2 16.000000 0.000000 -0.000000 -0.183623 0.000000 0.000000 -0.879800 0.000000 0.000000 0.437225 14.000000 2500.000000 0.999466
1 0 20.000000 -0.008692 0.184524 0.000000 0.003100 0.517330 -0.000000 -0.549176 0.000000 -0.000000 0.000000 1500.000000 0.549254
1 0 10.000000 0.318727 0.000000 0.000000 0.000000 0.318727 0.000000 0.000000 0.000000 0.225374 10.000000 500.000000 0.390359
1 0 20.000000 0.000000 0.000000 -0.144608 0.000000 -0.000000 -0.160462 -0.000000 0.000000 -0.504995 0.000000 1500.000000 0.549254
1 0 20.000000 0.000000 -0.000000 0.448036 0.000000 0.000000 0.243651 -0.000000 0.000000 0.203906 0.000000 1500.000000 0.549254
1 2 20.000000 0.509286 0.637253 0.022407 -0.636023 0.510270 -0.027983 -0.050697 0.000000 0.576150 0.000000 1500.000000 0.999850
1 0 16.000000 0.000000 0.000000 0.000000 0.000000 0.000000 0.000000 0.000000 0.000000 0.000000 0.000000 1500.000000 0.000000
1 0 10.000000 0.000000 0.000000 0.000000 0.000000 0.000000 0.000000 0.000000 0.000000 0.000000 10.000000 3000.000000 0.000000
1 1 20.000000 -0.000000 0.000000 0.276312 0.000000 0.000000 -0.621382 -0.000000 0.000000 -0.373933 0.000000 1500.000000 0.776073
1 2 20.000000 0.000000 0.000000 -0.966055 0.000000 -0.000000 -0.112476 -0.000000 0.000000 -0.231919 0.000000 1500.000000 0.999850
1 1 20.000000 0.395302 0.494629 0.017392 -0.493674 0.396067 -0.021720 -0.039351 0.000000 0.447201 0.000000 1500.000000 0.776073
1 0 20.000000 -0.107529 0.501872 0.000000 0.241815 0.223169 -0.000000 -0.481293 0.000000 -0.000000 0.000000 1500.000000 0.549254
1 2 20.000000 -0.000000 -0.000000 0.614945 -0.000000 0.000000 0.286971 -0.000000 0.000000 -0.734296 0.000000 1500.000000 0.999850
1 2 24.000000 0.742601 -0.542533 0.000000 0.479718 0.839838 0.000000 -0.466996 0.000000 0.000000 0.000000 2000.000000 0.999835
1 1 20.000000 -0.516483 0.328187 -0.000000 -0.241023 -0.703266 -0.000000 -0.526729 0.000000 0.000000 0.000000 1500.000000 0.776073
1 0 16.000000 -0.000000 -0.000000 -0.207143 0.000000 -0.000000 0.444264 -0.000000 0.000000 0.247324 0.000000 1500.000000 0.549043
1 0 24.000000 0.273241 -0.465638 -0.000000 0.436781 0.291293 -0.000000 0.190347 0.000000 0.000000 0.000000 2000.000000 0.549246
1 0 10.000000 0.318727 0.000000 0.000000 0.000000 0.318727 0.000000 0.000000 0.000000 0.225374 36.000000 500.000000 0.390359
1 2 20.000000 0.623745 0.780472 0.000000 -0.778966 0.624951 -0.000000 -0.062091 0.000000 0.000000 0.000000 3000.000000 0.999850
1 0 24.000000 0.000000 -0.000000 0.030853 0.000000 0.000000 0.359340 -0.000000 0.000000 0.414238 0.000000 2000.000000 0.549246
1 2 20.000000 -0.014429 0.914450 -0.000000 -0.032634 -0.404329 -0.000000 -0.999213 0.000000 0.000000 0.000000 1500.000000 0.999850
1 2 20.000000 0.000000 -0.000000 -0.360967 -0.000000 -0.000000 0.623167 -0.000000 0.000000 -0.693590 0.000000 1500.000000 0.999850
1 2 20.000000 -0.015822 0.335904 0.000000 0.005644 0.941737 -0.000000 -0.999709 0.000000 -0.000000 0.000000 1500.000000 0.999850
1 2 20.000000 0.000000 0.000000 0.038810 -0.000000 0.000000 -0.048468 -0.000000 0.000000 0.997920 0.000000 3000.000000 0.999850
1 2 24.000000 0.509278 0.637243 0.022406 -0.636013 0.510263 -0.027982 -0.050696 0.000000 0.576141 0.000000 2000.000000 0.999835
1 2 16.000000 -0.270774 0.458530 0.000000 0.139805 0.888077 -0.000000 -0.951876 0.000000 -0.000000 0.000000 1500.000000 0.999466
1 2 20.000000 0.816374 0.000000 0.000000 0.000000 0.816374 0.000000 0.000000 0.000000 0.577264 0.000000 3000.000000 0.999850
1 0 24.000000 0.312354 0.205073 0.000000 -0.125716 0.509525 -0.000000 -0.433937 0.000000 0.000000 0.000000 2000.000000 0.549246
1 1 20.000000 -0.000000 0.000000 -0.477313 -0.000000 -0.000000 -0.222744 -0.000000 0.000000 0.569953 0.000000 1500.000000 0.776073
1 2 20.000000 0.000000 0.000000 0.360967 -0.000000 0.000000 -0.623167 -0.000000 0.000000 0.693590 0.000000 1500.000000 0.999850
0 0 6.000000 0.000000 0.000000 0.000000 0.000000 0.000000 0.000000 0.000000 0.000000 0.000000 10.000000 2500.000000 0.000000
1 2 16.000000 -0.000000 -0.000000 -0.377078 0.000000 -0.000000 0.808729 -0.000000 0.000000 0.450223 0.000000 1500.000000 0.999466
1 0 20.000000 -0.365533 -0.232269 0.000000 -0.170580 0.497726 0.000000 -0.372784 0.000000 -0.000000 0.000000 1500.000000 0.549254
1 0 16.000000 -0.467840 0.197079 -0.000000 -0.179922 -0.512453 -0.000000 -0.224057 0.000000 0.000000 0.000000 1500.000000 0.549043
1 0 10.000000 0.447422 0.000000 0.000000 0.000000 0.447422 0.000000 0.000000 0.000000 0.316375 10.000000 3000.000000 0.547977
1 0 10.000000 0.000000 0.000000 0.000000 0.000000 0.000000 0.000000 0.000000 0.000000 0.000000 10.000000 1500.000000 0.000000
1 2 16.000000 0.089329 -0.978384 -0.000000 0.428003 0.204199 -0.000000 0.898758 0.000000 0.000000 14.000000 1000.000000 0.999466
1 0 16.000000 -0.010812 0.525130 -0.000000 -0.035426 -0.160269 -0.000000 -0.547792 0.000000 0.000000 0.000000 1500.000000 0.549043
1 0 16.000000 -0.148746 0.251887 0.000000 0.076800 0.487853 -0.000000 -0.522900 0.000000 -0.000000 0.000000 1500.000000 0.549043
1 2 16.000000 0.816060 0.000000 0.000000 0.000000 0.816060 0.000000 0.000000 0.000000 0.577042 0.000000 1500.000000 0.999466
1 0 10.000000 0.447422 0.000000 0.000000 0.000000 0.447422 0.000000 0.000000 0.000000 0.316375 10.000000 500.000000 0.547977
0 0 6.000000 0.000000 0.000000 0.000000 0.000000 0.000000 0.000000 0.000000 0.000000 0.000000 5.000000 500.000000 0.000000
1 2 20.000000 0.000000 -0.000000 0.815596 0.000000 0.000000 0.443537 -0.000000 0.000000 0.371185 0.000000 1500.000000 0.999850
1 2 16.000000 0.089329 -0.978384 -0.000000 0.428003 0.204199 -0.000000 0.898758 0.000000 0.000000 14.000000 2500.000000 0.999466
0 0 6.000000 0.000000 0.000000 0.000000 0.000000 0.000000 0.000000 0.000000 0.000000 0.000000 0.000000 500.000000 0.000000
1 1 20.000000 0.000000 0.000000 0.280178 -0.000000 0.000000 -0.483696 -0.000000 0.000000 0.538357 0.000000 1500.000000 0.776073
1 0 10.000000 0.318727 0.000000 0.000000 0.000000 0.318727 0.000000 0.000000 0.000000 0.225374 10.000000 1500.000000 0.390359
1 2 28.000000 -0.752372 0.542832 0.000000 -0.486317 -0.839806 0.000000 0.444267 0.000000 0.000000 0.000000 3000.000000 0.999971
1 0 20.000000 0.117430 -0.534634 0.000000 0.498740 0.125882 0.000000 -0.197860 0.000000 0.000000 0.000000 1500.000000 0.549254
1 0 20.000000 0.126547 0.063520 -0.000000 0.014734 -0.545569 -0.000000 -0.534274 0.000000 -0.000000 0.000000 1500.000000 0.549254
1 2 16.000000 -0.000000 0.000000 0.845791 0.000000 0.000000 -0.436697 -0.000000 0.000000 -0.304736 0.000000 1500.000000 0.999466
1 0 10.000000 0.000000 0.000000 0.000000 0.000000 0.000000 0.000000 0.000000 0.000000 0.000000 0.000000 3000.000000 0.000000
1 0 20.000000 -0.127679 -0.382505 -0.000000 0.123901 -0.394170 0.000000 -0.519641 0.000000 0.000000 0.000000 1500.000000 0.549254
1 0 20.000000 0.000000 0.000000 0.000000 0.000000 0.000000 0.000000 0.000000 0.000000 0.000000 0.000000 1500.000000 0.000000
1 2 20.000000 -0.767858 0.258974 -0.069976 -0.256849 -0.774209 -0.023407 -0.104351 0.000000 0.572528 0.000000 1500.000000 0.999850
1 2 28.000000 -0.012896 -0.999887 0.000000 0.997879 -0.012922 -0.000000 0.063336 0.000000 0.000000 0.000000 3000.000000 0.999971
1 0 10.000000 0.318727 0.000000 0.000000 0.000000 0.318727 0.000000 0.000000 0.000000 0.225374 36.000000 3000.000000 0.390359
1 2 16.000000 0.000000 -0.000000 -0.183623 0.000000 0.000000 -0.879800 0.000000 0.000000 0.437225 14.000000 1000.000000 0.999466
1 2 24.000000 -0.955493 0.158897 -0.000000 -0.153805 -0.987128 -0.000000 -0.251093 0.000000 0.000000 0.000000 2000.000000 0.999835
1 0 16.000000 -0.053342 -0.452554 0.000000 -0.077653 0.310874 0.000000 -0.540900 0.000000 -0.000000 0.000000 1500.000000 0.549043
1 2 16.000000 0.359104 -0.780890 -0.000000 -0.449528 -0.623813 0.000000 -0.817252 0.000000 -0.000000 0.000000 1500.000000 0.999466
1 2 20.000000 -0.000000 0.000000 -0.614945 -0.000000 -0.000000 -0.286971 -0.000000 0.000000 0.734296 0.000000 1500.000000 0.999850
1 2 16.000000 0.000000 0.000000 0.038795 -0.000000 0.000000 -0.048449 -0.000000 0.000000 0.997537 14.000000 1000.000000 0.999466
1 0 24.000000 0.040081 -0.438998 -0.058259 0.192044 0.091623 -0.279140 0.403270 0.000000 0.138721 0.000000 2000.000000 0.549246
1 1 20.000000 0.000000 -0.000000 0.633057 0.000000 0.000000 0.344269 -0.000000 0.000000 0.288110 0.000000 1500.000000 0.776073
1 0 10.000000 0.318727 0.000000 0.000000 0.000000 0.318727 0.000000 0.000000 0.000000 0.225374 10.000000 3000.000000 0.390359
1 0 28.000000 -0.000000 -0.000000 0.308859 0.000000 -0.000000 -0.354664 0.000000 0.000000 0.283853 0.000000 3000.000000 0.549320
1 2 16.000000 -0.097103 -0.823820 0.000000 -0.141358 0.565908 0.000000 -0.984642 0.000000 -0.000000 0.000000 1500.000000 0.999466
1 2 28.000000 -0.000000 0.000000 0.373109 -0.000000 -0.000000 0.241169 0.000000 0.000000 0.895862 0.000000 3000.000000 0.999971
1 2 16.000000 0.000000 -0.000000 0.612477 0.000000 0.000000 0.362357 -0.000000 0.000000 0.701784 0.000000 1500.000000 0.999466
0 0 6.000000 0.000000 0.000000 0.000000 0.000000 0.000000 0.000000 0.000000 0.000000 0.000000 0.000000 100.000000 0.000000
0 0 6.000000 0.000000 0.000000 0.000000 0.000000 0.000000 0.000000 0.000000 0.000000 0.000000 5.000000 2500.000000 0.000000
1 0 20.000000 0.190975 0.475277 0.000000 -0.329697 0.275302 -0.000000 -0.395611 0.000000 0.000000 0.000000 1500.000000 0.549254
1 0 16.000000 0.000000 -0.000000 -0.280208 -0.000000 -0.000000 0.350765 -0.000000 0.000000 -0.316062 0.000000 1500.000000 0.549043
##END
