##LIST_SIZE=92
##LISTDATA
0 0 6.000000 0.000000 0.000000 0.000000 0.000000 0.000000 0.000000 0.000000 0.000000 0.000000 0.000000 3500.000000 0.000000
1 0 6.000000 0.000000 0.000000 0.000000 0.000000 0.000000 0.000000 0.000000 0.000000 0.000000 0.000000 3500.000000 0.000000
1 0 6.000000 0.576180 0.000000 0.000000 0.000000 0.576180 0.000000 0.000000 0.000000 0.407421 0.000000 3500.000000 0.705674
1 1 6.000000 0.814119 0.000000 0.000000 0.000000 0.814119 0.000000 0.000000 0.000000 0.575669 0.000000 3500.000000 0.997088
1 0 6.000000 0.705674 0.000000 0.000000 0.000000 0.705674 0.000000 0.000000 0.000000 0.000000 0.000000 3500.000000 0.705674
1 1 6.000000 0.997088 0.000000 0.000000 0.000000 0.997088 0.000000 0.000000 0.000000 0.000000 0.000000 3500.000000 0.997088
1 0 6.000000 0.000000 0.000000 0.000000 0.000000 0.000000 0.000000 0.000000 0.000000 0.705674 0.000000 3500.000000 0.705674
1 1 6.000000 0.000000 0.000000 0.000000 0.000000 0.000000 0.000000 0.000000 0.000000 0.997088 0.000000 3500.000000 0.997088
1 0 8.000000 0.000000 0.000000 0.000000 0.000000 0.000000 0.000000 0.000000 0.000000 0.000000 0.000000 3500.000000 0.000000
1 0 8.000000 0.576743 0.000000 0.000000 0.000000 0.576743 0.000000 0.000000 0.000000 0.407819 0.000000 3500.000000 0.706363
1 1 8.000000 0.814914 0.000000 0.000000 0.000000 0.814914 0.000000 0.000000 0.000000 0.576231 0.000000 3500.000000 0.998061
1 0 8.000000 0.706363 0.000000 0.000000 0.000000 0.706363 0.000000 0.000000 0.000000 0.000000 0.000000 3500.000000 0.706363
1 1 8.000000 0.998061 0.000000 0.000000 0.000000 0.998061 0.000000 0.000000 0.000000 0.000000 0.000000 3500.000000 0.998061
1 0 8.000000 0.000000 0.000000 0.000000 0.000000 0.000000 0.000000 0.000000 0.000000 0.706363 0.000000 3500.000000 0.706363
1 1 8.000000 0.000000 0.000000 0.000000 0.000000 0.000000 0.000000 0.000000 0.000000 0.998061 0.000000 3500.000000 0.998061
1 0 10.000000 0.000000 0.000000 0.000000 0.000000 0.000000 0.000000 0.000000 0.000000 0.000000 0.000000 3500.000000 0.000000
1 0 10.000000 0.577188 0.000000 0.000000 0.000000 0.577188 0.000000 0.000000 0.000000 0.408133 0.000000 3500.000000 0.706908
1 1 10.000000 0.815542 0.000000 0.000000 0.000000 0.815542 0.000000 0.000000 0.000000 0.576676 0.000000 3500.000000 0.998831
1 0 10.000000 0.706908 0.000000 0.000000 0.000000 0.706908 0.000000 0.000000 0.000000 0.000000 0.000000 3500.000000 0.706908
1 1 10.000000 0.998831 0.000000 0.000000 0.000000 0.998831 0.000000 0.000000 0.000000 0.000000 0.000000 3500.000000 0.998831
1 0 10.000000 0.000000 0.000000 0.000000 0.000000 0.000000 0.000000 0.000000 0.000000 0.706908 0.000000 3500.000000 0.706908
1 1 10.000000 0.000000 0.000000 0.000000 0.000000 0.000000 0.000000 0.000000 0.000000 0.998831 0.000000 3500.000000 0.998831
1 0 12.000000 0.000000 0.000000 0.000000 0.000000 0.000000 0.000000 0.000000 0.000000 0.000000 0.000000 3500.000000 0.000000
1 0 12.000000 0.577679 0.000000 0.000000 0.000000 0.577679 0.000000 0.000000 0.000000 0.408481 0.000000 3500.000000 0.707509
1 1 12.000000 0.816236 0.000000 0.000000 0.000000 0.816236 0.000000 0.000000 0.000000 0.577166 0.000000 3500.000000 0.999681
1 0 12.000000 0.707509 0.000000 0.000000 0.000000 0.707509 0.000000 0.000000 0.000000 0.000000 0.000000 3500.000000 0.707509
1 1 12.000000 0.999681 0.000000 0.000000 0.000000 0.999681 0.000000 0.000000 0.000000 0.000000 0.000000 3500.000000 0.999681
1 0 12.000000 0.000000 0.000000 0.000000 0.000000 0.000000 0.000000 0.000000 0.000000 0.707509 0.000000 3500.000000 0.707509
1 1 12.000000 0.000000 0.000000 0.000000 0.000000 0.000000 0.000000 0.000000 0.000000 0.999681 0.000000 3500.000000 0.999681
1 0 14.000000 0.000000 0.000000 0.000000 0.000000 0.000000 0.000000 0.000000 0.000000 0.000000 0.000000 3500.000000 0.000000
1 0 14.000000 0.577701 0.000000 0.000000 0.000000 0.577701 0.000000 0.000000 0.000000 0.408496 0.000000 3500.000000 0.707536
1 1 14.000000 0.816267 0.000000 0.000000 0.000000 0.816267 0.000000 0.000000 0.000000 0.577188 0.000000 3500.000000 0.999719
1 0 14.000000 0.707536 0.000000 0.000000 0.000000 0.707536 0.000000 0.000000 0.000000 0.000000 0.000000 3500.000000 0.707536
1 1 14.000000 0.999719 0.000000 0.000000 0.000000 0.999719 0.000000 0.000000 0.000000 0.000000 0.000000 3500.000000 0.999719
1 0 14.000000 0.000000 0.000000 0.000000 0.000000 0.000000 0.000000 0.000000 0.000000 0.707536 0.000000 3500.000000 0.707536
1 1 14.000000 0.000000 0.000000 0.000000 0.000000 0.000000 0.000000 0.000000 0.000000 0.999719 0.000000 3500.000000 0.999719
1 0 16.000000 0.000000 0.000000 0.000000 0.000000 0.000000 0.000000 0.000000 0.000000 0.000000 0.000000 3500.000000 0.000000
1 0 16.000000 0.577690 0.000000 0.000000 0.000000 0.577690 0.000000 0.000000 0.000000 0.408489 0.000000 3500.000000 0.707523
1 1 16.000000 0.816253 0.000000 0.000000 0.000000 0.816253 0.000000 0.000000 0.000000 0.577178 0.000000 3500.000000 0.999702
1 0 16.000000 0.707523 0.000000 0.000000 0.000000 0.707523 0.000000 0.000000 0.000000 0.000000 0.000000 3500.000000 0.707523
1 1 16.000000 0.999702 0.000000 0.000000 0.000000 0.999702 0.000000 0.000000 0.000000 0.000000 0.000000 3500.000000 0.999702
1 0 16.000000 0.000000 0.000000 0.000000 0.000000 0.000000 0.000000 0.000000 0.000000 0.707523 0.000000 3500.000000 0.707523
1 1 16.000000 0.000000 0.000000 0.000000 0.000000 0.000000 0.000000 0.000000 0.000000 0.999702 0.000000 3500.000000 0.999702
1 0 18.000000 0.000000 0.000000 0.000000 0.000000 0.000000 0.000000 0.000000 0.000000 0.000000 0.000000 3500.000000 0.000000
1 0 18.000000 0.577734 0.000000 0.000000 0.000000 0.577734 0.000000 0.000000 0.000000 0.408520 0.000000 3500.000000 0.707577
1 1 18.000000 0.816315 0.000000 0.000000 0.000000 0.816315 0.000000 0.000000 0.000000 0.577222 0.000000 3500.000000 0.999777
1 0 18.000000 0.707577 0.000000 0.000000 0.000000 0.707577 0.000000 0.000000 0.000000 0.000000 0.000000 3500.000000 0.707577
1 1 18.000000 0.999777 0.000000 0.000000 0.000000 0.999777 0.000000 0.000000 0.000000 0.000000 0.000000 3500.000000 0.999777
1 0 18.000000 0.000000 0.000000 0.000000 0.000000 0.000000 0.000000 0.000000 0.000000 0.707577 0.000000 3500.000000 0.707577
1 1 18.000000 0.000000 0.000000 0.000000 0.000000 0.000000 0.000000 0.000000 0.000000 0.999777 0.000000 3500.000000 0.999777
1 0 20.000000 0.000000 0.000000 0.000000 0.000000 0.000000 0.000000 0.000000 0.000000 0.000000 0.000000 3500.000000 0.000000
1 0 20.000000 0.577834 0.000000 0.000000 0.000000 0.577834 0.000000 0.000000 0.000000 0.408591 0.000000 3500.000000 0.707700
1 1 20.000000 0.816456 0.000000 0.000000 0.000000 0.816456 0.000000 0.000000 0.000000 0.577322 0.000000 3500.000000 0.999951
1 0 20.000000 0.707700 0.000000 0.000000 0.000000 0.707700 0.000000 0.000000 0.000000 0.000000 0.000000 3500.000000 0.707700
1 1 20.000000 0.999951 0.000000 0.000000 0.000000 0.999951 0.000000 0.000000 0.000000 0.000000 0.000000 3500.000000 0.999951
1 0 20.000000 0.000000 0.000000 0.000000 0.000000 0.000000 0.000000 0.000000 0.000000 0.707700 0.000000 3500.000000 0.707700
1 1 20.000000 0.000000 0.000000 0.000000 0.000000 0.000000 0.000000 0.000000 0.000000 0.999951 0.000000 3500.000000 0.999951
1 0 22.000000 0.000000 0.000000 0.000000 0.000000 0.000000 0.000000 0.000000 0.000000 0.000000 0.000000 3500.000000 0.000000
1 0 22.000000 0.577734 0.000000 0.000000 0.000000 0.577734 0.000000 0.000000 0.000000 0.408520 0.000000 3500.000000 0.707577
1 1 22.000000 0.816314 0.000000 0.000000 0.000000 0.816314 0.000000 0.000000 0.000000 0.577221 0.000000 3500.000000 0.999777
1 0 22.000000 0.707577 0.000000 0.000000 0.000000 0.707577 0.000000 0.000000 0.000000 0.000000 0.000000 3500.000000 0.707577
1 1 22.000000 0.999777 0.000000 0.000000 0.000000 0.999777 0.000000 0.000000 0.000000 0.000000 0.000000 3500.000000 0.999777
1 0 22.000000 0.000000 0.000000 0.000000 0.000000 0.000000 0.000000 0.000000 0.000000 0.707577 0.000000 3500.000000 0.707577
1 1 22.000000 0.000000 0.000000 0.000000 0.000000 0.000000 0.000000 0.000000 0.000000 0.999777 0.000000 3500.000000 0.999777
1 0 24.000000 0.000000 0.000000 0.000000 0.000000 0.000000 0.000000 0.000000 0.000000 0.000000 0.000000 3500.000000 0.000000
1 0 24.000000 0.577772 0.000000 0.000000 0.000000 0.577772 0.000000 0.000000 0.000000 0.408547 0.000000 3500.000000 0.707624
1 1 24.000000 0.816369 0.000000 0.000000 0.000000 0.816369 0.000000 0.000000 0.000000 0.577260 0.000000 3500.000000 0.999843
1 0 24.000000 0.707624 0.000000 0.000000 0.000000 0.707624 0.000000 0.000000 0.000000 0.000000 0.000000 3500.000000 0.707624
1 1 24.000000 0.999843 0.000000 0.000000 0.000000 0.999843 0.000000 0.000000 0.000000 0.000000 0.000000 3500.000000 0.999843
1 0 24.000000 0.000000 0.000000 0.000000 0.000000 0.000000 0.000000 0.000000 0.000000 0.707624 0.000000 3500.000000 0.707624
1 1 24.000000 0.000000 0.000000 0.000000 0.000000 0.000000 0.000000 0.000000 0.000000 0.999843 0.000000 3500.000000 0.999843
1 0 26.000000 0.000000 0.000000 0.000000 0.000000 0.000000 0.000000 0.000000 0.000000 0.000000 0.000000 3500.000000 0.000000
1 0 26.000000 0.577817 0.000000 0.000000 0.000000 0.577817 0.000000 0.000000 0.000000 0.408578 0.000000 3500.000000 0.707678
1 1 26.000000 0.816432 0.000000 0.000000 0.000000 0.816432 0.000000 0.000000 0.000000 0.577304 0.000000 3500.000000 0.999921
1 0 26.000000 0.707678 0.000000 0.000000 0.000000 0.707678 0.000000 0.000000 0.000000 0.000000 0.000000 3500.000000 0.707678
1 1 26.000000 0.999921 0.000000 0.000000 0.000000 0.999921 0.000000 0.000000 0.000000 0.000000 0.000000 3500.000000 0.999921
1 0 26.000000 0.000000 0.000000 0.000000 0.000000 0.000000 0.000000 0.000000 0.000000 0.707678 0.000000 3500.000000 0.707678
1 1 26.000000 0.000000 0.000000 0.000000 0.000000 0.000000 0.000000 0.000000 0.000000 0.999921 0.000000 3500.000000 0.999921
1 0 28.000000 0.000000 0.000000 0.000000 0.000000 0.000000 0.000000 0.000000 0.000000 0.000000 0.000000 3500.000000 0.000000
1 0 28.000000 0.577818 0.000000 0.000000 0.000000 0.577818 0.000000 0.000000 0.000000 0.408579 0.000000 3500.000000 0.707680
1 1 28.000000 0.816434 0.000000 0.000000 0.000000 0.816434 0.000000 0.000000 0.000000 0.577306 0.000000 3500.000000 0.999923
1 0 28.000000 0.707680 0.000000 0.000000 0.000000 0.707680 0.000000 0.000000 0.000000 0.000000 0.000000 3500.000000 0.707680
1 1 28.000000 0.999923 0.000000 0.000000 0.000000 0.999923 0.000000 0.000000 0.000000 0.000000 0.000000 3500.000000 0.999923
1 0 28.000000 0.000000 0.000000 0.000000 0.000000 0.000000 0.000000 0.000000 0.000000 0.707680 0.000000 3500.000000 0.707680
1 1 28.000000 0.000000 0.000000 0.000000 0.000000 0.000000 0.000000 0.000000 0.000000 0.999923 0.000000 3500.000000 0.999923
1 0 30.000000 0.000000 0.000000 0.000000 0.000000 0.000000 0.000000 0.000000 0.000000 0.000000 0.000000 3500.000000 0.000000
1 0 30.000000 0.577810 0.000000 0.000000 0.000000 0.577810 0.000000 0.000000 0.000000 0.408574 0.000000 3500.000000 0.707670
1 1 30.000000 0.816422 0.000000 0.000000 0.000000 0.816422 0.000000 0.000000 0.000000 0.577298 0.000000 3500.000000 0.999909
1 0 30.000000 0.707670 0.000000 0.000000 0.000000 0.707670 0.000000 0.000000 0.000000 0.000000 0.000000 3500.000000 0.707670
1 1 30.000000 0.999909 0.000000 0.000000 0.000000 0.999909 0.000000 0.000000 0.000000 0.000000 0.000000 3500.000000 0.999909
1 0 30.000000 0.000000 0.000000 0.000000 0.000000 0.000000 0.000000 0.000000 0.000000 0.707670 0.000000 3500.000000 0.707670
1 1 30.000000 0.000000 0.000000 0.000000 0.000000 0.000000 0.000000 0.000000 0.000000 0.999909 0.000000 3500.000000 0.999909
##END
