##LIST_SIZE=131
##LISTDATA
0 0 6.000000 0.000000 0.000000 0.000000 0.000000 0.000000 0.000000 0.000000 0.000000 0.000000 0.000000 3500.000000 0.000000
1 0 6.000000 0.000000 0.000000 0.000000 0.000000 0.000000 0.000000 0.000000 0.000000 0.000000 0.000000 3500.000000 0.000000
1 0 6.000000 0.322095 0.000000 0.000000 0.000000 0.322095 0.000000 0.000000 0.000000 0.227755 0.000000 3500.000000 0.394484
1 1 6.000000 0.455106 0.000000 0.000000 0.000000 0.455106 0.000000 0.000000 0.000000 0.321809 0.000000 3500.000000 0.557389
1 3 6.000000 0.813765 0.000000 0.000000 0.000000 0.813765 0.000000 0.000000 0.000000 0.575419 0.000000 3500.000000 0.996654
1 0 6.000000 0.394484 0.000000 0.000000 0.000000 0.394484 0.000000 0.000000 0.000000 0.000000 0.000000 3500.000000 0.394484
1 1 6.000000 0.557389 0.000000 0.000000 0.000000 0.557389 0.000000 0.000000 0.000000 0.000000 0.000000 3500.000000 0.557389
1 3 6.000000 0.996654 0.000000 0.000000 0.000000 0.996654 0.000000 0.000000 0.000000 0.000000 0.000000 3500.000000 0.996654
1 0 6.000000 0.000000 0.000000 0.000000 0.000000 0.000000 0.000000 0.000000 0.000000 0.394484 0.000000 3500.000000 0.394484
1 1 6.000000 0.000000 0.000000 0.000000 0.000000 0.000000 0.000000 0.000000 0.000000 0.557389 0.000000 3500.000000 0.557389
1 3 6.000000 0.000000 0.000000 0.000000 0.000000 0.000000 0.000000 0.000000 0.000000 0.996654 0.000000 3500.000000 0.996654
1 0 8.000000 0.000000 0.000000 0.000000 0.000000 0.000000 0.000000 0.000000 0.000000 0.000000 0.000000 3500.000000 0.000000
1 0 8.000000 0.319568 0.000000 0.000000 0.000000 0.319568 0.000000 0.000000 0.000000 0.225969 0.000000 3500.000000 0.391390
1 1 8.000000 0.451537 0.000000 0.000000 0.000000 0.451537 0.000000 0.000000 0.000000 0.319285 0.000000 3500.000000 0.553017
1 3 8.000000 0.807382 0.000000 0.000000 0.000000 0.807382 0.000000 0.000000 0.000000 0.570905 0.000000 3500.000000 0.988837
1 0 8.000000 0.391390 0.000000 0.000000 0.000000 0.391390 0.000000 0.000000 0.000000 0.000000 0.000000 3500.000000 0.391390
1 1 8.000000 0.553017 0.000000 0.000000 0.000000 0.553017 0.000000 0.000000 0.000000 0.000000 0.000000 3500.000000 0.553017
1 3 8.000000 0.988837 0.000000 0.000000 0.000000 0.988837 0.000000 0.000000 0.000000 0.000000 0.000000 3500.000000 0.988837
1 0 8.000000 0.000000 0.000000 0.000000 0.000000 0.000000 0.000000 0.000000 0.000000 0.391390 0.000000 3500.000000 0.391390
1 1 8.000000 0.000000 0.000000 0.000000 0.000000 0.000000 0.000000 0.000000 0.000000 0.553017 0.000000 3500.000000 0.553017
1 3 8.000000 0.000000 0.000000 0.000000 0.000000 0.000000 0.000000 0.000000 0.000000 0.988837 0.000000 3500.000000 0.988837
1 0 10.000000 0.000000 0.000000 0.000000 0.000000 0.000000 0.000000 0.000000 0.000000 0.000000 0.000000 3500.000000 0.000000
1 0 10.000000 0.321062 0.000000 0.000000 0.000000 0.321062 0.000000 0.000000 0.000000 0.227025 0.000000 3500.000000 0.393219
1 1 10.000000 0.453648 0.000000 0.000000 0.000000 0.453648 0.000000 0.000000 0.000000 0.320777 0.000000 3500.000000 0.555603
1 3 10.000000 0.811157 0.000000 0.000000 0.000000 0.811157 0.000000 0.000000 0.000000 0.573574 0.000000 3500.000000 0.993460
1 0 10.000000 0.393219 0.000000 0.000000 0.000000 0.393219 0.000000 0.000000 0.000000 0.000000 0.000000 3500.000000 0.393219
1 1 10.000000 0.555603 0.000000 0.000000 0.000000 0.555603 0.000000 0.000000 0.000000 0.000000 0.000000 3500.000000 0.555603
1 3 10.000000 0.993460 0.000000 0.000000 0.000000 0.993460 0.000000 0.000000 0.000000 0.000000 0.000000 3500.000000 0.993460
1 0 10.000000 0.000000 0.000000 0.000000 0.000000 0.000000 0.000000 0.000000 0.000000 0.393219 0.000000 3500.000000 0.393219
1 1 10.000000 0.000000 0.000000 0.000000 0.000000 0.000000 0.000000 0.000000 0.000000 0.555603 0.000000 3500.000000 0.555603
1 3 10.000000 0.000000 0.000000 0.000000 0.000000 0.000000 0.000000 0.000000 0.000000 0.993460 0.000000 3500.000000 0.993460
1 0 12.000000 0.000000 0.000000 0.000000 0.000000 0.000000 0.000000 0.000000 0.000000 0.000000 0.000000 3500.000000 0.000000
1 0 12.000000 0.322095 0.000000 0.000000 0.000000 0.322095 0.000000 0.000000 0.000000 0.227755 0.000000 3500.000000 0.394484
1 1 12.000000 0.455106 0.000000 0.000000 0.000000 0.455106 0.000000 0.000000 0.000000 0.321809 0.000000 3500.000000 0.557389
1 3 12.000000 0.813765 0.000000 0.000000 0.000000 0.813765 0.000000 0.000000 0.000000 0.575419 0.000000 3500.000000 0.996654
1 0 12.000000 0.394484 0.000000 0.000000 0.000000 0.394484 0.000000 0.000000 0.000000 0.000000 0.000000 3500.000000 0.394484
1 1 12.000000 0.557389 0.000000 0.000000 0.000000 0.557389 0.000000 0.000000 0.000000 0.000000 0.000000 3500.000000 0.557389
1 3 12.000000 0.996654 0.000000 0.000000 0.000000 0.996654 0.000000 0.000000 0.000000 0.000000 0.000000 3500.000000 0.996654
1 0 12.000000 0.000000 0.000000 0.000000 0.000000 0.000000 0.000000 0.000000 0.000000 0.394484 0.000000 3500.000000 0.394484
1 1 12.000000 0.000000 0.000000 0.000000 0.000000 0.000000 0.000000 0.000000 0.000000 0.557389 0.000000 3500.000000 0.557389
1 3 12.000000 0.000000 0.000000 0.000000 0.000000 0.000000 0.000000 0.000000 0.000000 0.996654 0.000000 3500.000000 0.996654
1 0 14.000000 0.000000 0.000000 0.000000 0.000000 0.000000 0.000000 0.000000 0.000000 0.000000 0.000000 3500.000000 0.000000
1 0 14.000000 0.322470 0.000000 0.000000 0.000000 0.322470 0.000000 0.000000 0.000000 0.228021 0.000000 3500.000000 0.394943
1 1 14.000000 0.455637 0.000000 0.000000 0.000000 0.455637 0.000000 0.000000 0.000000 0.322184 0.000000 3500.000000 0.558039
1 3 14.000000 0.814713 0.000000 0.000000 0.000000 0.814713 0.000000 0.000000 0.000000 0.576089 0.000000 3500.000000 0.997816
1 0 14.000000 0.394943 0.000000 0.000000 0.000000 0.394943 0.000000 0.000000 0.000000 0.000000 0.000000 3500.000000 0.394943
1 1 14.000000 0.558039 0.000000 0.000000 0.000000 0.558039 0.000000 0.000000 0.000000 0.000000 0.000000 3500.000000 0.558039
1 3 14.000000 0.997816 0.000000 0.000000 0.000000 0.997816 0.000000 0.000000 0.000000 0.000000 0.000000 3500.000000 0.997816
1 0 14.000000 0.000000 0.000000 0.000000 0.000000 0.000000 0.000000 0.000000 0.000000 0.394943 0.000000 3500.000000 0.394943
1 1 14.000000 0.000000 0.000000 0.000000 0.000000 0.000000 0.000000 0.000000 0.000000 0.558039 0.000000 3500.000000 0.558039
1 3 14.000000 0.000000 0.000000 0.000000 0.000000 0.000000 0.000000 0.000000 0.000000 0.997816 0.000000 3500.000000 0.997816
1 0 16.000000 0.000000 0.000000 0.000000 0.000000 0.000000 0.000000 0.000000 0.000000 0.000000 0.000000 3500.000000 0.000000
1 0 16.000000 0.322974 0.000000 0.000000 0.000000 0.322974 0.000000 0.000000 0.000000 0.228377 0.000000 3500.000000 0.395561
1 1 16.000000 0.456349 0.000000 0.000000 0.000000 0.456349 0.000000 0.000000 0.000000 0.322688 0.000000 3500.000000 0.558911
1 3 16.000000 0.815987 0.000000 0.000000 0.000000 0.815987 0.000000 0.000000 0.000000 0.576990 0.000000 3500.000000 0.999376
1 0 16.000000 0.395561 0.000000 0.000000 0.000000 0.395561 0.000000 0.000000 0.000000 0.000000 0.000000 3500.000000 0.395561
1 1 16.000000 0.558911 0.000000 0.000000 0.000000 0.558911 0.000000 0.000000 0.000000 0.000000 0.000000 3500.000000 0.558911
1 3 16.000000 0.999376 0.000000 0.000000 0.000000 0.999376 0.000000 0.000000 0.000000 0.000000 0.000000 3500.000000 0.999376
1 0 16.000000 0.000000 0.000000 0.000000 0.000000 0.000000 0.000000 0.000000 0.000000 0.395561 0.000000 3500.000000 0.395561
1 1 16.000000 0.000000 0.000000 0.000000 0.000000 0.000000 0.000000 0.000000 0.000000 0.558911 0.000000 3500.000000 0.558911
1 3 16.000000 0.000000 0.000000 0.000000 0.000000 0.000000 0.000000 0.000000 0.000000 0.999376 0.000000 3500.000000 0.999376
1 0 18.000000 0.000000 0.000000 0.000000 0.000000 0.000000 0.000000 0.000000 0.000000 0.000000 0.000000 3500.000000 0.000000
1 0 18.000000 0.322889 0.000000 0.000000 0.000000 0.322889 0.000000 0.000000 0.000000 0.228317 0.000000 3500.000000 0.395456
1 1 18.000000 0.456229 0.000000 0.000000 0.000000 0.456229 0.000000 0.000000 0.000000 0.322602 0.000000 3500.000000 0.558764
1 3 18.000000 0.815772 0.000000 0.000000 0.000000 0.815772 0.000000 0.000000 0.000000 0.576838 0.000000 3500.000000 0.999112
1 0 18.000000 0.395456 0.000000 0.000000 0.000000 0.395456 0.000000 0.000000 0.000000 0.000000 0.000000 3500.000000 0.395456
1 1 18.000000 0.558764 0.000000 0.000000 0.000000 0.558764 0.000000 0.000000 0.000000 0.000000 0.000000 3500.000000 0.558764
1 3 18.000000 0.999112 0.000000 0.000000 0.000000 0.999112 0.000000 0.000000 0.000000 0.000000 0.000000 3500.000000 0.999112
1 0 18.000000 0.000000 0.000000 0.000000 0.000000 0.000000 0.000000 0.000000 0.000000 0.395456 0.000000 3500.000000 0.395456
1 1 18.000000 0.000000 0.000000 0.000000 0.000000 0.000000 0.000000 0.000000 0.000000 0.558764 0.000000 3500.000000 0.558764
1 3 18.000000 0.000000 0.000000 0.000000 0.000000 0.000000 0.000000 0.000000 0.000000 0.999112 0.000000 3500.000000 0.999112
1 0 20.000000 0.000000 0.000000 0.000000 0.000000 0.000000 0.000000 0.000000 0.000000 0.000000 0.000000 3500.000000 0.000000
1 0 20.000000 0.323091 0.000000 0.000000 0.000000 0.323091 0.000000 0.000000 0.000000 0.228460 0.000000 3500.000000 0.395705
1 1 20.000000 0.456515 0.000000 0.000000 0.000000 0.456515 0.000000 0.000000 0.000000 0.322805 0.000000 3500.000000 0.559114
1 3 20.000000 0.816284 0.000000 0.000000 0.000000 0.816284 0.000000 0.000000 0.000000 0.577200 0.000000 3500.000000 0.999739
1 0 20.000000 0.395705 0.000000 0.000000 0.000000 0.395705 0.000000 0.000000 0.000000 0.000000 0.000000 3500.000000 0.395705
1 1 20.000000 0.559114 0.000000 0.000000 0.000000 0.559114 0.000000 0.000000 0.000000 0.000000 0.000000 3500.000000 0.559114
1 3 20.000000 0.999739 0.000000 0.000000 0.000000 0.999739 0.000000 0.000000 0.000000 0.000000 0.000000 3500.000000 0.999739
1 0 20.000000 0.000000 0.000000 0.000000 0.000000 0.000000 0.000000 0.000000 0.000000 0.395705 0.000000 3500.000000 0.395705
1 1 20.000000 0.000000 0.000000 0.000000 0.000000 0.000000 0.000000 0.000000 0.000000 0.559114 0.000000 3500.000000 0.559114
1 3 20.000000 0.000000 0.000000 0.000000 0.000000 0.000000 0.000000 0.000000 0.000000 0.999739 0.000000 3500.000000 0.999739
1 0 22.000000 0.000000 0.000000 0.000000 0.000000 0.000000 0.000000 0.000000 0.000000 0.000000 0.000000 3500.000000 0.000000
1 0 22.000000 0.323085 0.000000 0.000000 0.000000 0.323085 0.000000 0.000000 0.000000 0.228456 0.000000 3500.000000 0.395697
1 1 22.000000 0.456506 0.000000 0.000000 0.000000 0.456506 0.000000 0.000000 0.000000 0.322799 0.000000 3500.000000 0.559104
1 3 22.000000 0.816268 0.000000 0.000000 0.000000 0.816268 0.000000 0.000000 0.000000 0.577188 0.000000 3500.000000 0.999720
1 0 22.000000 0.395697 0.000000 0.000000 0.000000 0.395697 0.000000 0.000000 0.000000 0.000000 0.000000 3500.000000 0.395697
1 1 22.000000 0.559104 0.000000 0.000000 0.000000 0.559104 0.000000 0.000000 0.000000 0.000000 0.000000 3500.000000 0.559104
1 3 22.000000 0.999720 0.000000 0.000000 0.000000 0.999720 0.000000 0.000000 0.000000 0.000000 0.000000 3500.000000 0.999720
1 0 22.000000 0.000000 0.000000 0.000000 0.000000 0.000000 0.000000 0.000000 0.000000 0.395697 0.000000 3500.000000 0.395697
1 1 22.000000 0.000000 0.000000 0.000000 0.000000 0.000000 0.000000 0.000000 0.000000 0.559104 0.000000 3500.000000 0.559104
1 3 22.000000 0.000000 0.000000 0.000000 0.000000 0.000000 0.000000 0.000000 0.000000 0.999720 0.000000 3500.000000 0.999720
1 0 24.000000 0.000000 0.000000 0.000000 0.000000 0.000000 0.000000 0.000000 0.000000 0.000000 0.000000 3500.000000 0.000000
1 0 24.000000 0.323100 0.000000 0.000000 0.000000 0.323100 0.000000 0.000000 0.000000 0.228466 0.000000 3500.000000 0.395714
1 1 24.000000 0.456526 0.000000 0.000000 0.000000 0.456526 0.000000 0.000000 0.000000 0.322813 0.000000 3500.000000 0.559128
1 3 24.000000 0.816304 0.000000 0.000000 0.000000 0.816304 0.000000 0.000000 0.000000 0.577214 0.000000 3500.000000 0.999764
1 0 24.000000 0.395714 0.000000 0.000000 0.000000 0.395714 0.000000 0.000000 0.000000 0.000000 0.000000 3500.000000 0.395714
1 1 24.000000 0.559128 0.000000 0.000000 0.000000 0.559128 0.000000 0.000000 0.000000 0.000000 0.000000 3500.000000 0.559128
1 3 24.000000 0.999764 0.000000 0.000000 0.000000 0.999764 0.000000 0.000000 0.000000 0.000000 0.000000 3500.000000 0.999764
1 0 24.000000 0.000000 0.000000 0.000000 0.000000 0.000000 0.000000 0.000000 0.000000 0.395714 0.000000 3500.000000 0.395714
1 1 24.000000 0.000000 0.000000 0.000000 0.000000 0.000000 0.000000 0.000000 0.000000 0.559128 0.000000 3500.000000 0.559128
1 3 24.000000 0.000000 0.000000 0.000000 0.000000 0.000000 0.000000 0.000000 0.000000 0.999764 0.000000 3500.000000 0.999764
1 0 26.000000 0.000000 0.000000 0.000000 0.000000 0.000000 0.000000 0.000000 0.000000 0.000000 0.000000 3500.000000 0.000000
1 0 26.000000 0.323075 0.000000 0.000000 0.000000 0.323075 0.000000 0.000000 0.000000 0.228449 0.000000 3500.000000 0.395685
1 1 26.000000 0.456492 0.000000 0.000000 0.000000 0.456492 0.000000 0.000000 0.000000 0.322789 0.000000 3500.000000 0.559086
1 3 26.000000 0.816243 0.000000 0.000000 0.000000 0.816243 0.000000 0.000000 0.000000 0.577171 0.000000 3500.000000 0.999689
1 0 26.000000 0.395685 0.000000 0.000000 0.000000 0.395685 0.000000 0.000000 0.000000 0.000000 0.000000 3500.000000 0.395685
1 1 26.000000 0.559086 0.000000 0.000000 0.000000 0.559086 0.000000 0.000000 0.000000 0.000000 0.000000 3500.000000 0.559086
1 3 26.000000 0.999689 0.000000 0.000000 0.000000 0.999689 0.000000 0.000000 0.000000 0.000000 0.000000 3500.000000 0.999689
1 0 26.000000 0.000000 0.000000 0.000000 0.000000 0.000000 0.000000 0.000000 0.000000 0.395685 0.000000 3500.000000 0.395685
1 1 26.000000 0.000000 0.000000 0.000000 0.000000 0.000000 0.000000 0.000000 0.000000 0.559086 0.000000 3500.000000 0.559086
1 3 26.000000 0.000000 0.000000 0.000000 0.000000 0.000000 0.000000 0.000000 0.000000 0.999689 0.000000 3500.000000 0.999689
1 0 28.000000 0.000000 0.000000 0.000000 0.000000 0.000000 0.000000 0.000000 0.000000 0.000000 0.000000 3500.000000 0.000000
1 0 28.000000 0.323102 0.000000 0.000000 0.000000 0.323102 0.000000 0.000000 0.000000 0.228468 0.000000 3500.000000 0.395718
1 1 28.000000 0.456530 0.000000 0.000000 0.000000 0.456530 0.000000 0.000000 0.000000 0.322816 0.000000 3500.000000 0.559133
1 3 28.000000 0.816311 0.000000 0.000000 0.000000 0.816311 0.000000 0.000000 0.000000 0.577219 0.000000 3500.000000 0.999773
1 0 28.000000 0.395718 0.000000 0.000000 0.000000 0.395718 0.000000 0.000000 0.000000 0.000000 0.000000 3500.000000 0.395718
1 1 28.000000 0.559133 0.000000 0.000000 0.000000 0.559133 0.000000 0.000000 0.000000 0.000000 0.000000 3500.000000 0.559133
1 3 28.000000 0.999773 0.000000 0.000000 0.000000 0.999773 0.000000 0.000000 0.000000 0.000000 0.000000 3500.000000 0.999773
1 0 28.000000 0.000000 0.000000 0.000000 0.000000 0.000000 0.000000 0.000000 0.000000 0.395718 0.000000 3500.000000 0.395718
1 1 28.000000 0.000000 0.000000 0.000000 0.000000 0.000000 0.000000 0.000000 0.000000 0.559133 0.000000 3500.000000 0.559133
1 3 28.000000 0.000000 0.000000 0.000000 0.000000 0.000000 0.000000 0.000000 0.000000 0.999773 0.000000 3500.000000 0.999773
1 0 30.000000 0.000000 0.000000 0.000000 0.000000 0.000000 0.000000 0.000000 0.000000 0.000000 0.000000 3500.000000 0.000000
1 0 30.000000 0.323124 0.000000 0.000000 0.000000 0.323124 0.000000 0.000000 0.000000 0.228483 0.000000 3500.000000 0.395744
1 1 30.000000 0.456560 0.000000 0.000000 0.000000 0.456560 0.000000 0.000000 0.000000 0.322837 0.000000 3500.000000 0.559170
1 3 30.000000 0.816365 0.000000 0.000000 0.000000 0.816365 0.000000 0.000000 0.000000 0.577257 0.000000 3500.000000 0.999838
1 0 30.000000 0.395744 0.000000 0.000000 0.000000 0.395744 0.000000 0.000000 0.000000 0.000000 0.000000 3500.000000 0.395744
1 1 30.000000 0.559170 0.000000 0.000000 0.000000 0.559170 0.000000 0.000000 0.000000 0.000000 0.000000 3500.000000 0.559170
1 3 30.000000 0.999838 0.000000 0.000000 0.000000 0.999838 0.000000 0.000000 0.000000 0.000000 0.000000 3500.000000 0.999838
1 0 30.000000 0.000000 0.000000 0.000000 0.000000 0.000000 0.000000 0.000000 0.000000 0.395744 0.000000 3500.000000 0.395744
1 1 30.000000 0.000000 0.000000 0.000000 0.000000 0.000000 0.000000 0.000000 0.000000 0.559170 0.000000 3500.000000 0.559170
1 3 30.000000 0.000000 0.000000 0.000000 0.000000 0.000000 0.000000 0.000000 0.000000 0.999838 0.000000 3500.000000 0.999838
##END
