##LIST_SIZE=393
##LISTDATA
0 0 6.000000 0.000000 0.000000 0.000000 0.000000 0.000000 0.000000 0.000000 0.000000 0.000000 0.000000 3000.000000 0.000000
1 0 12.000000 -0.897857 -0.439105 -0.000000 0.438866 -0.898347 0.000000 -0.033026 0.000000 0.000000 0.000000 2000.000000 0.999921
1 0 12.000000 0.775786 -0.246312 0.044986 0.245488 0.778390 0.014235 -0.066730 0.000000 0.575373 0.000000 2000.000000 0.999921
1 0 14.000000 -0.851923 0.358874 -0.000000 -0.327632 -0.933161 -0.000000 -0.408001 0.000000 0.000000 0.000000 2000.000000 0.999790
1 0 17.000000 0.207419 -0.451044 -0.416664 -0.259648 -0.360316 0.521581 -0.472046 0.000000 -0.469978 16.000000 3000.000000 0.999901
1 0 17.000000 -0.299945 -0.471636 -0.204257 0.424937 -0.332907 0.289375 -0.250458 0.000000 0.735579 0.000000 1500.000000 0.999901
1 0 16.000000 -0.000000 -0.000000 0.380803 -0.000000 0.000000 0.146449 -0.000000 0.000000 -0.912732 0.000000 1700.000000 0.999769
1 0 16.000000 -0.000000 0.000000 0.545317 -0.000000 -0.000000 0.503454 0.000000 0.000000 0.669851 0.000000 1300.000000 0.999769
1 0 9.000000 0.816098 0.000000 0.000000 0.000000 0.816098 0.000000 0.000000 0.000000 0.577069 16.000000 1200.000000 0.999512
1 0 17.000000 0.000000 0.000000 -0.396620 0.000000 -0.000000 -0.478562 -0.000000 0.000000 -0.783246 16.000000 3000.000000 0.999901
1 0 9.000000 -0.227535 0.945821 0.000000 -0.665899 -0.323184 0.000000 0.709811 0.000000 0.000000 0.000000 1200.000000 0.999512
1 0 8.000000 0.815637 0.000000 0.000000 0.000000 0.815637 0.000000 0.000000 0.000000 0.576743 0.000000 1000.000000 0.998948
1 0 16.000000 -0.011367 0.552077 -0.237743 -0.037243 -0.168493 -0.778976 -0.575902 0.000000 0.055069 0.000000 1700.000000 0.999769
1 0 17.000000 0.000000 -0.000000 -0.530055 0.000000 0.000000 -0.735003 0.000000 0.000000 0.422628 10.000000 1500.000000 0.999901
1 0 14.000000 -0.019688 0.956246 -0.000000 -0.064509 -0.291846 -0.000000 -0.997513 0.000000 0.000000 0.000000 2000.000000 0.999790
1 0 9.000000 -0.940113 0.317070 -0.000000 -0.314469 -0.947888 -0.000000 -0.127760 0.000000 0.000000 0.000000 1200.000000 0.999512
1 0 14.000000 -0.491858 0.207196 -0.310931 -0.189158 -0.538761 -0.119577 -0.235560 0.000000 0.745259 0.000000 2000.000000 0.999790
1 0 17.000000 -0.011368 0.552150 -0.237774 -0.037248 -0.168516 -0.779080 -0.575978 0.000000 0.055076 16.000000 3000.000000 0.999901
1 0 12.000000 -0.434361 0.313389 0.304627 -0.280761 -0.484838 0.196904 0.256485 0.000000 0.731432 0.000000 2000.000000 0.999921
1 0 17.000000 0.250440 -0.472772 0.306705 0.357392 0.331291 0.437686 -0.377913 0.000000 0.617170 10.000000 1500.000000 0.999901
1 0 14.000000 0.359221 -0.781144 -0.000000 -0.449674 -0.624015 0.000000 -0.817517 0.000000 -0.000000 0.000000 2000.000000 0.999790
1 0 17.000000 -0.056087 -0.475840 0.455407 -0.081649 0.326869 0.662959 -0.568731 0.000000 -0.140088 16.000000 3000.000000 0.999901
1 0 17.000000 -0.000000 -0.000000 -0.250163 0.000000 -0.000000 0.354410 -0.000000 0.000000 0.900897 0.000000 1500.000000 0.999901
1 0 12.000000 0.392768 -0.302045 -0.419005 0.241132 0.491985 -0.257241 0.347662 0.000000 0.651784 0.000000 2000.000000 0.999921
1 0 14.000000 0.348830 -0.293917 0.500248 0.206377 0.496796 0.295959 -0.410999 0.000000 0.573190 0.000000 2000.000000 0.999790
1 0 12.000000 -0.752335 0.542805 0.000000 -0.486293 -0.839764 0.000000 0.444245 0.000000 0.000000 0.000000 2000.000000 0.999921
1 0 14.000000 0.000000 0.000000 0.411563 -0.000000 0.000000 -0.176179 -0.000000 0.000000 0.893956 8.000000 3500.000000 0.999790
1 0 17.000000 0.522020 0.536803 0.230079 -0.455554 0.615124 -0.200784 -0.431857 0.000000 0.489916 16.000000 3000.000000 0.999901
1 0 12.000000 -0.000000 -0.000000 -0.029671 0.000000 -0.000000 0.014503 -0.000000 0.000000 0.999375 25.000000 2000.000000 0.999921
1 0 12.000000 -0.339328 -0.754066 0.000000 0.389652 -0.656678 -0.000000 0.856078 0.000000 0.000000 0.000000 2000.000000 0.999921
1 0 16.000000 -0.000000 -0.000000 0.557684 -0.000000 0.000000 0.811848 -0.000000 0.000000 -0.171549 0.000000 1700.000000 0.999769
1 0 14.000000 0.000000 0.000000 0.510250 -0.000000 0.000000 -0.638732 -0.000000 0.000000 0.575540 0.000000 2000.000000 0.999790
1 0 17.000000 0.000000 0.000000 0.398508 -0.000000 0.000000 -0.347768 -0.000000 0.000000 0.848559 0.000000 1500.000000 0.999901
1 0 9.000000 -0.940113 0.317070 -0.000000 -0.314469 -0.947888 -0.000000 -0.127760 0.000000 0.000000 16.000000 1200.000000 0.999512
0 0 6.000000 0.000000 0.000000 0.000000 0.000000 0.000000 0.000000 0.000000 0.000000 0.000000 4.000000 3000.000000 0.000000
1 0 16.000000 -0.100700 -0.799752 0.091147 0.492350 -0.163572 -0.445642 0.643280 0.000000 0.355351 12.000000 2300.000000 0.999769
1 0 17.000000 -0.109892 -0.523215 -0.308017 0.235689 -0.243954 0.660613 -0.515405 0.000000 0.367766 0.000000 3000.000000 0.999901
1 0 12.000000 -0.222302 -0.913282 -0.000000 0.498670 -0.407133 0.000000 -0.837706 0.000000 0.000000 0.000000 2000.000000 0.999921
1 0 16.000000 0.433717 -0.818757 0.000000 0.618940 0.573737 0.000000 -0.654478 0.000000 0.000000 12.000000 2300.000000 0.999769
1 0 19.000000 0.000000 0.000000 -0.396605 0.000000 -0.000000 -0.478543 -0.000000 0.000000 -0.783216 0.000000 3500.000000 0.999863
1 0 16.000000 -0.185830 0.772458 0.132542 -0.543843 -0.263946 0.387895 0.579707 0.000000 0.406385 0.000000 1700.000000 0.999769
1 0 14.000000 -0.000000 0.000000 -0.994847 -0.000000 -0.000000 -0.079597 -0.000000 0.000000 0.059363 0.000000 2000.000000 0.999790
1 0 16.000000 -0.190314 -0.906115 -0.000000 0.408172 -0.422485 0.000000 -0.892588 0.000000 0.000000 0.000000 1700.000000 0.999769
1 0 9.000000 0.000000 -0.000000 -0.183632 0.000000 0.000000 -0.879841 0.000000 0.000000 0.437246 0.000000 1200.000000 0.999512
1 0 19.000000 0.000000 -0.000000 0.375621 0.000000 0.000000 0.536033 -0.000000 0.000000 0.755847 0.000000 2500.000000 0.999863
1 0 14.000000 0.207396 -0.450993 -0.416618 -0.259619 -0.360275 0.521523 -0.471994 0.000000 -0.469926 0.000000 2000.000000 0.999790
1 0 17.000000 -0.000000 -0.000000 -0.377243 0.000000 -0.000000 0.809082 -0.000000 0.000000 0.450419 0.000000 3000.000000 0.999901
1 0 12.000000 -0.195911 -0.435360 0.459044 0.224966 -0.379133 -0.527122 0.494257 0.000000 0.421879 0.000000 2000.000000 0.999921
1 0 14.000000 -0.097135 -0.824088 0.000000 -0.141404 0.566091 0.000000 -0.984962 0.000000 -0.000000 0.000000 2000.000000 0.999790
1 0 17.000000 -0.741962 0.313323 -0.094490 -0.308361 -0.753899 -0.039270 -0.144710 0.000000 0.568152 0.000000 3000.000000 0.999901
1 0 12.000000 -0.940497 0.317199 -0.000000 -0.314597 -0.948275 -0.000000 -0.127812 0.000000 0.000000 0.000000 1100.000000 0.999921
1 0 16.000000 0.639257 0.657360 0.000000 -0.557863 0.753270 -0.000000 -0.528845 0.000000 0.000000 12.000000 2300.000000 0.999769
1 0 11.000000 0.000000 -0.000000 -0.512800 0.000000 0.000000 -0.314824 0.000000 0.000000 0.797687 30.000000 1500.000000 0.999191
1 0 8.000000 0.540169 0.000000 0.000000 0.000000 0.540169 0.000000 0.000000 0.000000 0.381957 0.000000 1000.000000 0.661569
1 0 14.000000 0.000000 0.000000 0.000000 0.000000 0.000000 0.000000 0.000000 0.000000 0.000000 0.000000 2000.000000 0.000000
1 0 12.000000 0.000000 -0.000000 -0.183707 0.000000 0.000000 -0.880201 0.000000 0.000000 0.437425 0.000000 1100.000000 0.999921
1 0 11.000000 0.000000 -0.000000 -0.512800 0.000000 0.000000 -0.314824 0.000000 0.000000 0.797687 30.000000 3000.000000 0.999191
1 0 17.000000 0.000000 -0.000000 0.375635 0.000000 0.000000 0.536053 -0.000000 0.000000 0.755876 0.000000 1500.000000 0.999901
1 0 12.000000 -0.000000 -0.000000 0.562212 0.000000 -0.000000 -0.645590 0.000000 0.000000 0.516694 0.000000 2000.000000 0.999921
1 0 19.000000 0.775741 -0.246298 0.044984 0.245474 0.778345 0.014235 -0.066726 0.000000 0.575340 0.000000 2500.000000 0.999863
1 0 8.000000 0.000000 0.000000 0.000000 0.000000 0.000000 0.000000 0.000000 0.000000 0.000000 0.000000 2500.000000 0.000000
1 0 12.000000 -0.100715 -0.799873 0.091161 0.492425 -0.163597 -0.445710 0.643378 0.000000 0.355405 0.000000 2000.000000 0.999921
1 0 9.000000 -0.000000 0.000000 0.229511 -0.000000 -0.000000 0.671682 0.000000 0.000000 0.703700 36.000000 1200.000000 0.999512
1 0 12.000000 0.000000 -0.000000 -0.513175 0.000000 0.000000 -0.315054 0.000000 0.000000 0.798269 0.000000 2000.000000 0.999921
1 0 17.000000 -0.034168 0.046042 -0.812380 -0.002734 -0.575454 -0.064998 -0.576275 0.000000 0.048475 16.000000 3000.000000 0.999901
1 0 17.000000 0.369124 0.379577 0.325380 -0.322125 0.434958 -0.283951 -0.305369 0.000000 0.692845 0.000000 1500.000000 0.999901
1 0 14.000000 0.359221 0.781144 0.000000 -0.449674 0.624015 -0.000000 -0.817517 0.000000 0.000000 0.000000 2000.000000 0.999790
1 0 14.000000 -0.869203 -0.215457 -0.000000 0.191823 -0.976298 0.000000 -0.455270 0.000000 0.000000 26.000000 3500.000000 0.999790
1 0 17.000000 0.000000 0.000000 -0.396620 0.000000 -0.000000 -0.478562 -0.000000 0.000000 -0.783246 0.000000 3000.000000 0.999901
1 0 9.000000 0.000000 0.000000 0.000000 0.000000 0.000000 0.000000 0.000000 0.000000 0.000000 36.000000 1200.000000 0.000000
1 0 17.000000 -0.741962 0.313323 -0.094490 -0.308361 -0.753899 -0.039270 -0.144710 0.000000 0.568152 16.000000 3000.000000 0.999901
1 0 17.000000 -0.000000 0.000000 -0.994958 -0.000000 -0.000000 -0.079606 -0.000000 0.000000 0.059369 16.000000 3000.000000 0.999901
1 0 12.000000 0.000000 0.000000 0.038812 -0.000000 0.000000 -0.048471 -0.000000 0.000000 0.997991 0.000000 1100.000000 0.999921
1 0 17.000000 0.816416 0.000000 0.000000 0.000000 0.816416 0.000000 0.000000 0.000000 0.577293 10.000000 1500.000000 0.999901
1 0 14.000000 0.000000 0.000000 0.035959 -0.000000 0.000000 -0.491446 -0.000000 0.000000 0.869925 0.000000 3500.000000 0.999790
1 0 14.000000 -0.034164 0.046037 -0.812289 -0.002733 -0.575390 -0.064991 -0.576211 0.000000 0.048469 0.000000 2000.000000 0.999790
1 0 14.000000 -0.181576 0.564786 -0.000000 -0.124307 -0.824983 -0.000000 -0.975274 0.000000 0.000000 26.000000 3500.000000 0.999790
1 0 9.000000 0.089333 -0.978429 -0.000000 0.428023 0.204208 -0.000000 0.898800 0.000000 0.000000 36.000000 1200.000000 0.999512
1 0 14.000000 -0.000000 0.000000 0.545329 -0.000000 -0.000000 0.503465 0.000000 0.000000 0.669866 8.000000 3500.000000 0.999790
1 0 17.000000 -0.000000 0.000000 -0.291213 -0.000000 -0.000000 -0.954174 -0.000000 0.000000 0.067454 16.000000 3000.000000 0.999901
1 0 19.000000 -0.000000 -0.000000 -0.250153 0.000000 -0.000000 0.354397 -0.000000 0.000000 0.900862 0.000000 2500.000000 0.999863
1 0 14.000000 -0.869203 -0.215457 -0.000000 0.191823 -0.976298 0.000000 -0.455270 0.000000 0.000000 0.000000 3500.000000 0.999790
1 0 11.000000 -0.000000 -0.000000 -0.340836 0.000000 -0.000000 0.764564 -0.000000 0.000000 0.545578 30.000000 3000.000000 0.999191
1 0 16.000000 -0.233852 -0.761049 -0.127429 0.602820 -0.295233 0.328484 -0.498277 0.000000 0.457208 0.000000 1300.000000 0.999769
1 0 17.000000 0.288558 0.444484 -0.323839 0.348175 -0.368377 -0.390744 -0.358854 0.000000 -0.639518 0.000000 3000.000000 0.999901
1 0 14.000000 0.821823 0.393450 0.000000 -0.351801 0.919118 -0.000000 -0.447687 0.000000 0.000000 8.000000 3500.000000 0.999790
1 0 16.000000 -0.059172 0.079736 -0.000000 -0.004734 -0.996584 -0.000000 -0.998005 0.000000 0.000000 0.000000 1700.000000 0.999769
1 0 11.000000 0.000000 0.000000 0.000000 0.000000 0.000000 0.000000 0.000000 0.000000 0.000000 30.000000 1500.000000 0.000000
1 0 14.000000 -0.869203 -0.215457 -0.000000 0.191823 -0.976298 0.000000 -0.455270 0.000000 0.000000 8.000000 3500.000000 0.999790
1 0 19.000000 0.201835 -0.662160 -0.306016 0.279875 0.477523 -0.424338 0.739876 0.000000 0.243995 0.000000 3500.000000 0.999863
1 0 14.000000 0.255025 0.959973 -0.000000 -0.876407 0.279341 0.000000 0.407987 0.000000 0.000000 0.000000 3500.000000 0.999790
1 0 12.000000 -0.000000 -0.000000 0.000818 0.000000 -0.000000 -0.063328 0.000000 0.000000 0.997913 0.000000 2000.000000 0.999921
1 0 14.000000 0.746796 -0.658880 -0.000000 0.654346 0.751970 -0.000000 0.117079 0.000000 0.000000 8.000000 3500.000000 0.999790
1 0 16.000000 0.348822 -0.293911 0.500237 0.206372 0.496785 0.295953 -0.410990 0.000000 0.573178 0.000000 1700.000000 0.999769
1 0 14.000000 -0.059174 0.079738 -0.000000 -0.004734 -0.996605 -0.000000 -0.998026 0.000000 0.000000 0.000000 2000.000000 0.999790
1 0 16.000000 -0.000000 0.000000 -0.380803 -0.000000 -0.000000 -0.146449 -0.000000 0.000000 0.912732 0.000000 1700.000000 0.999769
1 0 14.000000 -0.491858 -0.207196 0.310931 -0.189158 0.538761 0.119577 -0.235560 0.000000 -0.745259 0.000000 2000.000000 0.999790
1 0 17.000000 0.142724 -0.468236 -0.432788 0.197909 0.337673 -0.600128 0.523192 0.000000 0.345074 0.000000 1500.000000 0.999901
1 0 14.000000 -0.109880 -0.523157 -0.307983 0.235663 -0.243927 0.660539 -0.515347 0.000000 0.367725 0.000000 2000.000000 0.999790
1 0 14.000000 -0.000000 0.000000 -0.380811 -0.000000 -0.000000 -0.146452 -0.000000 0.000000 0.912752 0.000000 2000.000000 0.999790
1 0 11.000000 -0.000000 -0.000000 -0.340836 0.000000 -0.000000 0.764564 -0.000000 0.000000 0.545578 0.000000 1500.000000 0.999191
1 0 11.000000 -0.000000 -0.000000 -0.029650 0.000000 -0.000000 0.014493 -0.000000 0.000000 0.998646 0.000000 1500.000000 0.999191
1 0 19.000000 -0.741934 0.313311 -0.094486 -0.308350 -0.753870 -0.039269 -0.144704 0.000000 0.568131 0.000000 3500.000000 0.999863
1 0 11.000000 -0.000000 0.000000 0.372818 -0.000000 -0.000000 0.240981 0.000000 0.000000 0.895163 30.000000 1500.000000 0.999191
1 0 11.000000 0.815836 0.000000 0.000000 0.000000 0.815836 0.000000 0.000000 0.000000 0.576883 0.000000 1500.000000 0.999191
1 0 11.000000 -0.000000 0.000000 0.372818 -0.000000 -0.000000 0.240981 0.000000 0.000000 0.895163 0.000000 1500.000000 0.999191
1 0 16.000000 0.072959 -0.799089 -0.106047 0.349569 0.166778 -0.508107 0.734055 0.000000 0.252509 0.000000 1700.000000 0.999769
1 0 12.000000 0.000000 0.000000 0.000000 0.000000 0.000000 0.000000 0.000000 0.000000 0.000000 0.000000 1100.000000 0.000000
1 0 16.000000 -0.233852 -0.761049 -0.127429 0.602820 -0.295233 0.328484 -0.498277 0.000000 0.457208 12.000000 2300.000000 0.999769
1 0 16.000000 0.604178 -0.509069 0.000000 0.357447 0.860457 0.000000 -0.711855 0.000000 0.000000 0.000000 1700.000000 0.999769
1 0 16.000000 -0.000000 0.000000 0.846048 0.000000 0.000000 -0.436830 -0.000000 0.000000 -0.304829 0.000000 1700.000000 0.999769
1 0 12.000000 -0.000000 0.000000 0.373090 -0.000000 -0.000000 0.241157 0.000000 0.000000 0.895817 0.000000 2000.000000 0.999921
1 0 12.000000 -0.000000 0.000000 0.229605 -0.000000 -0.000000 0.671956 0.000000 0.000000 0.703987 0.000000 1100.000000 0.999921
1 0 19.000000 -0.000000 0.000000 0.846128 0.000000 0.000000 -0.436871 -0.000000 0.000000 -0.304857 0.000000 3500.000000 0.999863
1 0 17.000000 0.207419 0.451044 0.416664 -0.259648 0.360316 -0.521581 -0.472046 0.000000 0.469978 16.000000 3000.000000 0.999901
1 0 9.000000 0.000000 0.000000 0.038797 -0.000000 0.000000 -0.048451 -0.000000 0.000000 0.997583 36.000000 1200.000000 0.999512
1 0 9.000000 0.816098 0.000000 0.000000 0.000000 0.816098 0.000000 0.000000 0.000000 0.577069 36.000000 1200.000000 0.999512
0 0 6.000000 0.000000 0.000000 0.000000 0.000000 0.000000 0.000000 0.000000 0.000000 0.000000 10.000000 1100.000000 0.000000
1 0 11.000000 -0.000000 -0.000000 0.561802 0.000000 -0.000000 -0.645119 0.000000 0.000000 0.516317 0.000000 1500.000000 0.999191
1 0 19.000000 0.354162 -0.668575 0.216865 0.505410 0.468499 0.309479 -0.534429 0.000000 0.436388 0.000000 3500.000000 0.999863
1 0 17.000000 -0.491913 -0.207219 0.310965 -0.189179 0.538821 0.119591 -0.235586 0.000000 -0.745341 16.000000 3000.000000 0.999901
1 0 14.000000 0.816325 0.000000 0.000000 0.000000 0.816325 0.000000 0.000000 0.000000 0.577229 26.000000 3500.000000 0.999790
1 0 16.000000 0.499731 0.769767 -0.000000 0.602976 -0.637963 -0.000000 -0.621471 0.000000 -0.000000 0.000000 1700.000000 0.999769
1 0 14.000000 0.821823 0.393450 0.000000 -0.351801 0.919118 -0.000000 -0.447687 0.000000 0.000000 26.000000 3500.000000 0.999790
1 0 17.000000 0.000000 -0.000000 0.612744 0.000000 0.000000 0.362515 -0.000000 0.000000 0.702090 16.000000 3000.000000 0.999901
1 0 14.000000 -0.000000 -0.000000 -0.444573 0.000000 -0.000000 0.098112 -0.000000 0.000000 0.890118 8.000000 3500.000000 0.999790
1 0 14.000000 0.255025 0.959973 -0.000000 -0.876407 0.279341 0.000000 0.407987 0.000000 0.000000 26.000000 3500.000000 0.999790
1 0 12.000000 -0.233887 -0.761165 -0.127448 0.602912 -0.295278 0.328534 -0.498352 0.000000 0.457278 0.000000 2000.000000 0.999921
1 0 9.000000 0.623534 0.780208 0.000000 -0.778702 0.624740 -0.000000 -0.062070 0.000000 0.000000 16.000000 1200.000000 0.999512
1 0 16.000000 -0.851905 0.358867 -0.000000 -0.327625 -0.933141 -0.000000 -0.407993 0.000000 0.000000 0.000000 1700.000000 0.999769
1 0 16.000000 0.775668 -0.246275 0.044980 0.245451 0.778272 0.014233 -0.066719 0.000000 0.575286 0.000000 1300.000000 0.999769
1 0 16.000000 0.247173 -0.810900 -0.000000 0.342743 0.584789 -0.000000 0.906074 0.000000 0.000000 12.000000 2300.000000 0.999769
1 0 12.000000 0.775786 -0.246312 0.044986 0.245488 0.778390 0.014235 -0.066730 0.000000 0.575373 25.000000 2000.000000 0.999921
1 0 14.000000 0.000000 -0.000000 0.612676 0.000000 0.000000 0.362475 -0.000000 0.000000 0.702012 0.000000 2000.000000 0.999790
1 0 17.000000 -0.491913 0.207219 -0.310965 -0.189179 -0.538821 -0.119591 -0.235586 0.000000 0.745341 0.000000 3000.000000 0.999901
1 0 11.000000 0.000000 0.000000 0.000000 0.000000 0.000000 0.000000 0.000000 0.000000 0.000000 0.000000 1500.000000 0.000000
1 0 19.000000 -0.000000 0.000000 -0.994920 -0.000000 -0.000000 -0.079603 -0.000000 0.000000 0.059367 0.000000 3500.000000 0.999863
1 0 11.000000 -0.000000 -0.000000 -0.340836 0.000000 -0.000000 0.764564 -0.000000 0.000000 0.545578 30.000000 1500.000000 0.999191
1 0 14.000000 -0.492181 0.678200 0.000000 -0.454398 -0.734592 0.000000 0.742200 0.000000 0.000000 8.000000 3500.000000 0.999790
1 0 14.000000 -0.233857 -0.761065 -0.127431 0.602833 -0.295240 0.328491 -0.498287 0.000000 0.457218 0.000000 2000.000000 0.999790
1 0 11.000000 -0.000000 -0.000000 -0.029650 0.000000 -0.000000 0.014493 -0.000000 0.000000 0.998646 30.000000 3000.000000 0.999191
1 0 14.000000 -0.190318 -0.906134 -0.000000 0.408180 -0.422494 0.000000 -0.892608 0.000000 0.000000 0.000000 2000.000000 0.999790
1 0 16.000000 0.288520 0.444425 -0.323796 0.348128 -0.368328 -0.390692 -0.358806 0.000000 -0.639433 0.000000 1700.000000 0.999769
1 0 14.000000 0.000000 0.000000 0.035959 -0.000000 0.000000 -0.491446 -0.000000 0.000000 0.869925 8.000000 3500.000000 0.999790
1 0 17.000000 0.000000 0.000000 0.510307 -0.000000 0.000000 -0.638803 -0.000000 0.000000 0.575604 0.000000 3000.000000 0.999901
1 0 14.000000 0.000000 -0.000000 -0.510250 -0.000000 -0.000000 0.638732 -0.000000 0.000000 -0.575540 0.000000 2000.000000 0.999790
1 0 17.000000 -0.109892 -0.523215 -0.308017 0.235689 -0.243954 0.660613 -0.515405 0.000000 0.367766 16.000000 3000.000000 0.999901
1 0 19.000000 0.000000 -0.000000 -0.530035 0.000000 0.000000 -0.734975 0.000000 0.000000 0.422612 0.000000 2500.000000 0.999863
1 0 14.000000 -0.000000 0.000000 -0.804753 -0.000000 -0.000000 -0.550936 -0.000000 0.000000 0.220050 8.000000 3500.000000 0.999790
1 0 11.000000 -0.000000 -0.000000 0.561802 0.000000 -0.000000 -0.645119 0.000000 0.000000 0.516317 30.000000 3000.000000 0.999191
1 0 9.000000 -0.227535 0.945821 0.000000 -0.665899 -0.323184 0.000000 0.709811 0.000000 0.000000 36.000000 1200.000000 0.999512
1 0 19.000000 -0.424169 -0.666968 -0.144426 0.600929 -0.470784 0.204611 -0.354188 0.000000 0.520113 0.000000 3500.000000 0.999863
1 0 14.000000 0.000000 0.000000 -0.396576 0.000000 -0.000000 -0.478508 -0.000000 0.000000 -0.783159 0.000000 2000.000000 0.999790
1 0 17.000000 0.354175 -0.668601 0.216873 0.505429 0.468517 0.309491 -0.534450 0.000000 0.436405 0.000000 3000.000000 0.999901
1 0 9.000000 0.000000 0.000000 0.000000 0.000000 0.000000 0.000000 0.000000 0.000000 0.000000 0.000000 1200.000000 0.000000
1 0 16.000000 -0.109878 -0.523146 -0.307976 0.235658 -0.243922 0.660525 -0.515336 0.000000 0.367717 0.000000 1700.000000 0.999769
1 0 17.000000 -0.156400 0.264848 0.690887 0.080752 0.512955 -0.356717 -0.549805 0.000000 -0.248924 0.000000 3000.000000 0.999901
1 0 12.000000 -0.339328 -0.754066 0.000000 0.389652 -0.656678 -0.000000 0.856078 0.000000 0.000000 25.000000 2000.000000 0.999921
1 0 14.000000 -0.156382 0.264819 0.690810 0.080743 0.512898 -0.356678 -0.549744 0.000000 -0.248897 0.000000 2000.000000 0.999790
1 0 14.000000 -0.000000 0.000000 -0.291181 -0.000000 -0.000000 -0.954068 -0.000000 0.000000 0.067446 0.000000 2000.000000 0.999790
1 0 16.000000 -0.097133 -0.824070 0.000000 -0.141401 0.566079 0.000000 -0.984941 0.000000 -0.000000 0.000000 1700.000000 0.999769
1 0 17.000000 0.348869 -0.293950 0.500303 0.206400 0.496851 0.295992 -0.411044 0.000000 0.573254 0.000000 3000.000000 0.999901
1 0 14.000000 0.288526 0.444434 -0.323803 0.348136 -0.368336 -0.390700 -0.358814 0.000000 -0.639447 0.000000 2000.000000 0.999790
1 0 17.000000 -0.000000 0.000000 0.846160 0.000000 0.000000 -0.436887 -0.000000 0.000000 -0.304869 16.000000 3000.000000 0.999901
1 0 8.000000 0.540169 0.000000 0.000000 0.000000 0.540169 0.000000 0.000000 0.000000 0.381957 0.000000 2500.000000 0.661569
1 0 17.000000 -0.000000 -0.000000 0.557758 -0.000000 0.000000 0.811956 -0.000000 0.000000 -0.171572 0.000000 3000.000000 0.999901
1 0 16.000000 -0.019688 0.956226 -0.000000 -0.064508 -0.291839 -0.000000 -0.997491 0.000000 0.000000 0.000000 1700.000000 0.999769
1 0 19.000000 0.000000 0.000000 0.398493 -0.000000 0.000000 -0.347754 -0.000000 0.000000 0.848526 0.000000 2500.000000 0.999863
1 0 14.000000 -0.181576 0.564786 -0.000000 -0.124307 -0.824983 -0.000000 -0.975274 0.000000 0.000000 8.000000 3500.000000 0.999790
1 0 12.000000 0.000000 -0.816432 0.000000 0.816432 0.000000 0.000000 0.000000 0.000000 0.577304 0.000000 1100.000000 0.999921
1 0 17.000000 0.207419 -0.451044 -0.416664 -0.259648 -0.360316 0.521581 -0.472046 0.000000 -0.469978 0.000000 3000.000000 0.999901
1 0 17.000000 -0.424186 -0.666994 -0.144431 0.600952 -0.470802 0.204619 -0.354201 0.000000 0.520133 16.000000 3000.000000 0.999901
1 0 14.000000 0.255025 0.959973 -0.000000 -0.876407 0.279341 0.000000 0.407987 0.000000 0.000000 8.000000 3500.000000 0.999790
1 0 14.000000 0.000000 -0.000000 -0.088059 0.000000 0.000000 -0.077157 0.000000 0.000000 0.992911 26.000000 3500.000000 0.999790
1 0 9.000000 -0.227535 0.945821 0.000000 -0.665899 -0.323184 0.000000 0.709811 0.000000 0.000000 16.000000 1200.000000 0.999512
1 0 16.000000 0.509244 0.637201 0.022405 -0.635971 0.510229 -0.027981 -0.050693 0.000000 0.576103 0.000000 1700.000000 0.999769
1 0 12.000000 -0.752335 0.542805 0.000000 -0.486293 -0.839764 0.000000 0.444245 0.000000 0.000000 25.000000 2000.000000 0.999921
1 0 9.000000 -0.000000 0.000000 -0.121162 -0.000000 -0.000000 -0.040529 -0.000000 0.000000 0.991313 16.000000 1200.000000 0.999512
1 0 14.000000 -0.000000 -0.000000 -0.444573 0.000000 -0.000000 0.098112 -0.000000 0.000000 0.890118 0.000000 3500.000000 0.999790
1 0 12.000000 -0.000000 -0.000000 -0.029671 0.000000 -0.000000 0.014503 -0.000000 0.000000 0.999375 0.000000 2000.000000 0.999921
1 0 14.000000 0.816325 0.000000 0.000000 0.000000 0.816325 0.000000 0.000000 0.000000 0.577229 0.000000 3500.000000 0.999790
1 0 17.000000 -0.424186 -0.666994 -0.144431 0.600952 -0.470802 0.204619 -0.354201 0.000000 0.520133 0.000000 3000.000000 0.999901
1 0 16.000000 -0.000000 0.000000 -0.291174 -0.000000 -0.000000 -0.954047 -0.000000 0.000000 0.067445 0.000000 1700.000000 0.999769
1 0 17.000000 0.000000 0.000000 0.510307 -0.000000 0.000000 -0.638803 -0.000000 0.000000 0.575604 16.000000 3000.000000 0.999901
1 0 12.000000 0.000000 0.000000 0.000000 0.000000 0.000000 0.000000 0.000000 0.000000 0.000000 25.000000 2000.000000 0.000000
1 0 14.000000 0.746796 -0.658880 -0.000000 0.654346 0.751970 -0.000000 0.117079 0.000000 0.000000 0.000000 3500.000000 0.999790
1 0 17.000000 0.250440 -0.472772 0.306705 0.357392 0.331291 0.437686 -0.377913 0.000000 0.617170 0.000000 1500.000000 0.999901
1 0 11.000000 -0.000000 -0.000000 -0.029650 0.000000 -0.000000 0.014493 -0.000000 0.000000 0.998646 30.000000 1500.000000 0.999191
1 0 16.000000 0.000000 -0.000000 -0.088057 0.000000 0.000000 -0.077156 0.000000 0.000000 0.992890 0.000000 1300.000000 0.999769
1 0 19.000000 -0.000000 0.000000 -0.163655 -0.000000 -0.000000 -0.068015 -0.000000 0.000000 0.984031 0.000000 2500.000000 0.999863
1 0 8.000000 0.000000 0.000000 0.000000 0.000000 0.000000 0.000000 0.000000 0.000000 0.000000 40.000000 1000.000000 0.000000
1 0 14.000000 0.000000 -0.000000 -0.088059 0.000000 0.000000 -0.077157 0.000000 0.000000 0.992911 8.000000 3500.000000 0.999790
1 0 16.000000 -0.000000 -0.000000 -0.377193 0.000000 -0.000000 0.808975 -0.000000 0.000000 0.450359 0.000000 1700.000000 0.999769
1 0 16.000000 -0.491847 -0.207192 0.310924 -0.189154 0.538749 0.119575 -0.235555 0.000000 -0.745243 0.000000 1700.000000 0.999769
1 0 14.000000 -0.000000 0.000000 0.846066 0.000000 0.000000 -0.436839 -0.000000 0.000000 -0.304835 0.000000 2000.000000 0.999790
1 0 17.000000 0.288558 0.444484 -0.323839 0.348175 -0.368377 -0.390744 -0.358854 0.000000 -0.639518 16.000000 3000.000000 0.999901
1 0 9.000000 -0.000000 0.000000 -0.121162 -0.000000 -0.000000 -0.040529 -0.000000 0.000000 0.991313 0.000000 1200.000000 0.999512
1 0 17.000000 -0.299945 -0.471636 -0.204257 0.424937 -0.332907 0.289375 -0.250458 0.000000 0.735579 10.000000 1500.000000 0.999901
1 0 14.000000 -0.000000 -0.000000 0.557696 -0.000000 0.000000 0.811866 -0.000000 0.000000 -0.171553 0.000000 2000.000000 0.999790
1 0 16.000000 -0.000000 -0.000000 -0.250129 0.000000 -0.000000 0.354363 -0.000000 0.000000 0.900777 12.000000 2300.000000 0.999769
1 0 9.000000 0.000000 -0.000000 -0.183632 0.000000 0.000000 -0.879841 0.000000 0.000000 0.437246 16.000000 1200.000000 0.999512
1 0 16.000000 0.000000 0.000000 0.411554 -0.000000 0.000000 -0.176176 -0.000000 0.000000 0.893937 0.000000 1300.000000 0.999769
1 0 17.000000 -0.524646 0.221553 -0.133628 -0.218044 -0.533087 -0.055536 -0.102325 0.000000 0.803489 10.000000 1500.000000 0.999901
1 0 11.000000 0.815836 0.000000 0.000000 0.000000 0.815836 0.000000 0.000000 0.000000 0.576883 0.000000 3000.000000 0.999191
1 0 16.000000 0.359213 0.781127 0.000000 -0.449664 0.624002 -0.000000 -0.817500 0.000000 0.000000 0.000000 1700.000000 0.999769
1 0 14.000000 -0.000000 -0.000000 -0.444573 0.000000 -0.000000 0.098112 -0.000000 0.000000 0.890118 26.000000 3500.000000 0.999790
1 0 14.000000 0.000000 0.000000 -0.113991 -0.000000 0.000000 0.391739 0.000000 0.000000 0.912758 0.000000 3500.000000 0.999790
1 0 14.000000 -0.056081 -0.475787 0.455357 -0.081640 0.326833 0.662886 -0.568668 0.000000 -0.140072 0.000000 2000.000000 0.999790
1 0 17.000000 0.000000 0.000000 0.000000 0.000000 0.000000 0.000000 0.000000 0.000000 0.000000 0.000000 3000.000000 0.000000
1 0 16.000000 -0.156379 0.264813 0.690795 0.080741 0.512887 -0.356670 -0.549732 0.000000 -0.248891 0.000000 1700.000000 0.999769
1 0 17.000000 -0.000000 -0.000000 -0.250163 0.000000 -0.000000 0.354410 -0.000000 0.000000 0.900897 10.000000 1500.000000 0.999901
1 0 17.000000 -0.156400 0.264848 0.690887 0.080752 0.512955 -0.356717 -0.549805 0.000000 -0.248924 16.000000 3000.000000 0.999901
1 0 12.000000 -0.233887 -0.761165 -0.127448 0.602912 -0.295278 0.328534 -0.498352 0.000000 0.457278 25.000000 2000.000000 0.999921
1 0 12.000000 -0.128346 -0.527284 -0.278494 0.287907 -0.235058 0.624720 -0.483650 0.000000 0.445788 0.000000 2000.000000 0.999921
1 0 14.000000 -0.492181 0.678200 0.000000 -0.454398 -0.734592 0.000000 0.742200 0.000000 0.000000 0.000000 3500.000000 0.999790
1 0 12.000000 0.680294 -0.523157 -0.000000 0.417654 0.852143 -0.000000 0.602169 0.000000 0.000000 0.000000 2000.000000 0.999921
1 0 17.000000 0.000000 -0.000000 -0.510307 -0.000000 -0.000000 0.638803 -0.000000 0.000000 -0.575604 0.000000 3000.000000 0.999901
1 0 16.000000 -0.056080 -0.475777 0.455347 -0.081638 0.326826 0.662871 -0.568656 0.000000 -0.140069 0.000000 1700.000000 0.999769
0 0 6.000000 0.000000 0.000000 0.000000 0.000000 0.000000 0.000000 0.000000 0.000000 0.000000 10.000000 1800.000000 0.000000
1 0 14.000000 0.816325 0.000000 0.000000 0.000000 0.816325 0.000000 0.000000 0.000000 0.577229 8.000000 3500.000000 0.999790
1 0 11.000000 0.000000 -0.000000 -0.512800 0.000000 0.000000 -0.314824 0.000000 0.000000 0.797687 0.000000 3000.000000 0.999191
1 0 17.000000 -0.000000 -0.000000 0.557758 -0.000000 0.000000 0.811956 -0.000000 0.000000 -0.171572 16.000000 3000.000000 0.999901
1 0 11.000000 -0.000000 -0.000000 0.000818 0.000000 -0.000000 -0.063281 0.000000 0.000000 0.997185 30.000000 1500.000000 0.999191
1 0 12.000000 0.089369 -0.978829 -0.000000 0.428198 0.204292 -0.000000 0.899167 0.000000 0.000000 0.000000 1100.000000 0.999921
1 0 14.000000 0.063483 0.997125 0.000000 -0.867605 0.072959 -0.000000 -0.492759 0.000000 0.000000 8.000000 3500.000000 0.999790
1 0 17.000000 -0.000000 0.000000 -0.380853 -0.000000 -0.000000 -0.146468 -0.000000 0.000000 0.912853 0.000000 3000.000000 0.999901
1 0 12.000000 0.000000 0.000000 0.000000 0.000000 0.000000 0.000000 0.000000 0.000000 0.000000 0.000000 2000.000000 0.000000
1 0 12.000000 0.000000 0.000000 0.000000 0.000000 0.000000 0.000000 0.000000 0.000000 0.000000 0.000000 2000.000000 0.000000
1 0 14.000000 -0.851923 -0.358874 0.000000 -0.327632 0.933161 0.000000 -0.408001 0.000000 -0.000000 0.000000 2000.000000 0.999790
1 0 17.000000 0.816416 0.000000 0.000000 0.000000 0.816416 0.000000 0.000000 0.000000 0.577293 0.000000 1500.000000 0.999901
1 0 16.000000 0.000000 0.000000 -0.396567 0.000000 -0.000000 -0.478498 -0.000000 0.000000 -0.783142 0.000000 1700.000000 0.999769
1 0 12.000000 -0.227628 0.946207 0.000000 -0.666171 -0.323316 0.000000 0.710101 0.000000 0.000000 0.000000 1100.000000 0.999921
1 0 19.000000 0.522001 0.536782 0.230070 -0.455536 0.615101 -0.200776 -0.431841 0.000000 0.489897 0.000000 3500.000000 0.999863
1 0 19.000000 -0.000000 -0.000000 -0.377228 0.000000 -0.000000 0.809051 -0.000000 0.000000 0.450402 0.000000 3500.000000 0.999863
1 0 11.000000 -0.000000 -0.000000 0.000818 0.000000 -0.000000 -0.063281 0.000000 0.000000 0.997185 0.000000 3000.000000 0.999191
1 0 11.000000 0.000000 0.000000 0.000000 0.000000 0.000000 0.000000 0.000000 0.000000 0.000000 0.000000 3000.000000 0.000000
1 0 14.000000 0.821823 0.393450 0.000000 -0.351801 0.919118 -0.000000 -0.447687 0.000000 0.000000 0.000000 3500.000000 0.999790
1 0 19.000000 0.000000 0.000000 0.000000 0.000000 0.000000 0.000000 0.000000 0.000000 0.000000 0.000000 3500.000000 0.000000
1 0 16.000000 -0.270856 0.458669 0.000000 0.139848 0.888347 -0.000000 -0.952164 0.000000 -0.000000 0.000000 1700.000000 0.999769
1 0 12.000000 0.000000 -0.000000 -0.513175 0.000000 0.000000 -0.315054 0.000000 0.000000 0.798269 25.000000 2000.000000 0.999921
1 0 16.000000 -0.851905 -0.358867 0.000000 -0.327625 0.933141 0.000000 -0.407993 0.000000 -0.000000 0.000000 1700.000000 0.999769
1 0 16.000000 0.000000 0.000000 -0.113989 -0.000000 0.000000 0.391730 0.000000 0.000000 0.912738 0.000000 1300.000000 0.999769
1 0 11.000000 -0.000000 -0.000000 -0.029650 0.000000 -0.000000 0.014493 -0.000000 0.000000 0.998646 0.000000 3000.000000 0.999191
1 0 19.000000 -0.000000 -0.000000 0.557736 -0.000000 0.000000 0.811925 -0.000000 0.000000 -0.171565 0.000000 3500.000000 0.999863
1 0 16.000000 -0.000000 0.000000 -0.804736 -0.000000 -0.000000 -0.550924 -0.000000 0.000000 0.220046 0.000000 1300.000000 0.999769
1 0 14.000000 -0.100702 -0.799769 0.091149 0.492361 -0.163576 -0.445652 0.643294 0.000000 0.355359 0.000000 2000.000000 0.999790
1 0 14.000000 0.063483 0.997125 0.000000 -0.867605 0.072959 -0.000000 -0.492759 0.000000 0.000000 26.000000 3500.000000 0.999790
1 0 16.000000 0.207392 -0.450984 -0.416609 -0.259614 -0.360268 0.521512 -0.471984 0.000000 -0.469916 0.000000 1700.000000 0.999769
1 0 14.000000 0.000000 0.000000 0.035959 -0.000000 0.000000 -0.491446 -0.000000 0.000000 0.869925 26.000000 3500.000000 0.999790
1 0 17.000000 -0.491913 -0.207219 0.310965 -0.189179 0.538821 0.119591 -0.235586 0.000000 -0.745341 0.000000 3000.000000 0.999901
0 0 6.000000 0.000000 0.000000 0.000000 0.000000 0.000000 0.000000 0.000000 0.000000 0.000000 4.000000 1800.000000 0.000000
1 0 14.000000 -0.000000 0.000000 -0.804753 -0.000000 -0.000000 -0.550936 -0.000000 0.000000 0.220050 0.000000 3500.000000 0.999790
1 0 19.000000 -0.233874 -0.761121 -0.127441 0.602877 -0.295261 0.328515 -0.498324 0.000000 0.457251 0.000000 2500.000000 0.999863
1 0 9.000000 -0.000000 0.000000 -0.121162 -0.000000 -0.000000 -0.040529 -0.000000 0.000000 0.991313 36.000000 1200.000000 0.999512
1 0 14.000000 0.000000 0.000000 0.000000 0.000000 0.000000 0.000000 0.000000 0.000000 0.000000 26.000000 3500.000000 0.000000
1 0 17.000000 0.201842 -0.662185 -0.306027 0.279886 0.477541 -0.424354 0.739905 0.000000 0.244004 0.000000 3000.000000 0.999901
1 0 14.000000 0.000000 0.000000 0.000000 0.000000 0.000000 0.000000 0.000000 0.000000 0.000000 0.000000 3500.000000 0.000000
1 0 16.000000 0.000000 -0.000000 -0.529985 0.000000 0.000000 -0.734906 0.000000 0.000000 0.422572 12.000000 2300.000000 0.999769
1 0 12.000000 -0.000000 0.000000 0.373090 -0.000000 -0.000000 0.241157 0.000000 0.000000 0.895817 25.000000 2000.000000 0.999921
1 0 9.000000 -0.000000 0.000000 0.229511 -0.000000 -0.000000 0.671682 0.000000 0.000000 0.703700 16.000000 1200.000000 0.999512
1 0 9.000000 0.000000 0.000000 0.000000 0.000000 0.000000 0.000000 0.000000 0.000000 0.000000 16.000000 1200.000000 0.000000
1 0 8.000000 0.540169 0.000000 0.000000 0.000000 0.540169 0.000000 0.000000 0.000000 0.381957 40.000000 2500.000000 0.661569
1 0 17.000000 0.348869 -0.293950 0.500303 0.206400 0.496851 0.295992 -0.411044 0.000000 0.573254 16.000000 3000.000000 0.999901
1 0 17.000000 0.000000 -0.000000 0.375635 0.000000 0.000000 0.536053 -0.000000 0.000000 0.755876 10.000000 1500.000000 0.999901
1 0 17.000000 -0.000000 -0.000000 0.380853 -0.000000 0.000000 0.146468 -0.000000 0.000000 -0.912853 16.000000 3000.000000 0.999901
1 0 17.000000 -0.000000 0.000000 -0.994958 -0.000000 -0.000000 -0.079606 -0.000000 0.000000 0.059369 0.000000 3000.000000 0.999901
1 0 17.000000 -0.000000 0.000000 -0.291213 -0.000000 -0.000000 -0.954174 -0.000000 0.000000 0.067454 0.000000 3000.000000 0.999901
1 0 8.000000 0.815637 0.000000 0.000000 0.000000 0.815637 0.000000 0.000000 0.000000 0.576743 12.000000 2500.000000 0.998948
1 0 16.000000 -0.034163 0.046036 -0.812272 -0.002733 -0.575378 -0.064990 -0.576198 0.000000 0.048468 0.000000 1700.000000 0.999769
1 0 9.000000 -0.000000 0.000000 0.229511 -0.000000 -0.000000 0.671682 0.000000 0.000000 0.703700 0.000000 1200.000000 0.999512
1 0 16.000000 -0.519450 -0.816789 -0.000000 0.735915 -0.576536 0.000000 -0.433749 0.000000 0.000000 12.000000 2300.000000 0.999769
1 0 17.000000 0.000000 -0.000000 -0.530055 0.000000 0.000000 -0.735003 0.000000 0.000000 0.422628 0.000000 1500.000000 0.999901
1 0 14.000000 -0.000000 0.000000 0.545329 -0.000000 -0.000000 0.503465 0.000000 0.000000 0.669866 26.000000 3500.000000 0.999790
1 0 12.000000 -0.000000 -0.000000 -0.341084 0.000000 -0.000000 0.765123 -0.000000 0.000000 0.545976 0.000000 2000.000000 0.999921
1 0 9.000000 0.623534 0.780208 0.000000 -0.778702 0.624740 -0.000000 -0.062070 0.000000 0.000000 0.000000 1200.000000 0.999512
1 0 17.000000 0.000000 -0.000000 -0.510307 -0.000000 -0.000000 0.638803 -0.000000 0.000000 -0.575604 16.000000 3000.000000 0.999901
1 0 16.000000 -0.100700 -0.799752 0.091147 0.492350 -0.163572 -0.445642 0.643280 0.000000 0.355351 0.000000 1300.000000 0.999769
1 0 11.000000 0.815836 0.000000 0.000000 0.000000 0.815836 0.000000 0.000000 0.000000 0.576883 30.000000 1500.000000 0.999191
1 0 17.000000 -0.000000 -0.000000 0.380853 -0.000000 0.000000 0.146468 -0.000000 0.000000 -0.912853 0.000000 3000.000000 0.999901
1 0 9.000000 0.816098 0.000000 0.000000 0.000000 0.816098 0.000000 0.000000 0.000000 0.577069 0.000000 1200.000000 0.999512
1 0 9.000000 0.000000 0.000000 0.038797 -0.000000 0.000000 -0.048451 -0.000000 0.000000 0.997583 0.000000 1200.000000 0.999512
1 0 16.000000 0.359213 -0.781127 -0.000000 -0.449664 -0.624002 0.000000 -0.817500 0.000000 -0.000000 0.000000 1700.000000 0.999769
1 0 17.000000 -0.524646 0.221553 -0.133628 -0.218044 -0.533087 -0.055536 -0.102325 0.000000 0.803489 0.000000 1500.000000 0.999901
1 0 16.000000 -0.000000 0.000000 -0.163639 -0.000000 -0.000000 -0.068009 -0.000000 0.000000 0.983938 12.000000 2300.000000 0.999769
1 0 16.000000 -0.908594 0.383689 -0.000000 -0.377614 -0.923212 -0.000000 -0.177209 0.000000 0.000000 12.000000 2300.000000 0.999769
1 0 17.000000 -0.000000 0.000000 -0.163661 -0.000000 -0.000000 -0.068018 -0.000000 0.000000 0.984069 10.000000 1500.000000 0.999901
1 0 19.000000 0.000000 -0.000000 -0.510288 -0.000000 -0.000000 0.638779 -0.000000 0.000000 -0.575582 0.000000 3500.000000 0.999863
1 0 16.000000 -0.000000 0.000000 -0.994826 -0.000000 -0.000000 -0.079596 -0.000000 0.000000 0.059361 0.000000 1700.000000 0.999769
1 0 14.000000 0.000000 0.000000 0.000000 0.000000 0.000000 0.000000 0.000000 0.000000 0.000000 8.000000 3500.000000 0.000000
1 0 17.000000 0.207419 0.451044 0.416664 -0.259648 0.360316 -0.521581 -0.472046 0.000000 0.469978 0.000000 3000.000000 0.999901
1 0 8.000000 0.815637 0.000000 0.000000 0.000000 0.815637 0.000000 0.000000 0.000000 0.576743 40.000000 2500.000000 0.998948
1 0 16.000000 0.000000 0.000000 0.035958 -0.000000 0.000000 -0.491435 -0.000000 0.000000 0.869906 0.000000 1300.000000 0.999769
1 0 14.000000 -0.000000 0.000000 0.545329 -0.000000 -0.000000 0.503465 0.000000 0.000000 0.669866 0.000000 3500.000000 0.999790
1 0 12.000000 -0.000000 -0.000000 -0.341084 0.000000 -0.000000 0.765123 -0.000000 0.000000 0.545976 25.000000 2000.000000 0.999921
1 0 11.000000 0.000000 0.000000 0.000000 0.000000 0.000000 0.000000 0.000000 0.000000 0.000000 30.000000 3000.000000 0.000000
1 0 11.000000 -0.000000 -0.000000 0.561802 0.000000 -0.000000 -0.645119 0.000000 0.000000 0.516317 30.000000 1500.000000 0.999191
1 0 9.000000 0.000000 0.000000 0.038797 -0.000000 0.000000 -0.048451 -0.000000 0.000000 0.997583 16.000000 1200.000000 0.999512
1 0 11.000000 -0.000000 -0.000000 0.561802 0.000000 -0.000000 -0.645119 0.000000 0.000000 0.516317 0.000000 3000.000000 0.999191
1 0 8.000000 0.815637 0.000000 0.000000 0.000000 0.815637 0.000000 0.000000 0.000000 0.576743 40.000000 1000.000000 0.998948
1 0 9.000000 0.089333 -0.978429 -0.000000 0.428023 0.204208 -0.000000 0.898800 0.000000 0.000000 0.000000 1200.000000 0.999512
1 0 12.000000 -0.897857 -0.439105 -0.000000 0.438866 -0.898347 0.000000 -0.033026 0.000000 0.000000 25.000000 2000.000000 0.999921
1 0 14.000000 0.000000 -0.000000 -0.088059 0.000000 0.000000 -0.077157 0.000000 0.000000 0.992911 0.000000 3500.000000 0.999790
1 0 16.000000 0.000000 0.000000 0.398455 -0.000000 0.000000 -0.347721 -0.000000 0.000000 0.848446 12.000000 2300.000000 0.999769
1 0 12.000000 -0.518378 -0.253518 -0.024227 0.253379 -0.518661 0.011842 -0.019068 0.000000 0.815986 0.000000 2000.000000 0.999921
1 0 14.000000 0.000000 0.000000 0.411563 -0.000000 0.000000 -0.176179 -0.000000 0.000000 0.893956 0.000000 3500.000000 0.999790
1 0 14.000000 -0.000000 -0.000000 -0.377201 0.000000 -0.000000 0.808992 -0.000000 0.000000 0.450369 0.000000 2000.000000 0.999790
1 0 8.000000 0.540169 0.000000 0.000000 0.000000 0.540169 0.000000 0.000000 0.000000 0.381957 12.000000 2500.000000 0.661569
1 0 12.000000 -0.100715 -0.799873 0.091161 0.492425 -0.163597 -0.445710 0.643378 0.000000 0.355405 25.000000 2000.000000 0.999921
1 0 14.000000 0.000000 0.000000 -0.113991 -0.000000 0.000000 0.391739 0.000000 0.000000 0.912758 26.000000 3500.000000 0.999790
1 0 9.000000 0.089333 -0.978429 -0.000000 0.428023 0.204208 -0.000000 0.898800 0.000000 0.000000 16.000000 1200.000000 0.999512
1 0 16.000000 0.775668 -0.246275 0.044980 0.245451 0.778272 0.014233 -0.066719 0.000000 0.575286 12.000000 2300.000000 0.999769
1 0 12.000000 0.816432 0.000000 0.000000 0.000000 0.816432 0.000000 0.000000 0.000000 0.577304 0.000000 1100.000000 0.999921
1 0 8.000000 0.000000 0.000000 0.000000 0.000000 0.000000 0.000000 0.000000 0.000000 0.000000 40.000000 2500.000000 0.000000
1 0 17.000000 0.201842 -0.662185 -0.306027 0.279886 0.477541 -0.424354 0.739905 0.000000 0.244004 16.000000 3000.000000 0.999901
1 0 16.000000 0.000000 -0.000000 0.612663 0.000000 0.000000 0.362467 -0.000000 0.000000 0.701997 0.000000 1700.000000 0.999769
1 0 17.000000 -0.056087 -0.475840 0.455407 -0.081649 0.326869 0.662959 -0.568731 0.000000 -0.140088 0.000000 3000.000000 0.999901
1 0 17.000000 0.000000 0.000000 0.000000 0.000000 0.000000 0.000000 0.000000 0.000000 0.000000 10.000000 1500.000000 0.000000
1 0 14.000000 -0.000000 0.000000 -0.804753 -0.000000 -0.000000 -0.550936 -0.000000 0.000000 0.220050 26.000000 3500.000000 0.999790
1 0 11.000000 -0.000000 0.000000 0.372818 -0.000000 -0.000000 0.240981 0.000000 0.000000 0.895163 30.000000 3000.000000 0.999191
0 0 6.000000 0.000000 0.000000 0.000000 0.000000 0.000000 0.000000 0.000000 0.000000 0.000000 0.000000 1100.000000 0.000000
1 0 12.000000 -0.012896 -0.999837 0.000000 0.997830 -0.012922 -0.000000 0.063333 0.000000 0.000000 0.000000 2000.000000 0.999921
1 0 17.000000 -0.000000 0.000000 -0.163661 -0.000000 -0.000000 -0.068018 -0.000000 0.000000 0.984069 0.000000 1500.000000 0.999901
1 0 14.000000 0.000000 0.000000 -0.113991 -0.000000 0.000000 0.391739 0.000000 0.000000 0.912758 8.000000 3500.000000 0.999790
1 0 19.000000 0.000000 0.000000 0.510288 -0.000000 0.000000 -0.638779 -0.000000 0.000000 0.575582 0.000000 3500.000000 0.999863
1 0 17.000000 0.000000 0.000000 0.398508 -0.000000 0.000000 -0.347768 -0.000000 0.000000 0.848559 10.000000 1500.000000 0.999901
1 0 14.000000 0.499742 0.769783 -0.000000 0.602989 -0.637977 -0.000000 -0.621484 0.000000 -0.000000 0.000000 2000.000000 0.999790
1 0 9.000000 -0.940113 0.317070 -0.000000 -0.314469 -0.947888 -0.000000 -0.127760 0.000000 0.000000 36.000000 1200.000000 0.999512
1 0 19.000000 0.000000 -0.000000 0.612721 0.000000 0.000000 0.362501 -0.000000 0.000000 0.702063 0.000000 3500.000000 0.999863
1 0 17.000000 0.522020 0.536803 0.230079 -0.455554 0.615124 -0.200784 -0.431857 0.000000 0.489916 0.000000 3000.000000 0.999901
1 0 12.000000 -0.000000 -0.000000 0.562212 0.000000 -0.000000 -0.645590 0.000000 0.000000 0.516694 25.000000 2000.000000 0.999921
1 0 11.000000 -0.000000 -0.000000 0.000818 0.000000 -0.000000 -0.063281 0.000000 0.000000 0.997185 0.000000 1500.000000 0.999191
1 0 17.000000 0.354175 -0.668601 0.216873 0.505429 0.468517 0.309491 -0.534450 0.000000 0.436405 16.000000 3000.000000 0.999901
1 0 11.000000 -0.000000 0.000000 0.372818 -0.000000 -0.000000 0.240981 0.000000 0.000000 0.895163 0.000000 3000.000000 0.999191
1 0 14.000000 0.746796 -0.658880 -0.000000 0.654346 0.751970 -0.000000 0.117079 0.000000 0.000000 26.000000 3500.000000 0.999790
1 0 8.000000 0.815637 0.000000 0.000000 0.000000 0.815637 0.000000 0.000000 0.000000 0.576743 0.000000 2500.000000 0.998948
1 0 14.000000 0.775685 -0.246280 0.044981 0.245456 0.778289 0.014234 -0.066721 0.000000 0.575298 0.000000 2000.000000 0.999790
1 0 19.000000 -0.100709 -0.799827 0.091155 0.492396 -0.163588 -0.445684 0.643341 0.000000 0.355385 0.000000 2500.000000 0.999863
1 0 17.000000 0.000000 0.000000 0.000000 0.000000 0.000000 0.000000 0.000000 0.000000 0.000000 0.000000 1500.000000 0.000000
1 0 12.000000 -0.012896 -0.999837 0.000000 0.997830 -0.012922 -0.000000 0.063333 0.000000 0.000000 25.000000 2000.000000 0.999921
1 0 12.000000 0.623789 0.780527 0.000000 -0.779021 0.624995 -0.000000 -0.062095 0.000000 0.000000 0.000000 1100.000000 0.999921
1 0 14.000000 0.063483 0.997125 0.000000 -0.867605 0.072959 -0.000000 -0.492759 0.000000 0.000000 0.000000 3500.000000 0.999790
1 0 19.000000 -0.000000 0.000000 -0.291202 -0.000000 -0.000000 -0.954137 -0.000000 0.000000 0.067451 0.000000 3500.000000 0.999863
1 0 17.000000 -0.000000 0.000000 -0.380853 -0.000000 -0.000000 -0.146468 -0.000000 0.000000 0.912853 16.000000 3000.000000 0.999901
1 0 16.000000 0.207392 0.450984 0.416609 -0.259614 0.360268 -0.521512 -0.471984 0.000000 0.469916 0.000000 1700.000000 0.999769
1 0 17.000000 0.142724 -0.468236 -0.432788 0.197909 0.337673 -0.600128 0.523192 0.000000 0.345074 10.000000 1500.000000 0.999901
1 0 11.000000 0.815836 0.000000 0.000000 0.000000 0.815836 0.000000 0.000000 0.000000 0.576883 30.000000 3000.000000 0.999191
1 0 16.000000 0.000000 0.000000 0.000000 0.000000 0.000000 0.000000 0.000000 0.000000 0.000000 0.000000 1300.000000 0.000000
1 0 14.000000 -0.000000 -0.000000 0.380811 -0.000000 0.000000 0.146452 -0.000000 0.000000 -0.912752 0.000000 2000.000000 0.999790
1 0 14.000000 -0.011367 0.552089 -0.237748 -0.037244 -0.168497 -0.778993 -0.575914 0.000000 0.055070 0.000000 2000.000000 0.999790
1 0 16.000000 0.000000 -0.000000 0.375585 0.000000 0.000000 0.535982 -0.000000 0.000000 0.755775 12.000000 2300.000000 0.999769
1 0 16.000000 -0.000000 -0.000000 -0.444563 0.000000 -0.000000 0.098110 -0.000000 0.000000 0.890099 0.000000 1300.000000 0.999769
1 0 16.000000 0.000000 0.000000 0.000000 0.000000 0.000000 0.000000 0.000000 0.000000 0.000000 0.000000 1700.000000 0.000000
0 0 6.000000 0.000000 0.000000 0.000000 0.000000 0.000000 0.000000 0.000000 0.000000 0.000000 0.000000 1800.000000 0.000000
1 0 19.000000 -0.000000 0.000000 -0.380839 -0.000000 -0.000000 -0.146463 -0.000000 0.000000 0.912818 0.000000 3500.000000 0.999863
1 0 12.000000 -0.000000 0.000000 -0.121211 -0.000000 -0.000000 -0.040545 -0.000000 0.000000 0.991718 0.000000 1100.000000 0.999921
1 0 16.000000 0.000000 0.000000 0.000000 0.000000 0.000000 0.000000 0.000000 0.000000 0.000000 12.000000 2300.000000 0.000000
1 0 12.000000 -0.000000 -0.000000 0.000818 0.000000 -0.000000 -0.063328 0.000000 0.000000 0.997913 25.000000 2000.000000 0.999921
0 0 6.000000 0.000000 0.000000 0.000000 0.000000 0.000000 0.000000 0.000000 0.000000 0.000000 4.000000 1100.000000 0.000000
1 0 8.000000 0.540169 0.000000 0.000000 0.000000 0.540169 0.000000 0.000000 0.000000 0.381957 12.000000 1000.000000 0.661569
1 0 11.000000 -0.000000 -0.000000 0.000818 0.000000 -0.000000 -0.063281 0.000000 0.000000 0.997185 30.000000 3000.000000 0.999191
1 0 17.000000 -0.011368 0.552150 -0.237774 -0.037248 -0.168516 -0.779080 -0.575978 0.000000 0.055076 0.000000 3000.000000 0.999901
1 0 14.000000 -0.181576 0.564786 -0.000000 -0.124307 -0.824983 -0.000000 -0.975274 0.000000 0.000000 0.000000 3500.000000 0.999790
1 0 16.000000 0.000000 -0.000000 -0.510239 -0.000000 -0.000000 0.638719 -0.000000 0.000000 -0.575527 0.000000 1700.000000 0.999769
1 0 11.000000 -0.000000 -0.000000 -0.340836 0.000000 -0.000000 0.764564 -0.000000 0.000000 0.545578 0.000000 3000.000000 0.999191
1 0 14.000000 0.000000 0.000000 0.411563 -0.000000 0.000000 -0.176179 -0.000000 0.000000 0.893956 26.000000 3500.000000 0.999790
1 0 8.000000 0.815637 0.000000 0.000000 0.000000 0.815637 0.000000 0.000000 0.000000 0.576743 12.000000 1000.000000 0.998948
1 0 12.000000 -0.007445 -0.577256 0.000668 0.576097 -0.007460 -0.051707 0.036565 0.000000 0.814793 0.000000 2000.000000 0.999921
1 0 14.000000 -0.492181 0.678200 0.000000 -0.454398 -0.734592 0.000000 0.742200 0.000000 0.000000 26.000000 3500.000000 0.999790
1 0 14.000000 -0.270862 0.458679 0.000000 0.139851 0.888366 -0.000000 -0.952185 0.000000 -0.000000 0.000000 2000.000000 0.999790
1 0 17.000000 -0.000000 0.000000 0.846160 0.000000 0.000000 -0.436887 -0.000000 0.000000 -0.304869 0.000000 3000.000000 0.999901
1 0 14.000000 0.207396 0.450993 0.416618 -0.259619 0.360275 -0.521523 -0.471994 0.000000 0.469926 0.000000 2000.000000 0.999790
1 0 9.000000 0.623534 0.780208 0.000000 -0.778702 0.624740 -0.000000 -0.062070 0.000000 0.000000 36.000000 1200.000000 0.999512
1 0 17.000000 -0.491913 0.207219 -0.310965 -0.189179 -0.538821 -0.119591 -0.235586 0.000000 0.745341 16.000000 3000.000000 0.999901
1 0 14.000000 0.604191 -0.509080 0.000000 0.357455 0.860476 0.000000 -0.711871 0.000000 0.000000 0.000000 2000.000000 0.999790
1 0 8.000000 0.000000 0.000000 0.000000 0.000000 0.000000 0.000000 0.000000 0.000000 0.000000 12.000000 2500.000000 0.000000
0 0 6.000000 0.000000 0.000000 0.000000 0.000000 0.000000 0.000000 0.000000 0.000000 0.000000 10.000000 3000.000000 0.000000
1 0 11.000000 0.000000 -0.000000 -0.512800 0.000000 0.000000 -0.314824 0.000000 0.000000 0.797687 0.000000 1500.000000 0.999191
1 0 8.000000 0.540169 0.000000 0.000000 0.000000 0.540169 0.000000 0.000000 0.000000 0.381957 40.000000 1000.000000 0.661569
1 0 9.000000 0.000000 -0.000000 -0.183632 0.000000 0.000000 -0.879841 0.000000 0.000000 0.437246 36.000000 1200.000000 0.999512
1 0 12.000000 -0.222302 -0.913282 -0.000000 0.498670 -0.407133 0.000000 -0.837706 0.000000 0.000000 25.000000 2000.000000 0.999921
1 0 16.000000 0.000000 0.000000 0.510239 -0.000000 0.000000 -0.638719 -0.000000 0.000000 0.575527 0.000000 1700.000000 0.999769
1 0 8.000000 0.000000 0.000000 0.000000 0.000000 0.000000 0.000000 0.000000 0.000000 0.000000 0.000000 1000.000000 0.000000
1 0 8.000000 0.000000 0.000000 0.000000 0.000000 0.000000 0.000000 0.000000 0.000000 0.000000 12.000000 1000.000000 0.000000
1 0 17.000000 0.000000 0.000000 0.000000 0.000000 0.000000 0.000000 0.000000 0.000000 0.000000 16.000000 3000.000000 0.000000
1 0 17.000000 0.369124 0.379577 0.325380 -0.322125 0.434958 -0.283951 -0.305369 0.000000 0.692845 10.000000 1500.000000 0.999901
1 0 16.000000 -0.767796 0.258953 -0.069971 -0.256828 -0.774146 -0.023405 -0.104343 0.000000 0.572482 0.000000 1700.000000 0.999769
1 0 19.000000 0.000000 0.000000 0.000000 0.000000 0.000000 0.000000 0.000000 0.000000 0.000000 0.000000 2500.000000 0.000000
1 0 19.000000 -0.000000 -0.000000 0.380839 -0.000000 0.000000 0.146463 -0.000000 0.000000 -0.912818 0.000000 3500.000000 0.999863
1 0 17.000000 0.000000 -0.000000 0.612744 0.000000 0.000000 0.362515 -0.000000 0.000000 0.702090 0.000000 3000.000000 0.999901
1 0 17.000000 -0.034168 0.046042 -0.812380 -0.002734 -0.575454 -0.064998 -0.576275 0.000000 0.048475 0.000000 3000.000000 0.999901
1 0 16.000000 -0.491847 0.207192 -0.310924 -0.189154 -0.538749 -0.119575 -0.235555 0.000000 0.745243 0.000000 1700.000000 0.999769
1 0 12.000000 0.680294 -0.523157 -0.000000 0.417654 0.852143 -0.000000 0.602169 0.000000 0.000000 25.000000 2000.000000 0.999921
1 0 17.000000 -0.000000 -0.000000 -0.377243 0.000000 -0.000000 0.809082 -0.000000 0.000000 0.450419 16.000000 3000.000000 0.999901
##END
