##LIST_SIZE=394
##LISTDATA
0 0 6.000000 0.000000 0.000000 0.000000 0.000000 0.000000 0.000000 0.000000 0.000000 0.000000 0.000000 3000.000000 0.000000
1 0 14.000000 -0.104833 0.326079 -0.657078 -0.071769 -0.476304 -0.449837 -0.563074 0.000000 0.179670 0.000000 2000.000000 0.999790
1 0 12.000000 -0.181600 0.564859 -0.000000 -0.124324 -0.825091 -0.000000 -0.975401 0.000000 0.000000 25.000000 2000.000000 0.999921
1 1 18.000000 0.000000 0.000000 0.398458 -0.000000 0.000000 -0.347724 -0.000000 0.000000 0.848453 0.000000 2000.000000 0.999777
1 0 23.000000 -0.071277 -0.566081 0.064516 0.348496 -0.115780 -0.315435 0.455327 0.000000 0.251525 0.000000 3200.000000 0.707657
1 0 18.000000 0.147254 0.554300 -0.093084 -0.506048 0.161295 0.319887 0.235576 0.000000 0.745343 0.000000 3000.000000 0.999897
1 0 16.000000 0.000000 0.000000 0.411554 -0.000000 0.000000 -0.176176 -0.000000 0.000000 0.893937 0.000000 1700.000000 0.999769
1 0 18.000000 -0.000000 -0.000000 -0.220741 0.000000 -0.000000 0.569024 -0.000000 0.000000 0.792009 0.000000 1500.000000 0.999897
1 0 9.000000 0.816098 0.000000 0.000000 0.000000 0.816098 0.000000 0.000000 0.000000 0.577069 16.000000 1200.000000 0.999512
1 0 23.000000 -0.395986 -0.374220 -0.000000 0.246723 -0.600615 0.000000 -0.532073 0.000000 0.000000 0.000000 3200.000000 0.707657
1 0 9.000000 -0.227535 0.945821 0.000000 -0.665899 -0.323184 0.000000 0.709811 0.000000 0.000000 0.000000 1200.000000 0.999512
1 0 8.000000 0.815637 0.000000 0.000000 0.000000 0.815637 0.000000 0.000000 0.000000 0.576743 0.000000 1000.000000 0.998948
1 0 16.000000 -0.227594 0.946063 0.000000 -0.666069 -0.323267 0.000000 0.709993 0.000000 0.000000 15.000000 2300.000000 0.999769
1 0 23.000000 0.000000 0.000000 0.000000 0.000000 0.000000 0.000000 0.000000 0.000000 0.000000 0.000000 2500.000000 0.000000
1 0 18.000000 -0.000000 0.000000 -0.115814 -0.000000 -0.000000 -0.048133 -0.000000 0.000000 0.696373 0.000000 2000.000000 0.707577
1 0 9.000000 -0.940113 0.317070 -0.000000 -0.314469 -0.947888 -0.000000 -0.127760 0.000000 0.000000 0.000000 1200.000000 0.999512
1 0 14.000000 0.623708 0.780425 0.000000 -0.778919 0.624914 -0.000000 -0.062087 0.000000 0.000000 0.000000 3500.000000 0.999790
1 0 23.000000 -0.000000 -0.000000 -0.451590 0.000000 -0.000000 0.281368 -0.000000 0.000000 0.466559 0.000000 3200.000000 0.707657
1 0 12.000000 0.746893 -0.658966 -0.000000 0.654432 0.752068 -0.000000 0.117095 0.000000 0.000000 0.000000 2000.000000 0.999921
1 0 18.000000 0.000000 0.000000 -0.114004 -0.000000 0.000000 0.391780 0.000000 0.000000 0.912855 0.000000 3000.000000 0.999897
1 1 18.000000 0.000000 -0.000000 -0.529989 0.000000 0.000000 -0.734912 0.000000 0.000000 0.422576 0.000000 2000.000000 0.999777
1 1 23.000000 -0.000000 -0.000000 -0.029671 0.000000 -0.000000 0.014503 -0.000000 0.000000 0.999345 0.000000 2500.000000 0.999891
1 0 23.000000 0.577800 0.000000 0.000000 0.000000 0.577800 0.000000 0.000000 0.000000 0.408566 0.000000 2500.000000 0.707657
1 0 12.000000 0.821930 0.393502 0.000000 -0.351847 0.919238 -0.000000 -0.447745 0.000000 0.000000 25.000000 2000.000000 0.999921
1 0 14.000000 -0.000000 0.000000 0.229575 -0.000000 -0.000000 0.671868 0.000000 0.000000 0.703895 0.000000 3500.000000 0.999790
1 0 14.000000 0.474480 0.227159 0.336040 -0.203112 0.530653 -0.143850 -0.258472 0.000000 0.729912 0.000000 2000.000000 0.999790
1 0 18.000000 0.000000 -0.000000 0.433606 0.000000 0.000000 0.256533 -0.000000 0.000000 0.496832 0.000000 2500.000000 0.707577
1 1 23.000000 0.000000 -0.000000 -0.513160 0.000000 0.000000 -0.315045 0.000000 0.000000 0.798246 0.000000 2500.000000 0.999891
1 0 12.000000 0.433783 -0.818882 0.000000 0.619034 0.573824 0.000000 -0.654577 0.000000 0.000000 0.000000 1000.000000 0.999921
1 0 14.000000 0.000000 -0.000000 -0.088059 0.000000 0.000000 -0.077157 0.000000 0.000000 0.992911 0.000000 2000.000000 0.999790
1 0 16.000000 -0.181572 0.564774 -0.000000 -0.124305 -0.824966 -0.000000 -0.975253 0.000000 0.000000 0.000000 1700.000000 0.999769
1 0 18.000000 -0.371264 0.156781 -0.094562 -0.154298 -0.377237 -0.039300 -0.072410 0.000000 0.568586 0.000000 2000.000000 0.707577
1 0 23.000000 0.277967 -0.213761 -0.296536 0.170653 0.348185 -0.182053 0.246045 0.000000 0.461277 0.000000 2500.000000 0.707657
1 0 9.000000 -0.940113 0.317070 -0.000000 -0.314469 -0.947888 -0.000000 -0.127760 0.000000 0.000000 16.000000 1200.000000 0.999512
0 0 6.000000 0.000000 0.000000 0.000000 0.000000 0.000000 0.000000 0.000000 0.000000 0.000000 4.000000 3000.000000 0.000000
1 0 16.000000 -0.000000 0.000000 0.229570 -0.000000 -0.000000 0.671854 0.000000 0.000000 0.703880 15.000000 2300.000000 0.999769
1 1 23.000000 -0.233880 -0.761142 -0.127444 0.602894 -0.295269 0.328524 -0.498338 0.000000 0.457264 0.000000 3200.000000 0.999891
1 0 14.000000 -0.501835 -0.124394 -0.362992 0.110749 -0.563666 0.080108 -0.262850 0.000000 0.726778 0.000000 2000.000000 0.999790
1 0 16.000000 -0.000000 0.000000 0.229570 -0.000000 -0.000000 0.671854 0.000000 0.000000 0.703880 0.000000 1000.000000 0.999769
1 0 20.000000 0.000000 0.000000 0.732820 -0.000000 0.000000 -0.294944 -0.000000 0.000000 0.612943 0.000000 3500.000000 0.999858
1 0 18.000000 0.254230 0.552835 0.000000 -0.318245 0.441632 -0.000000 -0.578578 0.000000 0.000000 0.000000 2500.000000 0.707577
1 1 18.000000 0.142706 -0.468178 -0.432734 0.197884 0.337631 -0.600053 0.523127 0.000000 0.345032 0.000000 2000.000000 0.999777
1 0 16.000000 0.063481 0.997103 0.000000 -0.867586 0.072958 -0.000000 -0.492749 0.000000 0.000000 0.000000 1700.000000 0.999769
1 0 9.000000 0.000000 -0.000000 -0.183632 0.000000 0.000000 -0.879841 0.000000 0.000000 0.437246 0.000000 1200.000000 0.999512
1 0 20.000000 -0.000000 -0.000000 -0.250152 0.000000 -0.000000 0.354395 -0.000000 0.000000 0.900858 0.000000 2500.000000 0.999858
1 0 14.000000 0.000000 -0.000000 -0.183683 0.000000 0.000000 -0.880086 0.000000 0.000000 0.437367 0.000000 3500.000000 0.999790
1 1 23.000000 0.064511 -0.996226 0.000000 0.751348 0.085536 0.000000 -0.656579 0.000000 0.000000 0.000000 3200.000000 0.999891
1 0 12.000000 0.255058 0.960099 -0.000000 -0.876522 0.279378 0.000000 0.408040 0.000000 0.000000 0.000000 2000.000000 0.999921
1 1 18.000000 -0.524581 0.221525 -0.133612 -0.218017 -0.533021 -0.055529 -0.102312 0.000000 0.803389 0.000000 2000.000000 0.999777
1 0 23.000000 -0.000000 0.000000 0.264041 -0.000000 -0.000000 0.170670 0.000000 0.000000 0.633982 0.000000 2500.000000 0.707657
1 0 14.000000 0.255025 0.959973 -0.000000 -0.876407 0.279341 0.000000 0.407987 0.000000 0.000000 0.000000 2000.000000 0.999790
1 0 16.000000 -0.000000 0.000000 -0.121193 -0.000000 -0.000000 -0.040539 -0.000000 0.000000 0.991568 0.000000 1000.000000 0.999769
1 0 12.000000 -0.100715 -0.799873 0.091161 0.492425 -0.163597 -0.445710 0.643378 0.000000 0.355405 0.000000 2000.000000 0.999921
1 0 8.000000 0.540169 0.000000 0.000000 0.000000 0.540169 0.000000 0.000000 0.000000 0.381957 0.000000 1000.000000 0.661569
1 0 14.000000 0.816325 0.000000 0.000000 0.000000 0.816325 0.000000 0.000000 0.000000 0.577229 0.000000 3500.000000 0.999790
1 0 14.000000 -0.869203 -0.215457 -0.000000 0.191823 -0.976298 0.000000 -0.455270 0.000000 0.000000 0.000000 2000.000000 0.999790
1 0 12.000000 -0.100715 -0.799873 0.091161 0.492425 -0.163597 -0.445710 0.643378 0.000000 0.355405 25.000000 2000.000000 0.999921
1 0 23.000000 -0.090832 -0.373166 -0.197094 0.203756 -0.166354 0.442123 -0.342286 0.000000 0.315490 0.000000 2500.000000 0.707657
1 0 14.000000 -0.100702 -0.799769 0.091149 0.492361 -0.163576 -0.445652 0.643294 0.000000 0.355359 0.000000 2000.000000 0.999790
1 0 23.000000 0.140983 0.693190 0.000000 -0.686473 0.142363 -0.000000 -0.098277 0.000000 0.000000 0.000000 3200.000000 0.707657
1 0 8.000000 0.000000 0.000000 0.000000 0.000000 0.000000 0.000000 0.000000 0.000000 0.000000 0.000000 2500.000000 0.000000
1 0 12.000000 0.816432 0.000000 0.000000 0.000000 0.816432 0.000000 0.000000 0.000000 0.577304 0.000000 1000.000000 0.999921
1 0 9.000000 -0.000000 0.000000 0.229511 -0.000000 -0.000000 0.671682 0.000000 0.000000 0.703700 36.000000 1200.000000 0.999512
1 0 12.000000 0.000000 0.000000 0.398516 -0.000000 0.000000 -0.347774 -0.000000 0.000000 0.848575 0.000000 1000.000000 0.999921
1 0 23.000000 -0.165525 -0.538687 -0.090197 0.426689 -0.208972 0.232508 -0.352691 0.000000 0.323622 0.000000 3200.000000 0.707657
1 0 18.000000 -0.000000 0.000000 0.545387 -0.000000 -0.000000 0.503519 0.000000 0.000000 0.669937 0.000000 3000.000000 0.999897
1 1 18.000000 -0.000000 0.000000 -0.163640 -0.000000 -0.000000 -0.068009 -0.000000 0.000000 0.983947 0.000000 2000.000000 0.999777
1 0 18.000000 -0.041879 0.056433 -0.000000 -0.003351 -0.705323 -0.000000 -0.706329 0.000000 0.000000 0.000000 2500.000000 0.707577
1 1 23.000000 -0.955546 0.158906 -0.000000 -0.153813 -0.987183 -0.000000 -0.251107 0.000000 0.000000 0.000000 3200.000000 0.999891
1 0 9.000000 0.000000 0.000000 0.000000 0.000000 0.000000 0.000000 0.000000 0.000000 0.000000 36.000000 1200.000000 0.000000
1 1 23.000000 -0.000000 0.000000 0.373079 -0.000000 -0.000000 0.241150 0.000000 0.000000 0.895790 0.000000 2500.000000 0.999891
1 0 23.000000 0.045657 -0.705063 0.000000 0.531755 0.060537 0.000000 -0.464684 0.000000 0.000000 0.000000 3200.000000 0.707657
1 0 14.000000 0.821823 0.393450 0.000000 -0.351801 0.919118 -0.000000 -0.447687 0.000000 0.000000 0.000000 2000.000000 0.999790
1 0 18.000000 0.474530 0.227183 0.336076 -0.203134 0.530709 -0.143865 -0.258499 0.000000 0.729990 0.000000 3000.000000 0.999897
1 0 18.000000 -0.000000 -0.000000 0.394695 -0.000000 0.000000 0.574578 -0.000000 0.000000 -0.121412 0.000000 2500.000000 0.707577
1 0 14.000000 0.000000 -0.000000 -0.183683 0.000000 0.000000 -0.880086 0.000000 0.000000 0.437367 26.000000 3500.000000 0.999790
1 0 18.000000 -0.602928 0.253984 -0.000000 -0.231873 -0.660422 -0.000000 -0.288753 0.000000 0.000000 0.000000 2500.000000 0.707577
1 0 9.000000 0.089333 -0.978429 -0.000000 0.428023 0.204208 -0.000000 0.898800 0.000000 0.000000 36.000000 1200.000000 0.999512
1 0 18.000000 -0.165506 -0.538625 -0.090186 0.426640 -0.208949 0.232481 -0.352651 0.000000 0.323585 0.000000 2500.000000 0.707577
1 0 23.000000 0.352049 -0.599936 -0.000000 0.562757 0.375307 -0.000000 0.245246 0.000000 0.000000 0.000000 3200.000000 0.707657
1 0 20.000000 0.000000 0.000000 0.000000 0.000000 0.000000 0.000000 0.000000 0.000000 0.000000 0.000000 2500.000000 0.000000
1 0 18.000000 0.254230 -0.552835 -0.000000 -0.318245 -0.441632 0.000000 -0.578578 0.000000 -0.000000 0.000000 2500.000000 0.707577
1 0 12.000000 0.000000 0.000000 0.411617 -0.000000 0.000000 -0.176202 -0.000000 0.000000 0.894073 25.000000 2000.000000 0.999921
1 0 18.000000 -0.000000 -0.000000 0.157891 0.000000 -0.000000 -0.771974 0.000000 0.000000 0.615565 15.000000 1500.000000 0.999897
1 1 23.000000 0.000000 -0.000000 0.392288 0.000000 0.000000 0.253417 -0.000000 0.000000 0.884122 0.000000 3200.000000 0.999891
1 1 18.000000 -0.270858 0.458673 0.000000 0.139849 0.888354 -0.000000 -0.952172 0.000000 -0.000000 0.000000 2500.000000 0.999777
1 0 16.000000 -0.492171 0.678185 0.000000 -0.454388 -0.734577 0.000000 0.742184 0.000000 0.000000 0.000000 1700.000000 0.999769
1 0 12.000000 -0.299950 -0.471645 -0.204261 0.424945 -0.332914 0.289380 -0.250463 0.000000 0.735593 0.000000 2000.000000 0.999921
1 1 18.000000 0.359216 -0.781133 -0.000000 -0.449668 -0.624007 0.000000 -0.817507 0.000000 -0.000000 0.000000 2500.000000 0.999777
1 0 20.000000 -0.000000 0.000000 -0.163654 -0.000000 -0.000000 -0.068015 -0.000000 0.000000 0.984027 0.000000 2500.000000 0.999858
1 1 18.000000 -0.059173 0.079737 -0.000000 -0.004734 -0.996592 -0.000000 -0.998013 0.000000 0.000000 0.000000 2500.000000 0.999777
1 0 14.000000 0.000000 0.000000 0.000000 0.000000 0.000000 0.000000 0.000000 0.000000 0.000000 0.000000 2000.000000 0.000000
1 0 18.000000 -0.602928 -0.253984 0.000000 -0.231873 0.660422 0.000000 -0.288753 0.000000 -0.000000 0.000000 2500.000000 0.707577
1 0 16.000000 0.147235 0.554229 -0.093072 -0.505983 0.161274 0.319846 0.235546 0.000000 0.745248 0.000000 1700.000000 0.999769
1 0 18.000000 -0.000000 -0.000000 -0.177027 0.000000 -0.000000 0.250797 -0.000000 0.000000 0.637517 0.000000 2000.000000 0.707577
1 0 16.000000 -0.284155 0.391550 0.445249 -0.262341 -0.424108 0.411069 0.428500 0.000000 0.546931 0.000000 1700.000000 0.999769
1 0 14.000000 -0.000000 0.000000 0.229575 -0.000000 -0.000000 0.671868 0.000000 0.000000 0.703895 26.000000 3500.000000 0.999790
1 0 18.000000 0.431209 -0.380445 -0.071907 0.377827 0.434196 -0.063006 0.067603 0.000000 0.810795 0.000000 3000.000000 0.999897
1 0 14.000000 -0.940374 0.317158 -0.000000 -0.314556 -0.948152 -0.000000 -0.127796 0.000000 0.000000 0.000000 3500.000000 0.999790
1 0 18.000000 0.261210 0.268606 0.230254 -0.227951 0.307797 -0.200937 -0.216093 0.000000 0.490290 0.000000 2000.000000 0.707577
1 0 12.000000 0.000000 0.000000 0.035964 -0.000000 0.000000 -0.491510 -0.000000 0.000000 0.870038 0.000000 2000.000000 0.999921
1 0 12.000000 0.000000 -0.000000 -0.088070 0.000000 0.000000 -0.077168 0.000000 0.000000 0.993041 0.000000 2000.000000 0.999921
1 0 20.000000 0.201834 -0.662157 -0.306014 0.279874 0.477521 -0.424336 0.739873 0.000000 0.243994 0.000000 3500.000000 0.999858
1 0 12.000000 -0.000000 0.000000 0.545400 -0.000000 -0.000000 0.503531 0.000000 0.000000 0.669953 0.000000 2000.000000 0.999921
1 0 12.000000 -0.524656 0.221557 -0.133631 -0.218049 -0.533098 -0.055537 -0.102327 0.000000 0.803504 0.000000 2000.000000 0.999921
1 0 12.000000 -0.233887 -0.761165 -0.127448 0.602912 -0.295278 0.328534 -0.498352 0.000000 0.457278 0.000000 2000.000000 0.999921
1 1 18.000000 0.359216 0.781133 0.000000 -0.449668 0.624007 -0.000000 -0.817507 0.000000 0.000000 0.000000 2500.000000 0.999777
1 0 14.000000 0.000000 0.000000 -0.113991 -0.000000 0.000000 0.391739 0.000000 0.000000 0.912758 0.000000 2000.000000 0.999790
1 0 20.000000 0.000000 0.000000 0.070938 -0.000000 0.000000 -0.047951 -0.000000 0.000000 0.996185 0.000000 3500.000000 0.999858
1 0 16.000000 0.000000 -0.000000 -0.183679 0.000000 0.000000 -0.880067 0.000000 0.000000 0.437358 15.000000 2300.000000 0.999769
1 0 16.000000 0.509244 0.637201 0.022405 -0.635971 0.510229 -0.027981 -0.050693 0.000000 0.576103 0.000000 1700.000000 0.999769
1 0 16.000000 -0.000000 0.000000 0.545317 -0.000000 -0.000000 0.503454 0.000000 0.000000 0.669851 0.000000 1700.000000 0.999769
1 0 12.000000 0.000000 -0.000000 0.375642 0.000000 0.000000 0.536064 -0.000000 0.000000 0.755890 0.000000 1000.000000 0.999921
1 0 14.000000 0.746796 -0.658880 -0.000000 0.654346 0.751970 -0.000000 0.117079 0.000000 0.000000 0.000000 2000.000000 0.999790
1 0 20.000000 -0.741930 0.313309 -0.094486 -0.308348 -0.753867 -0.039268 -0.144703 0.000000 0.568128 0.000000 3500.000000 0.999858
1 0 23.000000 0.000000 0.000000 0.518659 -0.000000 0.000000 -0.208749 -0.000000 0.000000 0.433815 0.000000 3200.000000 0.707657
1 0 9.000000 0.000000 0.000000 0.038797 -0.000000 0.000000 -0.048451 -0.000000 0.000000 0.997583 36.000000 1200.000000 0.999512
1 0 9.000000 0.816098 0.000000 0.000000 0.000000 0.816098 0.000000 0.000000 0.000000 0.577069 36.000000 1200.000000 0.999512
0 0 6.000000 0.000000 0.000000 0.000000 0.000000 0.000000 0.000000 0.000000 0.000000 0.000000 10.000000 900.000000 0.000000
1 0 12.000000 -0.492246 0.678288 0.000000 -0.454457 -0.734688 0.000000 0.742297 0.000000 0.000000 0.000000 2000.000000 0.999921
1 0 20.000000 -0.424167 -0.666965 -0.144425 0.600926 -0.470782 0.204610 -0.354186 0.000000 0.520111 0.000000 3500.000000 0.999858
1 0 23.000000 0.549034 -0.174318 0.031837 0.173735 0.550877 0.010075 -0.047225 0.000000 0.407199 0.000000 3200.000000 0.707657
1 0 18.000000 -0.071269 -0.566017 0.064508 0.348456 -0.115767 -0.315399 0.455276 0.000000 0.251496 0.000000 2500.000000 0.707577
1 0 16.000000 0.821805 0.393442 0.000000 -0.351794 0.919098 -0.000000 -0.447677 0.000000 0.000000 0.000000 1700.000000 0.999769
1 0 18.000000 0.427601 -0.360289 0.000000 0.252980 0.608981 0.000000 -0.503809 0.000000 0.000000 0.000000 2500.000000 0.707577
1 0 23.000000 0.000000 0.000000 0.019771 -0.000000 0.000000 -0.096268 -0.000000 0.000000 0.700800 0.000000 3200.000000 0.707657
1 0 18.000000 -0.000000 0.000000 -0.704079 -0.000000 -0.000000 -0.056333 -0.000000 0.000000 0.042013 0.000000 2500.000000 0.707577
1 1 18.000000 -0.190316 -0.906122 -0.000000 0.408175 -0.422489 0.000000 -0.892596 0.000000 0.000000 0.000000 2500.000000 0.999777
1 0 12.000000 0.000000 -0.000000 -0.530065 0.000000 0.000000 -0.735018 0.000000 0.000000 0.422636 0.000000 1000.000000 0.999921
1 0 9.000000 0.623534 0.780208 0.000000 -0.778702 0.624740 -0.000000 -0.062070 0.000000 0.000000 16.000000 1200.000000 0.999512
1 0 16.000000 0.746780 -0.658865 -0.000000 0.654332 0.751953 -0.000000 0.117077 0.000000 0.000000 0.000000 1700.000000 0.999769
1 0 18.000000 0.000000 -0.000000 0.077917 0.000000 0.000000 0.024656 -0.000000 0.000000 0.996551 15.000000 1500.000000 0.999897
1 0 16.000000 0.000000 0.000000 0.000000 0.000000 0.000000 0.000000 0.000000 0.000000 0.000000 0.000000 1000.000000 0.000000
1 0 12.000000 0.000000 0.000000 0.000000 0.000000 0.000000 0.000000 0.000000 0.000000 0.000000 0.000000 1000.000000 0.000000
1 0 14.000000 0.089358 -0.978701 -0.000000 0.428142 0.204265 -0.000000 0.899050 0.000000 0.000000 26.000000 3500.000000 0.999790
1 1 23.000000 0.000000 -0.000000 0.056167 0.000000 0.000000 0.654172 -0.000000 0.000000 0.754112 0.000000 3200.000000 0.999891
1 0 12.000000 0.000000 0.000000 0.000000 0.000000 0.000000 0.000000 0.000000 0.000000 0.000000 0.000000 2000.000000 0.000000
1 0 20.000000 -0.000000 0.000000 -0.247908 -0.000000 -0.000000 -0.039905 -0.000000 0.000000 0.967815 0.000000 3500.000000 0.999858
1 0 12.000000 0.000000 0.000000 0.411617 -0.000000 0.000000 -0.176202 -0.000000 0.000000 0.894073 0.000000 2000.000000 0.999921
1 1 18.000000 -0.000000 0.000000 -0.291177 -0.000000 -0.000000 -0.954055 -0.000000 0.000000 0.067446 0.000000 2500.000000 0.999777
1 0 14.000000 -0.000000 0.000000 -0.121195 -0.000000 -0.000000 -0.040540 -0.000000 0.000000 0.991589 26.000000 3500.000000 0.999790
1 0 12.000000 -0.000000 -0.000000 -0.444631 0.000000 -0.000000 0.098125 -0.000000 0.000000 0.890234 25.000000 2000.000000 0.999921
1 1 18.000000 -0.000000 -0.000000 -0.250132 0.000000 -0.000000 0.354366 -0.000000 0.000000 0.900785 0.000000 2000.000000 0.999777
1 0 16.000000 -0.940354 0.317151 -0.000000 -0.314549 -0.948131 -0.000000 -0.127793 0.000000 0.000000 15.000000 2300.000000 0.999769
1 1 18.000000 -0.000000 -0.000000 0.557688 -0.000000 0.000000 0.811855 -0.000000 0.000000 -0.171550 0.000000 2500.000000 0.999777
1 1 23.000000 0.497430 -0.847685 -0.000000 0.795152 0.530294 -0.000000 0.346523 0.000000 0.000000 0.000000 3200.000000 0.999891
1 0 18.000000 0.100998 -0.331345 -0.306261 0.140050 0.238953 -0.424679 0.370235 0.000000 0.244191 0.000000 2000.000000 0.707577
1 0 23.000000 0.000000 -0.000000 0.277636 0.000000 0.000000 0.179352 -0.000000 0.000000 0.625724 0.000000 3200.000000 0.707657
1 1 23.000000 0.825344 0.559961 0.000000 -0.557904 0.828388 -0.000000 -0.085627 0.000000 0.000000 0.000000 3200.000000 0.999891
1 0 18.000000 -0.000000 0.000000 -0.269510 -0.000000 -0.000000 -0.103648 -0.000000 0.000000 0.645978 0.000000 2500.000000 0.707577
1 0 12.000000 0.063491 0.997255 0.000000 -0.867718 0.072969 -0.000000 -0.492824 0.000000 0.000000 25.000000 2000.000000 0.999921
1 0 9.000000 -0.227535 0.945821 0.000000 -0.665899 -0.323184 0.000000 0.709811 0.000000 0.000000 36.000000 1200.000000 0.999512
1 0 20.000000 0.000000 -0.000000 0.375619 0.000000 0.000000 0.536030 -0.000000 0.000000 0.755843 0.000000 2500.000000 0.999858
1 1 18.000000 -0.299907 -0.471577 -0.204232 0.424884 -0.332866 0.289339 -0.250427 0.000000 0.735488 0.000000 2000.000000 0.999777
1 0 23.000000 -0.000000 -0.000000 -0.241390 0.000000 -0.000000 0.541488 -0.000000 0.000000 0.386395 0.000000 2500.000000 0.707657
1 0 9.000000 0.000000 0.000000 0.000000 0.000000 0.000000 0.000000 0.000000 0.000000 0.000000 0.000000 1200.000000 0.000000
1 0 16.000000 0.000000 -0.816308 0.000000 0.816308 0.000000 0.000000 0.000000 0.000000 0.577217 15.000000 2300.000000 0.999769
1 0 23.000000 -0.000000 -0.000000 0.000579 0.000000 -0.000000 -0.044818 0.000000 0.000000 0.706237 0.000000 2500.000000 0.707657
1 0 14.000000 -0.000000 -0.000000 -0.444573 0.000000 -0.000000 0.098112 -0.000000 0.000000 0.890118 0.000000 2000.000000 0.999790
1 0 14.000000 0.000000 0.000000 0.038807 -0.000000 0.000000 -0.048465 -0.000000 0.000000 0.997861 26.000000 3500.000000 0.999790
1 1 18.000000 0.369078 0.379530 0.325340 -0.322085 0.434904 -0.283916 -0.305331 0.000000 0.692759 0.000000 2000.000000 0.999777
1 0 16.000000 0.000000 0.000000 0.000000 0.000000 0.000000 0.000000 0.000000 0.000000 0.000000 0.000000 1700.000000 0.000000
1 0 23.000000 -0.000000 -0.000000 0.397885 0.000000 -0.000000 -0.456893 0.000000 0.000000 0.365671 0.000000 2500.000000 0.707657
1 0 14.000000 -0.940374 0.317158 -0.000000 -0.314556 -0.948152 -0.000000 -0.127796 0.000000 0.000000 26.000000 3500.000000 0.999790
1 0 23.000000 0.000000 -0.000000 -0.286090 0.000000 0.000000 -0.594905 0.000000 0.000000 0.254988 0.000000 3200.000000 0.707657
1 0 8.000000 0.540169 0.000000 0.000000 0.000000 0.540169 0.000000 0.000000 0.000000 0.381957 0.000000 2500.000000 0.661569
1 1 23.000000 0.000000 0.000000 0.732844 -0.000000 0.000000 -0.294954 -0.000000 0.000000 0.612963 0.000000 3200.000000 0.999891
1 0 16.000000 -0.869184 -0.215453 -0.000000 0.191819 -0.976277 0.000000 -0.455260 0.000000 0.000000 0.000000 1700.000000 0.999769
1 0 20.000000 0.816381 0.000000 0.000000 0.000000 0.816381 0.000000 0.000000 0.000000 0.577269 0.000000 2500.000000 0.999858
1 1 18.000000 0.499736 0.769773 -0.000000 0.602981 -0.637969 -0.000000 -0.621476 0.000000 -0.000000 0.000000 2500.000000 0.999777
1 0 14.000000 -0.492181 0.678200 0.000000 -0.454398 -0.734592 0.000000 0.742200 0.000000 0.000000 0.000000 2000.000000 0.999790
1 1 23.000000 0.775763 -0.246305 0.044985 0.245481 0.778367 0.014235 -0.066728 0.000000 0.575356 0.000000 3200.000000 0.999891
1 1 23.000000 -0.195905 -0.435347 0.459030 0.224959 -0.379122 -0.527107 0.494242 0.000000 0.421866 0.000000 2500.000000 0.999891
1 0 18.000000 -0.134693 -0.641294 -0.000000 0.288880 -0.299010 0.000000 -0.631721 0.000000 0.000000 0.000000 2500.000000 0.707577
1 0 18.000000 0.000000 -0.000000 -0.361117 -0.000000 -0.000000 0.452047 -0.000000 0.000000 -0.407324 0.000000 2500.000000 0.707577
1 0 9.000000 -0.227535 0.945821 0.000000 -0.665899 -0.323184 0.000000 0.709811 0.000000 0.000000 16.000000 1200.000000 0.999512
1 1 18.000000 -0.019688 0.956234 -0.000000 -0.064508 -0.291842 -0.000000 -0.997500 0.000000 0.000000 0.000000 2500.000000 0.999777
1 0 14.000000 0.431163 -0.380404 -0.071900 0.377787 0.434150 -0.062999 0.067596 0.000000 0.810709 0.000000 2000.000000 0.999790
1 0 9.000000 -0.000000 0.000000 -0.121162 -0.000000 -0.000000 -0.040529 -0.000000 0.000000 0.991313 16.000000 1200.000000 0.999512
1 1 18.000000 0.000000 -0.000000 -0.510244 -0.000000 -0.000000 0.638724 -0.000000 0.000000 -0.575532 0.000000 2500.000000 0.999777
1 0 12.000000 -0.908732 0.383748 -0.000000 -0.377671 -0.923352 -0.000000 -0.177236 0.000000 0.000000 0.000000 1000.000000 0.999921
1 0 18.000000 0.548972 -0.174299 0.031834 0.173715 0.550815 0.010073 -0.047220 0.000000 0.407153 0.000000 2500.000000 0.707577
1 0 23.000000 -0.138649 -0.308110 0.324872 0.159211 -0.268318 -0.373052 0.349792 0.000000 0.298569 0.000000 2500.000000 0.707657
1 0 16.000000 0.036651 0.575678 0.029360 -0.500901 0.042122 -0.401255 -0.284489 0.000000 0.710275 0.000000 1700.000000 0.999769
1 0 23.000000 0.110509 -0.637745 -0.000000 0.229797 0.306692 -0.000000 0.660121 0.000000 0.000000 0.000000 3200.000000 0.707657
1 0 12.000000 -0.181600 0.564859 -0.000000 -0.124324 -0.825091 -0.000000 -0.975401 0.000000 0.000000 0.000000 2000.000000 0.999921
1 1 18.000000 0.604183 -0.509073 0.000000 0.357450 0.860465 0.000000 -0.711861 0.000000 0.000000 0.000000 2500.000000 0.999777
1 0 18.000000 -0.000000 -0.000000 -0.444620 0.000000 -0.000000 0.098122 -0.000000 0.000000 0.890213 0.000000 3000.000000 0.999897
1 0 12.000000 -0.000000 -0.000000 -0.444631 0.000000 -0.000000 0.098125 -0.000000 0.000000 0.890234 0.000000 2000.000000 0.999921
1 0 18.000000 0.201841 -0.662182 -0.306026 0.279884 0.477539 -0.424352 0.739901 0.000000 0.244003 0.000000 3000.000000 0.999897
1 0 20.000000 0.000000 -0.000000 -0.530032 0.000000 0.000000 -0.734972 0.000000 0.000000 0.422610 0.000000 2500.000000 0.999858
1 0 8.000000 0.000000 0.000000 0.000000 0.000000 0.000000 0.000000 0.000000 0.000000 0.000000 40.000000 1000.000000 0.000000
1 1 18.000000 -0.000000 -0.000000 0.380806 -0.000000 0.000000 0.146450 -0.000000 0.000000 -0.912740 0.000000 2500.000000 0.999777
1 0 16.000000 0.000000 0.000000 -0.113989 -0.000000 0.000000 0.391730 0.000000 0.000000 0.912738 0.000000 1700.000000 0.999769
1 0 16.000000 -0.104831 0.326072 -0.657064 -0.071767 -0.476294 -0.449828 -0.563062 0.000000 0.179666 0.000000 1700.000000 0.999769
1 0 14.000000 0.089358 -0.978701 -0.000000 0.428142 0.204265 -0.000000 0.899050 0.000000 0.000000 0.000000 3500.000000 0.999790
1 0 23.000000 0.000000 -0.000000 0.039752 0.000000 0.000000 0.462980 -0.000000 0.000000 0.533712 0.000000 3200.000000 0.707657
1 0 9.000000 -0.000000 0.000000 -0.121162 -0.000000 -0.000000 -0.040529 -0.000000 0.000000 0.991313 0.000000 1200.000000 0.999512
1 0 18.000000 -0.104844 0.326114 -0.657148 -0.071777 -0.476355 -0.449885 -0.563134 0.000000 0.179689 0.000000 3000.000000 0.999897
1 0 14.000000 -0.227599 0.946084 0.000000 -0.666084 -0.323274 0.000000 0.710008 0.000000 0.000000 26.000000 3500.000000 0.999790
1 0 18.000000 0.000000 0.000000 0.000000 0.000000 0.000000 0.000000 0.000000 0.000000 0.000000 0.000000 1500.000000 0.000000
1 0 9.000000 0.000000 -0.000000 -0.183632 0.000000 0.000000 -0.879841 0.000000 0.000000 0.437246 16.000000 1200.000000 0.999512
1 0 18.000000 0.000000 0.000000 0.000000 0.000000 0.000000 0.000000 0.000000 0.000000 0.000000 0.000000 3000.000000 0.000000
1 0 18.000000 0.000000 -0.000000 -0.088068 0.000000 0.000000 -0.077166 0.000000 0.000000 0.993017 0.000000 3000.000000 0.999897
1 0 12.000000 0.250445 -0.472781 0.306711 0.357399 0.331298 0.437694 -0.377920 0.000000 0.617182 0.000000 2000.000000 0.999921
1 0 16.000000 0.255019 0.959953 -0.000000 -0.876388 0.279335 0.000000 0.407978 0.000000 0.000000 0.000000 1700.000000 0.999769
1 1 18.000000 -0.000000 0.000000 -0.994834 -0.000000 -0.000000 -0.079596 -0.000000 0.000000 0.059362 0.000000 2500.000000 0.999777
1 0 18.000000 -0.000000 -0.000000 -0.266955 0.000000 -0.000000 0.572544 -0.000000 0.000000 0.318738 0.000000 2500.000000 0.707577
1 0 14.000000 0.000000 0.000000 0.038807 -0.000000 0.000000 -0.048465 -0.000000 0.000000 0.997861 0.000000 3500.000000 0.999790
1 0 23.000000 -0.366863 -0.179418 -0.017146 0.179320 -0.367063 0.008381 -0.013495 0.000000 0.577485 0.000000 2500.000000 0.707657
1 0 16.000000 -0.501824 -0.124392 -0.362984 0.110747 -0.563654 0.080106 -0.262845 0.000000 0.726762 0.000000 1700.000000 0.999769
1 1 23.000000 0.816408 0.000000 0.000000 0.000000 0.816408 0.000000 0.000000 0.000000 0.577287 0.000000 2500.000000 0.999891
1 1 23.000000 -0.000000 -0.000000 0.000818 0.000000 -0.000000 -0.063326 0.000000 0.000000 0.997883 0.000000 2500.000000 0.999891
1 0 12.000000 -0.000000 -0.000000 -0.250167 0.000000 -0.000000 0.354417 -0.000000 0.000000 0.900914 0.000000 1000.000000 0.999921
1 0 12.000000 0.746893 -0.658966 -0.000000 0.654432 0.752068 -0.000000 0.117095 0.000000 0.000000 25.000000 2000.000000 0.999921
1 0 18.000000 -0.000000 0.000000 -0.206076 -0.000000 -0.000000 -0.675218 -0.000000 0.000000 0.047734 0.000000 2500.000000 0.707577
1 0 14.000000 -0.284161 0.391559 0.445259 -0.262347 -0.424117 0.411078 0.428509 0.000000 0.546943 0.000000 2000.000000 0.999790
1 1 23.000000 0.000000 0.000000 0.070940 -0.000000 0.000000 -0.047953 -0.000000 0.000000 0.996218 0.000000 3200.000000 0.999891
1 0 16.000000 0.431153 -0.380396 -0.071898 0.377779 0.434141 -0.062997 0.067594 0.000000 0.810691 0.000000 1700.000000 0.999769
0 0 6.000000 0.000000 0.000000 0.000000 0.000000 0.000000 0.000000 0.000000 0.000000 0.000000 10.000000 1500.000000 0.000000
1 1 18.000000 0.775675 -0.246277 0.044980 0.245453 0.778279 0.014233 -0.066720 0.000000 0.575290 0.000000 2500.000000 0.999777
1 0 12.000000 0.775786 -0.246312 0.044986 0.245488 0.778390 0.014235 -0.066730 0.000000 0.575373 25.000000 2000.000000 0.999921
1 0 23.000000 0.000000 -0.000000 -0.130067 0.000000 0.000000 -0.207914 0.000000 0.000000 0.663802 0.000000 3200.000000 0.707657
1 0 12.000000 -0.000000 0.000000 -0.804858 -0.000000 -0.000000 -0.551008 -0.000000 0.000000 0.220079 0.000000 2000.000000 0.999921
1 0 14.000000 0.000000 0.000000 0.000000 0.000000 0.000000 0.000000 0.000000 0.000000 0.000000 26.000000 3500.000000 0.000000
1 0 18.000000 -0.068745 -0.583228 0.000000 -0.100075 0.400637 0.000000 -0.697083 0.000000 -0.000000 0.000000 2500.000000 0.707577
1 1 23.000000 -0.559512 -0.528758 -0.000000 0.348610 -0.848644 0.000000 -0.751798 0.000000 0.000000 0.000000 3200.000000 0.999891
1 0 12.000000 0.821930 0.393502 0.000000 -0.351847 0.919238 -0.000000 -0.447745 0.000000 0.000000 0.000000 2000.000000 0.999921
1 0 12.000000 0.255058 0.960099 -0.000000 -0.876522 0.279378 0.000000 0.408040 0.000000 0.000000 25.000000 2000.000000 0.999921
1 0 18.000000 0.000000 -0.000000 -0.375092 0.000000 0.000000 -0.520123 0.000000 0.000000 0.299071 0.000000 2000.000000 0.707577
1 0 18.000000 0.036656 0.575751 0.029364 -0.500965 0.042128 -0.401306 -0.284525 0.000000 0.710366 0.000000 3000.000000 0.999897
1 0 16.000000 -0.000000 0.000000 -0.804736 -0.000000 -0.000000 -0.550924 -0.000000 0.000000 0.220046 0.000000 1700.000000 0.999769
1 0 14.000000 0.000000 0.000000 0.000000 0.000000 0.000000 0.000000 0.000000 0.000000 0.000000 0.000000 3500.000000 0.000000
1 0 20.000000 0.000000 0.000000 0.000000 0.000000 0.000000 0.000000 0.000000 0.000000 0.000000 0.000000 3500.000000 0.000000
1 0 20.000000 -0.000000 -0.000000 -0.638058 0.000000 -0.000000 0.397549 -0.000000 0.000000 0.659207 0.000000 3500.000000 0.999858
1 0 12.000000 0.000000 0.000000 -0.114006 -0.000000 0.000000 0.391790 0.000000 0.000000 0.912877 25.000000 2000.000000 0.999921
1 0 12.000000 0.142727 -0.468245 -0.432796 0.197913 0.337679 -0.600139 0.523202 0.000000 0.345081 0.000000 2000.000000 0.999921
1 0 18.000000 -0.191696 0.324619 0.000000 0.098976 0.628719 -0.000000 -0.673885 0.000000 -0.000000 0.000000 2500.000000 0.707577
1 0 20.000000 0.000000 0.000000 0.398491 -0.000000 0.000000 -0.347753 -0.000000 0.000000 0.848522 0.000000 2500.000000 0.999858
1 0 16.000000 -0.767796 0.258953 -0.069971 -0.256828 -0.774146 -0.023405 -0.104343 0.000000 0.572482 0.000000 1700.000000 0.999769
1 0 12.000000 -0.000000 0.000000 -0.163664 -0.000000 -0.000000 -0.068019 -0.000000 0.000000 0.984088 0.000000 1000.000000 0.999921
1 0 16.000000 -0.185830 0.772458 0.132542 -0.543843 -0.263946 0.387895 0.579707 0.000000 0.406385 0.000000 1700.000000 0.999769
1 0 18.000000 0.522018 0.536801 0.230078 -0.455552 0.615121 -0.200783 -0.431855 0.000000 0.489913 0.000000 3000.000000 0.999897
1 0 12.000000 0.000000 -0.000000 -0.088070 0.000000 0.000000 -0.077168 0.000000 0.000000 0.993041 25.000000 2000.000000 0.999921
1 0 20.000000 0.521998 0.536780 0.230069 -0.455534 0.615098 -0.200775 -0.431839 0.000000 0.489895 0.000000 3500.000000 0.999858
1 0 18.000000 -0.741958 0.313321 -0.094489 -0.308360 -0.753896 -0.039270 -0.144709 0.000000 0.568150 0.000000 3000.000000 0.999897
1 0 14.000000 -0.000000 0.000000 -0.121195 -0.000000 -0.000000 -0.040540 -0.000000 0.000000 0.991589 0.000000 3500.000000 0.999790
1 1 18.000000 -0.097134 -0.824077 0.000000 -0.141402 0.566084 0.000000 -0.984949 0.000000 -0.000000 0.000000 2500.000000 0.999777
1 0 16.000000 0.000000 0.000000 0.000000 0.000000 0.000000 0.000000 0.000000 0.000000 0.000000 15.000000 2300.000000 0.000000
1 0 18.000000 -0.000000 0.000000 0.598782 0.000000 0.000000 -0.309162 -0.000000 0.000000 -0.215740 0.000000 2500.000000 0.707577
1 0 23.000000 0.000000 0.000000 0.000000 0.000000 0.000000 0.000000 0.000000 0.000000 0.000000 0.000000 3200.000000 0.000000
0 0 6.000000 0.000000 0.000000 0.000000 0.000000 0.000000 0.000000 0.000000 0.000000 0.000000 4.000000 1500.000000 0.000000
1 1 18.000000 0.000000 0.000000 -0.396571 0.000000 -0.000000 -0.478502 -0.000000 0.000000 -0.783149 0.000000 2500.000000 0.999777
1 0 23.000000 0.584125 0.396304 0.000000 -0.394848 0.586279 -0.000000 -0.060601 0.000000 0.000000 0.000000 3200.000000 0.707657
1 0 9.000000 -0.000000 0.000000 -0.121162 -0.000000 -0.000000 -0.040529 -0.000000 0.000000 0.991313 36.000000 1200.000000 0.999512
1 0 18.000000 0.000000 0.000000 0.000000 0.000000 0.000000 0.000000 0.000000 0.000000 0.000000 0.000000 2500.000000 0.000000
1 0 23.000000 -0.005269 -0.408532 0.000473 0.407712 -0.005280 -0.036594 0.025878 0.000000 0.576640 0.000000 2500.000000 0.707657
1 0 18.000000 0.000000 -0.000000 0.265817 0.000000 0.000000 0.379336 -0.000000 0.000000 0.534893 0.000000 2000.000000 0.707577
1 0 16.000000 0.000000 -0.000000 -0.183679 0.000000 0.000000 -0.880067 0.000000 0.000000 0.437358 0.000000 1000.000000 0.999769
1 0 12.000000 0.247210 -0.811024 -0.000000 0.342795 0.584878 -0.000000 0.906212 0.000000 0.000000 0.000000 1000.000000 0.999921
1 0 9.000000 -0.000000 0.000000 0.229511 -0.000000 -0.000000 0.671682 0.000000 0.000000 0.703700 16.000000 1200.000000 0.999512
1 0 9.000000 0.000000 0.000000 0.000000 0.000000 0.000000 0.000000 0.000000 0.000000 0.000000 16.000000 1200.000000 0.000000
1 0 8.000000 0.540169 0.000000 0.000000 0.000000 0.540169 0.000000 0.000000 0.000000 0.381957 40.000000 2500.000000 0.661569
1 1 23.000000 -0.000000 -0.000000 0.562195 0.000000 -0.000000 -0.645571 0.000000 0.000000 0.516678 0.000000 2500.000000 0.999891
1 1 23.000000 -0.128343 -0.527268 -0.278486 0.287899 -0.235051 0.624701 -0.483635 0.000000 0.445775 0.000000 2500.000000 0.999891
1 0 23.000000 0.000000 0.000000 0.050207 -0.000000 0.000000 -0.033938 -0.000000 0.000000 0.705058 0.000000 3200.000000 0.707657
1 1 23.000000 0.742642 -0.542563 0.000000 0.479744 0.839885 0.000000 -0.467022 0.000000 0.000000 0.000000 3200.000000 0.999891
1 1 23.000000 0.568635 0.373331 0.000000 -0.228863 0.927581 -0.000000 -0.789974 0.000000 0.000000 0.000000 3200.000000 0.999891
1 0 8.000000 0.815637 0.000000 0.000000 0.000000 0.815637 0.000000 0.000000 0.000000 0.576743 12.000000 2500.000000 0.998948
1 0 16.000000 0.816308 0.000000 0.000000 0.000000 0.816308 0.000000 0.000000 0.000000 0.577217 15.000000 2300.000000 0.999769
1 0 9.000000 -0.000000 0.000000 0.229511 -0.000000 -0.000000 0.671682 0.000000 0.000000 0.703700 0.000000 1200.000000 0.999512
1 0 16.000000 0.816308 0.000000 0.000000 0.000000 0.816308 0.000000 0.000000 0.000000 0.577217 0.000000 1000.000000 0.999769
1 0 18.000000 -0.000000 0.000000 -0.804839 -0.000000 -0.000000 -0.550995 -0.000000 0.000000 0.220074 0.000000 3000.000000 0.999897
1 1 18.000000 -0.233854 -0.761056 -0.127430 0.602825 -0.295236 0.328487 -0.498281 0.000000 0.457212 0.000000 2500.000000 0.999777
1 0 12.000000 -0.519529 -0.816913 -0.000000 0.736027 -0.576623 0.000000 -0.433815 0.000000 0.000000 0.000000 1000.000000 0.999921
1 0 9.000000 0.623534 0.780208 0.000000 -0.778702 0.624740 -0.000000 -0.062070 0.000000 0.000000 0.000000 1200.000000 0.999512
1 0 23.000000 0.525594 -0.383991 0.000000 0.339532 0.594416 0.000000 -0.330528 0.000000 0.000000 0.000000 3200.000000 0.707657
1 0 18.000000 -0.000000 -0.000000 0.157891 0.000000 -0.000000 -0.771974 0.000000 0.000000 0.615565 0.000000 1500.000000 0.999897
1 0 12.000000 0.000000 0.000000 0.000000 0.000000 0.000000 0.000000 0.000000 0.000000 0.000000 0.000000 2000.000000 0.000000
1 1 23.000000 0.000000 0.000000 0.027935 -0.000000 0.000000 -0.136023 -0.000000 0.000000 0.990202 0.000000 3200.000000 0.999891
1 0 9.000000 0.816098 0.000000 0.000000 0.000000 0.816098 0.000000 0.000000 0.000000 0.577069 0.000000 1200.000000 0.999512
1 0 9.000000 0.000000 0.000000 0.038797 -0.000000 0.000000 -0.048451 -0.000000 0.000000 0.997583 0.000000 1200.000000 0.999512
1 0 16.000000 0.072959 -0.799089 -0.106047 0.349569 0.166778 -0.508107 0.734055 0.000000 0.252509 0.000000 1700.000000 0.999769
1 0 18.000000 0.000000 0.000000 0.411607 -0.000000 0.000000 -0.176198 -0.000000 0.000000 0.894051 0.000000 3000.000000 0.999897
1 0 18.000000 0.816412 0.000000 0.000000 0.000000 0.816412 0.000000 0.000000 0.000000 0.577291 0.000000 1500.000000 0.999897
1 0 16.000000 0.000000 0.000000 0.038807 -0.000000 0.000000 -0.048464 -0.000000 0.000000 0.997839 0.000000 1000.000000 0.999769
1 1 23.000000 -0.434348 0.313379 0.304618 -0.280753 -0.484824 0.196898 0.256477 0.000000 0.731410 0.000000 2500.000000 0.999891
1 0 20.000000 0.000000 -0.000000 0.056166 0.000000 0.000000 0.654151 -0.000000 0.000000 0.754088 0.000000 3500.000000 0.999858
1 0 16.000000 -0.000000 -0.000000 -0.444563 0.000000 -0.000000 0.098110 -0.000000 0.000000 0.890099 0.000000 1700.000000 0.999769
1 1 18.000000 0.000000 -0.000000 0.375588 0.000000 0.000000 0.535987 -0.000000 0.000000 0.755782 0.000000 2000.000000 0.999777
1 1 23.000000 -0.000000 -0.000000 -0.638078 0.000000 -0.000000 0.397562 -0.000000 0.000000 0.659229 0.000000 3200.000000 0.999891
1 0 8.000000 0.815637 0.000000 0.000000 0.000000 0.815637 0.000000 0.000000 0.000000 0.576743 40.000000 2500.000000 0.998948
1 0 18.000000 -0.000000 -0.000000 -0.220741 0.000000 -0.000000 0.569024 -0.000000 0.000000 0.792009 15.000000 1500.000000 0.999897
1 1 18.000000 -0.100701 -0.799758 0.091147 0.492354 -0.163574 -0.445646 0.643286 0.000000 0.355354 0.000000 2500.000000 0.999777
1 0 12.000000 0.639354 0.657459 0.000000 -0.557948 0.753385 -0.000000 -0.528925 0.000000 0.000000 0.000000 1000.000000 0.999921
1 0 12.000000 0.369131 0.379584 0.325387 -0.322131 0.434967 -0.283957 -0.305375 0.000000 0.692859 0.000000 2000.000000 0.999921
1 0 12.000000 0.063491 0.997255 0.000000 -0.867718 0.072969 -0.000000 -0.492824 0.000000 0.000000 0.000000 2000.000000 0.999921
1 0 9.000000 0.000000 0.000000 0.038797 -0.000000 0.000000 -0.048451 -0.000000 0.000000 0.997583 16.000000 1200.000000 0.999512
1 0 12.000000 -0.492246 0.678288 0.000000 -0.454457 -0.734688 0.000000 0.742297 0.000000 0.000000 25.000000 2000.000000 0.999921
1 0 8.000000 0.815637 0.000000 0.000000 0.000000 0.815637 0.000000 0.000000 0.000000 0.576743 40.000000 1000.000000 0.998948
1 0 9.000000 0.089333 -0.978429 -0.000000 0.428023 0.204208 -0.000000 0.898800 0.000000 0.000000 0.000000 1200.000000 0.999512
1 0 14.000000 -0.000000 0.000000 0.545329 -0.000000 -0.000000 0.503465 0.000000 0.000000 0.669866 0.000000 2000.000000 0.999790
1 0 18.000000 -0.000000 -0.000000 0.269510 -0.000000 0.000000 0.103648 -0.000000 0.000000 -0.645978 0.000000 2500.000000 0.707577
1 0 18.000000 0.000000 0.000000 0.000000 0.000000 0.000000 0.000000 0.000000 0.000000 0.000000 15.000000 1500.000000 0.000000
1 0 12.000000 -0.869316 -0.215486 -0.000000 0.191848 -0.976426 0.000000 -0.455330 0.000000 0.000000 0.000000 2000.000000 0.999921
1 1 18.000000 -0.000000 0.000000 0.846055 0.000000 0.000000 -0.436833 -0.000000 0.000000 -0.304831 0.000000 2500.000000 0.999777
1 0 18.000000 -0.212255 -0.333752 -0.144542 0.300705 -0.235581 0.204775 -0.177236 0.000000 0.520530 0.000000 2000.000000 0.707577
1 0 8.000000 0.540169 0.000000 0.000000 0.000000 0.540169 0.000000 0.000000 0.000000 0.381957 12.000000 2500.000000 0.661569
1 0 12.000000 0.000000 -0.816432 0.000000 0.816432 0.000000 0.000000 0.000000 0.000000 0.577304 0.000000 1000.000000 0.999921
1 0 18.000000 0.000000 0.000000 -0.280667 0.000000 -0.000000 -0.338653 -0.000000 0.000000 -0.554262 0.000000 2500.000000 0.707577
1 0 9.000000 0.089333 -0.978429 -0.000000 0.428023 0.204208 -0.000000 0.898800 0.000000 0.000000 16.000000 1200.000000 0.999512
1 0 16.000000 0.000000 0.000000 0.038807 -0.000000 0.000000 -0.048464 -0.000000 0.000000 0.997839 15.000000 2300.000000 0.999769
1 0 14.000000 -0.000000 0.000000 -0.804753 -0.000000 -0.000000 -0.550936 -0.000000 0.000000 0.220050 0.000000 2000.000000 0.999790
1 0 8.000000 0.000000 0.000000 0.000000 0.000000 0.000000 0.000000 0.000000 0.000000 0.000000 40.000000 2500.000000 0.000000
1 1 23.000000 -0.007445 -0.577239 0.000668 0.576080 -0.007460 -0.051705 0.036564 0.000000 0.814768 0.000000 2500.000000 0.999891
1 0 16.000000 0.000000 0.000000 0.035958 -0.000000 0.000000 -0.491435 -0.000000 0.000000 0.869906 0.000000 1700.000000 0.999769
1 0 23.000000 -0.000000 -0.000000 -0.020999 0.000000 -0.000000 0.010264 -0.000000 0.000000 0.707271 0.000000 2500.000000 0.707657
1 0 18.000000 -0.284191 0.391600 0.445306 -0.262375 -0.424162 0.411121 0.428555 0.000000 0.547001 0.000000 3000.000000 0.999897
1 1 18.000000 -0.000000 0.000000 -0.380806 -0.000000 -0.000000 -0.146450 -0.000000 0.000000 0.912740 0.000000 2500.000000 0.999777
1 0 12.000000 -0.000000 0.000000 0.545400 -0.000000 -0.000000 0.503531 0.000000 0.000000 0.669953 25.000000 2000.000000 0.999921
0 0 6.000000 0.000000 0.000000 0.000000 0.000000 0.000000 0.000000 0.000000 0.000000 0.000000 0.000000 900.000000 0.000000
1 0 14.000000 0.000000 0.000000 0.035959 -0.000000 0.000000 -0.491446 -0.000000 0.000000 0.869925 0.000000 2000.000000 0.999790
1 0 23.000000 -0.307403 0.221789 0.215589 -0.198699 -0.343127 0.139352 0.181518 0.000000 0.517644 0.000000 2500.000000 0.707657
1 1 18.000000 -0.000000 -0.000000 -0.377196 0.000000 -0.000000 0.808981 -0.000000 0.000000 0.450363 0.000000 2500.000000 0.999777
1 0 20.000000 0.000000 0.000000 0.027934 -0.000000 0.000000 -0.136018 -0.000000 0.000000 0.990170 0.000000 3500.000000 0.999858
1 1 23.000000 0.392756 -0.302036 -0.418993 0.241125 0.491970 -0.257233 0.347652 0.000000 0.651765 0.000000 2500.000000 0.999891
1 0 18.000000 0.000000 0.000000 0.282003 -0.000000 0.000000 -0.246097 -0.000000 0.000000 0.600480 0.000000 2000.000000 0.707577
1 0 9.000000 -0.940113 0.317070 -0.000000 -0.314469 -0.947888 -0.000000 -0.127760 0.000000 0.000000 36.000000 1200.000000 0.999512
1 0 20.000000 0.354160 -0.668572 0.216864 0.505407 0.468497 0.309477 -0.534427 0.000000 0.436386 0.000000 3500.000000 0.999858
1 0 23.000000 0.000000 -0.000000 -0.363181 0.000000 0.000000 -0.222968 0.000000 0.000000 0.564946 0.000000 2500.000000 0.707657
1 0 14.000000 -0.233857 -0.761065 -0.127431 0.602833 -0.295240 0.328491 -0.498287 0.000000 0.457218 0.000000 2000.000000 0.999790
1 0 12.000000 0.000000 0.000000 -0.114006 -0.000000 0.000000 0.391790 0.000000 0.000000 0.912877 0.000000 2000.000000 0.999921
1 1 23.000000 -0.000000 -0.000000 -0.341074 0.000000 -0.000000 0.765100 -0.000000 0.000000 0.545960 0.000000 2500.000000 0.999891
1 0 12.000000 -0.233887 -0.761165 -0.127448 0.602912 -0.295278 0.328534 -0.498352 0.000000 0.457278 25.000000 2000.000000 0.999921
1 1 18.000000 -0.851912 -0.358870 0.000000 -0.327628 0.933149 0.000000 -0.407996 0.000000 -0.000000 0.000000 2500.000000 0.999777
1 0 8.000000 0.815637 0.000000 0.000000 0.000000 0.815637 0.000000 0.000000 0.000000 0.576743 0.000000 2500.000000 0.998948
1 0 14.000000 0.816325 0.000000 0.000000 0.000000 0.816325 0.000000 0.000000 0.000000 0.577229 26.000000 3500.000000 0.999790
1 1 23.000000 0.199203 0.979449 0.000000 -0.969957 0.201152 -0.000000 -0.138862 0.000000 0.000000 0.000000 3200.000000 0.999891
1 0 18.000000 0.354174 -0.668598 0.216872 0.505427 0.468514 0.309489 -0.534447 0.000000 0.436403 0.000000 3000.000000 0.999897
1 0 14.000000 0.000000 0.000000 0.411563 -0.000000 0.000000 -0.176179 -0.000000 0.000000 0.893956 0.000000 2000.000000 0.999790
1 0 14.000000 -0.181576 0.564786 -0.000000 -0.124307 -0.824983 -0.000000 -0.975274 0.000000 0.000000 0.000000 2000.000000 0.999790
1 1 18.000000 0.000000 0.000000 0.510244 -0.000000 0.000000 -0.638724 -0.000000 0.000000 0.575532 0.000000 2500.000000 0.999777
1 0 20.000000 0.000000 -0.000000 -0.404221 0.000000 0.000000 -0.840550 0.000000 0.000000 0.360276 0.000000 3500.000000 0.999858
1 0 23.000000 0.402442 0.264219 0.000000 -0.161974 0.656481 -0.000000 -0.559092 0.000000 0.000000 0.000000 3200.000000 0.707657
1 0 16.000000 0.089356 -0.978680 -0.000000 0.428133 0.204261 -0.000000 0.899030 0.000000 0.000000 15.000000 2300.000000 0.999769
1 0 18.000000 -0.501888 -0.124408 -0.363031 0.110761 -0.563726 0.080117 -0.262878 0.000000 0.726855 0.000000 3000.000000 0.999897
1 0 12.000000 0.000000 0.000000 0.000000 0.000000 0.000000 0.000000 0.000000 0.000000 0.000000 25.000000 2000.000000 0.000000
1 0 18.000000 0.000000 -0.000000 0.077917 0.000000 0.000000 0.024656 -0.000000 0.000000 0.996551 0.000000 1500.000000 0.999897
1 0 18.000000 0.000000 0.000000 0.000000 0.000000 0.000000 0.000000 0.000000 0.000000 0.000000 0.000000 2000.000000 0.000000
1 0 14.000000 0.623708 0.780425 0.000000 -0.778919 0.624914 -0.000000 -0.062087 0.000000 0.000000 26.000000 3500.000000 0.999790
1 0 18.000000 0.816412 0.000000 0.000000 0.000000 0.816412 0.000000 0.000000 0.000000 0.577291 15.000000 1500.000000 0.999897
1 0 18.000000 -0.424184 -0.666991 -0.144431 0.600949 -0.470800 0.204618 -0.354200 0.000000 0.520131 0.000000 3000.000000 0.999897
1 1 18.000000 -0.851912 0.358870 -0.000000 -0.327628 -0.933149 -0.000000 -0.407996 0.000000 0.000000 0.000000 2500.000000 0.999777
0 0 6.000000 0.000000 0.000000 0.000000 0.000000 0.000000 0.000000 0.000000 0.000000 0.000000 0.000000 1500.000000 0.000000
1 0 20.000000 0.000000 -0.000000 -0.183773 0.000000 0.000000 -0.293765 0.000000 0.000000 0.937895 0.000000 3500.000000 0.999858
1 0 14.000000 0.063483 0.997125 0.000000 -0.867605 0.072959 -0.000000 -0.492759 0.000000 0.000000 0.000000 2000.000000 0.999790
1 0 16.000000 -0.000000 0.000000 -0.121193 -0.000000 -0.000000 -0.040539 -0.000000 0.000000 0.991568 15.000000 2300.000000 0.999769
1 0 14.000000 0.775685 -0.246280 0.044981 0.245456 0.778289 0.014234 -0.066721 0.000000 0.575298 0.000000 2000.000000 0.999790
0 0 6.000000 0.000000 0.000000 0.000000 0.000000 0.000000 0.000000 0.000000 0.000000 0.000000 4.000000 900.000000 0.000000
1 0 8.000000 0.540169 0.000000 0.000000 0.000000 0.540169 0.000000 0.000000 0.000000 0.381957 12.000000 1000.000000 0.661569
1 0 12.000000 -0.000000 0.000000 -0.804858 -0.000000 -0.000000 -0.551008 -0.000000 0.000000 0.220079 25.000000 2000.000000 0.999921
1 1 23.000000 -0.000000 0.000000 -0.247916 -0.000000 -0.000000 -0.039907 -0.000000 0.000000 0.967847 0.000000 3200.000000 0.999891
1 0 18.000000 0.353680 0.544795 -0.000000 0.426751 -0.451512 -0.000000 -0.439840 0.000000 -0.000000 0.000000 2500.000000 0.707577
1 0 16.000000 0.000000 -0.000000 -0.088057 0.000000 0.000000 -0.077156 0.000000 0.000000 0.992890 0.000000 1700.000000 0.999769
1 0 12.000000 0.000000 0.000000 0.035964 -0.000000 0.000000 -0.491510 -0.000000 0.000000 0.870038 25.000000 2000.000000 0.999921
1 1 18.000000 0.000000 -0.000000 0.612668 0.000000 0.000000 0.362470 -0.000000 0.000000 0.702003 0.000000 2500.000000 0.999777
1 0 8.000000 0.815637 0.000000 0.000000 0.000000 0.815637 0.000000 0.000000 0.000000 0.576743 12.000000 1000.000000 0.998948
1 0 12.000000 -0.869316 -0.215486 -0.000000 0.191848 -0.976426 0.000000 -0.455330 0.000000 0.000000 25.000000 2000.000000 0.999921
1 0 18.000000 0.000000 0.000000 0.361117 -0.000000 0.000000 -0.452047 -0.000000 0.000000 0.407324 0.000000 2500.000000 0.707577
1 0 18.000000 0.177223 -0.334556 0.217039 0.252908 0.234437 0.309727 -0.267429 0.000000 0.436738 0.000000 2000.000000 0.707577
1 1 23.000000 0.000000 -0.000000 -0.183779 0.000000 0.000000 -0.293774 0.000000 0.000000 0.937925 0.000000 3200.000000 0.999891
1 0 14.000000 -0.227599 0.946084 0.000000 -0.666084 -0.323274 0.000000 0.710008 0.000000 0.000000 0.000000 3500.000000 0.999790
1 0 9.000000 0.623534 0.780208 0.000000 -0.778702 0.624740 -0.000000 -0.062070 0.000000 0.000000 36.000000 1200.000000 0.999512
1 0 23.000000 -0.000000 0.000000 -0.175459 -0.000000 -0.000000 -0.028243 -0.000000 0.000000 0.684979 0.000000 3200.000000 0.707657
1 1 18.000000 0.250409 -0.472714 0.306667 0.357348 0.331250 0.437631 -0.377866 0.000000 0.617093 0.000000 2000.000000 0.999777
1 0 8.000000 0.000000 0.000000 0.000000 0.000000 0.000000 0.000000 0.000000 0.000000 0.000000 12.000000 2500.000000 0.000000
0 0 6.000000 0.000000 0.000000 0.000000 0.000000 0.000000 0.000000 0.000000 0.000000 0.000000 10.000000 3000.000000 0.000000
1 0 12.000000 0.775786 -0.246312 0.044986 0.245488 0.778390 0.014235 -0.066730 0.000000 0.575373 0.000000 2000.000000 0.999921
1 0 8.000000 0.540169 0.000000 0.000000 0.000000 0.540169 0.000000 0.000000 0.000000 0.381957 40.000000 1000.000000 0.661569
1 0 9.000000 0.000000 -0.000000 -0.183632 0.000000 0.000000 -0.879841 0.000000 0.000000 0.437246 36.000000 1200.000000 0.999512
1 0 14.000000 0.147238 0.554241 -0.093074 -0.505994 0.161278 0.319853 0.235551 0.000000 0.745264 0.000000 2000.000000 0.999790
1 0 16.000000 0.474470 0.227154 0.336033 -0.203108 0.530641 -0.143847 -0.258466 0.000000 0.729896 0.000000 1700.000000 0.999769
1 0 8.000000 0.000000 0.000000 0.000000 0.000000 0.000000 0.000000 0.000000 0.000000 0.000000 0.000000 1000.000000 0.000000
1 0 8.000000 0.000000 0.000000 0.000000 0.000000 0.000000 0.000000 0.000000 0.000000 0.000000 12.000000 1000.000000 0.000000
1 1 23.000000 -0.518363 -0.253510 -0.024226 0.253372 -0.518646 0.011841 -0.019067 0.000000 0.815962 0.000000 2500.000000 0.999891
1 0 18.000000 0.000000 0.000000 0.035963 -0.000000 0.000000 -0.491498 -0.000000 0.000000 0.870017 0.000000 3000.000000 0.999897
1 0 18.000000 -0.013934 0.676760 -0.000000 -0.045655 -0.206546 -0.000000 -0.705965 0.000000 0.000000 0.000000 2500.000000 0.707577
1 1 23.000000 0.156145 -0.901108 -0.000000 0.324693 0.433343 -0.000000 0.932724 0.000000 0.000000 0.000000 3200.000000 0.999891
1 0 20.000000 0.000000 -0.000000 0.392275 0.000000 0.000000 0.253408 -0.000000 0.000000 0.884093 0.000000 3500.000000 0.999858
1 1 23.000000 0.000000 -0.000000 -0.404234 0.000000 0.000000 -0.840577 0.000000 0.000000 0.360288 0.000000 3200.000000 0.999891
1 1 23.000000 -0.100712 -0.799849 0.091158 0.492410 -0.163592 -0.445697 0.643359 0.000000 0.355395 0.000000 3200.000000 0.999891
1 0 16.000000 0.623694 0.780408 0.000000 -0.778902 0.624900 -0.000000 -0.062086 0.000000 0.000000 15.000000 2300.000000 0.999769
1 0 14.000000 0.036652 0.575690 0.029360 -0.500912 0.042123 -0.401264 -0.284495 0.000000 0.710290 0.000000 2000.000000 0.999790
1 0 23.000000 -0.676273 0.112463 -0.000000 -0.108859 -0.698664 -0.000000 -0.177717 0.000000 0.000000 0.000000 3200.000000 0.707657
##END
