##LIST_SIZE=390
##LISTDATA
0 0 6.000000 0.000000 0.000000 0.000000 0.000000 0.000000 0.000000 0.000000 0.000000 0.000000 0.000000 3000.000000 0.000000
1 1 25.000000 0.000000 0.000000 0.934165 -0.000000 0.000000 -0.173794 -0.000000 0.000000 0.311414 0.000000 3500.000000 0.999924
1 1 25.000000 -0.000000 0.000000 -0.204558 -0.000000 -0.000000 -0.687153 -0.000000 0.000000 0.697011 0.000000 3500.000000 0.999924
1 0 22.000000 -0.000000 0.000000 0.264011 -0.000000 -0.000000 0.170651 0.000000 0.000000 0.633909 0.000000 3000.000000 0.707577
1 0 22.000000 0.000000 0.000000 0.000000 0.000000 0.000000 0.000000 0.000000 0.000000 0.000000 0.000000 3000.000000 0.000000
1 0 22.000000 -0.138633 -0.308075 0.324835 0.159193 -0.268287 -0.373009 0.349752 0.000000 0.298535 10.000000 3000.000000 0.707577
1 0 12.000000 0.000000 -0.000000 0.055133 0.000000 0.000000 0.017446 -0.000000 0.000000 0.705142 0.000000 1200.000000 0.707509
1 1 20.000000 0.000000 -0.000000 0.392311 0.000000 0.000000 0.253432 -0.000000 0.000000 0.884175 0.000000 2000.000000 0.999951
1 0 12.000000 0.306930 -0.579412 0.000000 0.438007 0.406018 0.000000 -0.463156 0.000000 0.000000 30.000000 1200.000000 0.707509
1 1 17.000000 -0.100715 -0.799877 0.091161 0.492427 -0.163598 -0.445712 0.643381 0.000000 0.355407 6.000000 3000.000000 0.999925
0 0 6.000000 0.000000 0.000000 0.000000 0.000000 0.000000 0.000000 0.000000 0.000000 0.000000 0.000000 1500.000000 0.000000
1 1 20.000000 -0.000000 -0.000000 0.157899 0.000000 -0.000000 -0.772015 0.000000 0.000000 0.615598 12.000000 1900.000000 0.999951
1 1 25.000000 -0.000000 -0.000000 -0.444632 0.000000 -0.000000 0.098125 -0.000000 0.000000 0.890237 0.000000 3200.000000 0.999924
1 1 14.000000 -0.000000 0.000000 -0.121187 -0.000000 -0.000000 -0.040537 -0.000000 0.000000 0.991518 14.000000 1500.000000 0.999719
1 1 14.000000 0.816267 0.000000 0.000000 0.000000 0.816267 0.000000 0.000000 0.000000 0.577188 0.000000 2500.000000 0.999719
1 1 20.000000 0.433796 -0.818906 0.000000 0.619052 0.573842 0.000000 -0.654597 0.000000 0.000000 0.000000 1500.000000 0.999951
1 1 17.000000 0.250446 -0.472784 0.306712 0.357401 0.331299 0.437696 -0.377922 0.000000 0.617185 0.000000 2600.000000 0.999925
1 0 20.000000 -0.000000 0.000000 -0.175469 -0.000000 -0.000000 -0.028245 -0.000000 0.000000 0.685020 0.000000 2000.000000 0.707700
1 1 14.000000 0.000000 -0.000000 -0.073646 0.000000 0.000000 -0.063740 0.000000 0.000000 0.994963 0.000000 2500.000000 0.999719
1 0 17.000000 0.000000 -0.000000 0.265856 0.000000 0.000000 0.379393 -0.000000 0.000000 0.534972 0.000000 2600.000000 0.707682
1 0 10.000000 0.577188 0.000000 0.000000 0.000000 0.577188 0.000000 0.000000 0.000000 0.408133 0.000000 800.000000 0.706908
1 1 25.000000 0.000000 -0.000000 -0.073661 0.000000 0.000000 -0.063754 0.000000 0.000000 0.995167 0.000000 3500.000000 0.999924
1 0 20.000000 0.402466 0.264235 0.000000 -0.161984 0.656520 -0.000000 -0.559125 0.000000 0.000000 0.000000 2000.000000 0.707700
1 0 20.000000 -0.396009 -0.374242 -0.000000 0.246738 -0.600651 0.000000 -0.532105 0.000000 0.000000 0.000000 2000.000000 0.707700
1 0 23.000000 0.000000 0.000000 0.000000 0.000000 0.000000 0.000000 0.000000 0.000000 0.000000 0.000000 2500.000000 0.000000
1 0 20.000000 0.000000 0.000000 0.000000 0.000000 0.000000 0.000000 0.000000 0.000000 0.000000 12.000000 1900.000000 0.000000
1 0 12.000000 -0.087278 -0.693160 0.000000 0.426729 -0.141771 -0.000000 0.557543 0.000000 0.000000 0.000000 1200.000000 0.707509
1 1 22.000000 0.000000 -0.000000 -0.513101 0.000000 0.000000 -0.315009 0.000000 0.000000 0.798154 10.000000 3000.000000 0.999777
1 1 20.000000 0.000000 0.000000 0.732888 -0.000000 0.000000 -0.294971 -0.000000 0.000000 0.613000 0.000000 2000.000000 0.999951
1 0 20.000000 0.000000 0.000000 0.000000 0.000000 0.000000 0.000000 0.000000 0.000000 0.000000 0.000000 2000.000000 0.000000
1 1 17.000000 0.816436 0.000000 0.000000 0.000000 0.816436 0.000000 0.000000 0.000000 0.577307 0.000000 2600.000000 0.999925
1 1 12.000000 -0.000000 0.000000 0.229550 -0.000000 -0.000000 0.671795 0.000000 0.000000 0.703819 0.000000 500.000000 0.999681
1 0 22.000000 -0.090822 -0.373123 -0.197072 0.203733 -0.166335 0.442072 -0.342246 0.000000 0.315454 10.000000 3000.000000 0.707577
1 0 12.000000 0.452385 0.465195 0.000000 -0.394785 0.533069 -0.000000 -0.374249 0.000000 0.000000 12.000000 1200.000000 0.707509
0 0 6.000000 0.000000 0.000000 0.000000 0.000000 0.000000 0.000000 0.000000 0.000000 0.000000 4.000000 1500.000000 0.000000
1 0 17.000000 0.000000 0.000000 0.000000 0.000000 0.000000 0.000000 0.000000 0.000000 0.000000 0.000000 1000.000000 0.000000
1 0 10.000000 0.386513 0.000000 0.000000 0.000000 0.386513 0.000000 0.000000 0.000000 0.273306 0.000000 2000.000000 0.473380
1 0 22.000000 0.577734 0.000000 0.000000 0.000000 0.577734 0.000000 0.000000 0.000000 0.408520 0.000000 3000.000000 0.707577
1 1 17.000000 -0.299952 -0.471647 -0.204262 0.424947 -0.332915 0.289382 -0.250464 0.000000 0.735597 0.000000 2600.000000 0.999925
1 0 12.000000 0.000000 0.000000 0.000000 0.000000 0.000000 0.000000 0.000000 0.000000 0.000000 0.000000 3000.000000 0.000000
1 1 12.000000 -0.000000 -0.000000 0.157857 0.000000 -0.000000 -0.771808 0.000000 0.000000 0.615432 0.000000 1200.000000 0.999681
1 0 10.000000 0.000000 0.000000 0.000000 0.000000 0.000000 0.000000 0.000000 0.000000 0.000000 0.000000 3500.000000 0.000000
1 1 12.000000 -0.123321 -0.979406 0.000000 0.602950 -0.200317 -0.000000 0.787785 0.000000 0.000000 0.000000 1200.000000 0.999681
1 0 20.000000 -0.000000 -0.000000 0.111751 0.000000 -0.000000 -0.546382 0.000000 0.000000 0.435680 12.000000 1900.000000 0.707700
1 0 10.000000 0.000000 0.000000 0.000000 0.000000 0.000000 0.000000 0.000000 0.000000 0.000000 10.000000 800.000000 0.000000
1 1 17.000000 -0.908736 0.383749 -0.000000 -0.377673 -0.923356 -0.000000 -0.177237 0.000000 0.000000 0.000000 2600.000000 0.999925
1 0 20.000000 0.000000 0.000000 0.518690 -0.000000 0.000000 -0.208761 -0.000000 0.000000 0.433841 0.000000 2000.000000 0.707700
1 1 14.000000 0.000000 0.000000 0.387609 -0.000000 0.000000 -0.163312 -0.000000 0.000000 0.906933 0.000000 2500.000000 0.999719
1 0 22.000000 -0.000000 -0.000000 -0.020996 0.000000 -0.000000 0.010263 -0.000000 0.000000 0.707191 10.000000 3000.000000 0.707577
1 0 12.000000 -0.000000 0.000000 -0.115803 -0.000000 -0.000000 -0.048128 -0.000000 0.000000 0.696306 30.000000 1200.000000 0.707509
1 1 12.000000 0.000000 0.000000 0.038803 -0.000000 0.000000 -0.048459 -0.000000 0.000000 0.997752 0.000000 1200.000000 0.999681
1 0 17.000000 -0.000000 -0.000000 0.269549 -0.000000 0.000000 0.103663 -0.000000 0.000000 -0.646073 0.000000 1000.000000 0.707682
1 1 12.000000 0.949912 -0.301597 0.000000 0.300588 0.953101 0.000000 -0.081707 0.000000 0.000000 0.000000 1200.000000 0.999681
1 0 25.000000 0.000000 0.000000 -0.393906 -0.000000 0.000000 0.414740 0.000000 0.000000 0.416703 0.000000 3500.000000 0.707681
1 0 20.000000 0.000000 -0.000000 0.039754 0.000000 0.000000 0.463008 -0.000000 0.000000 0.533743 0.000000 2000.000000 0.707700
1 1 25.000000 0.775788 -0.246313 0.044987 0.245489 0.778393 0.014235 -0.066730 0.000000 0.575375 0.000000 3200.000000 0.999924
1 1 22.000000 -0.195883 -0.435298 0.458978 0.224933 -0.379079 -0.527046 0.494186 0.000000 0.421818 0.000000 3000.000000 0.999777
1 1 17.000000 0.775790 -0.246313 0.044987 0.245489 0.778394 0.014235 -0.066730 0.000000 0.575376 20.000000 3000.000000 0.999925
1 0 23.000000 0.000000 0.000000 0.282035 -0.000000 0.000000 -0.246125 -0.000000 0.000000 0.600548 0.000000 2500.000000 0.707657
1 0 17.000000 -0.000000 -0.000000 0.269549 -0.000000 0.000000 0.103663 -0.000000 0.000000 -0.646073 14.000000 1000.000000 0.707682
1 1 12.000000 0.000000 -0.000000 0.077900 0.000000 0.000000 0.024651 -0.000000 0.000000 0.996337 0.000000 1200.000000 0.999681
1 1 17.000000 -0.519532 -0.816917 -0.000000 0.736030 -0.576626 0.000000 -0.433817 0.000000 0.000000 0.000000 2600.000000 0.999925
1 0 17.000000 -0.000000 -0.000000 0.394754 -0.000000 0.000000 0.574663 -0.000000 0.000000 -0.121430 0.000000 1000.000000 0.707682
1 0 17.000000 0.177249 -0.334605 0.217071 0.252945 0.234472 0.309773 -0.267469 0.000000 0.436803 0.000000 2600.000000 0.707682
1 1 22.000000 -0.000000 -0.000000 0.562131 0.000000 -0.000000 -0.645497 0.000000 0.000000 0.516619 10.000000 3000.000000 0.999777
1 0 25.000000 0.000000 -0.000000 -0.052132 0.000000 0.000000 -0.045121 0.000000 0.000000 0.704314 0.000000 3500.000000 0.707681
1 1 25.000000 0.816434 0.000000 0.000000 0.000000 0.816434 0.000000 0.000000 0.000000 0.577306 0.000000 3500.000000 0.999924
1 1 12.000000 0.000000 0.000000 0.038803 -0.000000 0.000000 -0.048459 -0.000000 0.000000 0.997752 0.000000 3000.000000 0.999681
1 0 20.000000 0.000000 -0.000000 -0.286108 0.000000 0.000000 -0.594941 0.000000 0.000000 0.255003 0.000000 2000.000000 0.707700
1 0 12.000000 -0.000000 0.000000 -0.085765 -0.000000 -0.000000 -0.028688 -0.000000 0.000000 0.701705 0.000000 3000.000000 0.707509
1 1 14.000000 0.000000 0.000000 0.038805 -0.000000 0.000000 -0.048461 -0.000000 0.000000 0.997790 14.000000 1500.000000 0.999719
1 1 14.000000 0.000000 0.000000 -0.556458 -0.000000 0.000000 0.585890 0.000000 0.000000 0.588664 0.000000 2500.000000 0.999719
1 1 12.000000 0.816236 0.000000 0.000000 0.000000 0.816236 0.000000 0.000000 0.000000 0.577166 0.000000 3000.000000 0.999681
1 0 17.000000 -0.000000 0.000000 -0.206106 -0.000000 -0.000000 -0.675318 -0.000000 0.000000 0.047741 14.000000 1000.000000 0.707682
1 0 17.000000 -0.000000 -0.000000 0.394754 -0.000000 0.000000 0.574663 -0.000000 0.000000 -0.121430 14.000000 1000.000000 0.707682
1 0 22.000000 -0.000000 -0.000000 -0.241363 0.000000 -0.000000 0.541426 -0.000000 0.000000 0.386351 0.000000 3000.000000 0.707577
1 0 12.000000 0.000000 -0.000000 -0.375056 0.000000 0.000000 -0.520073 0.000000 0.000000 0.299043 12.000000 1200.000000 0.707509
1 1 22.000000 -0.000000 -0.000000 -0.341035 0.000000 -0.000000 0.765012 -0.000000 0.000000 0.545898 10.000000 3000.000000 0.999777
1 1 12.000000 -0.000000 0.000000 0.229550 -0.000000 -0.000000 0.671795 0.000000 0.000000 0.703819 0.000000 3000.000000 0.999681
1 1 20.000000 -0.767935 0.259000 -0.069983 -0.256875 -0.774287 -0.023409 -0.104362 0.000000 0.572586 0.000000 2000.000000 0.999951
1 0 20.000000 0.000000 0.000000 0.019772 -0.000000 0.000000 -0.096274 -0.000000 0.000000 0.700842 0.000000 2000.000000 0.707700
1 1 22.000000 -0.128328 -0.527208 -0.278454 0.287866 -0.235024 0.624630 -0.483580 0.000000 0.445724 10.000000 3000.000000 0.999777
1 1 20.000000 0.064515 -0.996285 0.000000 0.751393 0.085541 0.000000 -0.656618 0.000000 0.000000 0.000000 2000.000000 0.999951
1 0 10.000000 0.577188 0.000000 0.000000 0.000000 0.577188 0.000000 0.000000 0.000000 0.408133 10.000000 800.000000 0.706908
1 0 17.000000 0.000000 0.000000 0.000000 0.000000 0.000000 0.000000 0.000000 0.000000 0.000000 0.000000 2600.000000 0.000000
1 0 14.000000 0.532440 -0.463031 -0.000000 0.460828 0.534985 -0.000000 0.068932 0.000000 0.000000 0.000000 2500.000000 0.707536
1 1 12.000000 0.072952 -0.799019 -0.106038 0.349538 0.166764 -0.508062 0.733991 0.000000 0.252487 0.000000 1200.000000 0.999681
1 0 17.000000 0.000000 0.000000 0.000000 0.000000 0.000000 0.000000 0.000000 0.000000 0.000000 14.000000 1000.000000 0.000000
1 0 12.000000 0.000000 0.000000 0.000000 0.000000 0.000000 0.000000 0.000000 0.000000 0.000000 0.000000 500.000000 0.000000
1 1 22.000000 0.392711 -0.302001 -0.418945 0.241098 0.491914 -0.257203 0.347612 0.000000 0.651690 10.000000 3000.000000 0.999777
1 0 12.000000 0.000000 -0.000000 0.265791 0.000000 0.000000 0.379300 -0.000000 0.000000 0.534842 30.000000 1200.000000 0.707509
1 0 22.000000 0.277935 -0.213737 -0.296502 0.170633 0.348145 -0.182032 0.246017 0.000000 0.461224 0.000000 3000.000000 0.707577
1 0 12.000000 0.306930 -0.579412 0.000000 0.438007 0.406018 0.000000 -0.463156 0.000000 0.000000 12.000000 1200.000000 0.707509
1 0 12.000000 0.360378 0.450930 0.015855 -0.450059 0.361075 -0.019801 -0.035874 0.000000 0.407692 0.000000 1200.000000 0.707509
1 0 23.000000 -0.000000 0.000000 -0.115827 -0.000000 -0.000000 -0.048138 -0.000000 0.000000 0.696452 0.000000 2500.000000 0.707657
1 0 10.000000 0.386513 0.000000 0.000000 0.000000 0.386513 0.000000 0.000000 0.000000 0.273306 34.000000 800.000000 0.473380
1 0 10.000000 0.386513 0.000000 0.000000 0.000000 0.386513 0.000000 0.000000 0.000000 0.273306 0.000000 800.000000 0.473380
1 0 17.000000 0.101013 -0.331395 -0.306306 0.140070 0.238988 -0.424741 0.370290 0.000000 0.244227 0.000000 2600.000000 0.707682
1 1 12.000000 -0.000000 0.000000 -0.121182 -0.000000 -0.000000 -0.040536 -0.000000 0.000000 0.991481 0.000000 500.000000 0.999681
1 1 20.000000 0.742687 -0.542595 0.000000 0.479773 0.839935 0.000000 -0.467050 0.000000 0.000000 0.000000 2000.000000 0.999951
1 0 14.000000 0.577701 0.000000 0.000000 0.000000 0.577701 0.000000 0.000000 0.000000 0.408496 0.000000 2500.000000 0.707536
1 0 12.000000 -0.642987 0.271527 -0.000000 -0.267227 -0.653332 -0.000000 -0.125406 0.000000 0.000000 30.000000 1200.000000 0.707509
1 1 25.000000 0.000000 0.000000 0.387688 -0.000000 0.000000 -0.163345 -0.000000 0.000000 0.907118 0.000000 3500.000000 0.999924
1 0 14.000000 0.577701 0.000000 0.000000 0.000000 0.577701 0.000000 0.000000 0.000000 0.408496 14.000000 1500.000000 0.707536
1 0 12.000000 0.000000 0.000000 0.000000 0.000000 0.000000 0.000000 0.000000 0.000000 0.000000 30.000000 1200.000000 0.000000
1 0 12.000000 0.452385 0.465195 0.000000 -0.394785 0.533069 -0.000000 -0.374249 0.000000 0.000000 30.000000 1200.000000 0.707509
1 0 17.000000 0.307004 -0.579554 0.000000 0.438114 0.406117 0.000000 -0.463269 0.000000 0.000000 0.000000 2600.000000 0.707682
1 0 12.000000 0.000000 0.000000 0.281976 -0.000000 0.000000 -0.246073 -0.000000 0.000000 0.600422 30.000000 1200.000000 0.707509
1 0 12.000000 -0.000000 0.000000 0.162461 -0.000000 -0.000000 0.475453 0.000000 0.000000 0.498117 0.000000 1200.000000 0.707509
1 1 23.000000 0.000000 0.000000 0.398504 -0.000000 0.000000 -0.347764 -0.000000 0.000000 0.848550 0.000000 2500.000000 0.999891
1 1 14.000000 0.816267 0.000000 0.000000 0.000000 0.816267 0.000000 0.000000 0.000000 0.577188 14.000000 1500.000000 0.999719
1 0 10.000000 0.000000 0.000000 0.000000 0.000000 0.000000 0.000000 0.000000 0.000000 0.000000 34.000000 2000.000000 0.000000
1 0 17.000000 0.000000 0.000000 0.000000 0.000000 0.000000 0.000000 0.000000 0.000000 0.000000 6.000000 3000.000000 0.000000
1 1 22.000000 -0.000000 -0.000000 -0.341035 0.000000 -0.000000 0.765012 -0.000000 0.000000 0.545898 0.000000 3000.000000 0.999777
1 0 25.000000 0.000000 0.000000 0.661141 -0.000000 0.000000 -0.123000 -0.000000 0.000000 0.220398 0.000000 3500.000000 0.707681
1 1 14.000000 0.375442 -0.887371 0.000000 0.723550 0.460447 0.000000 -0.578755 0.000000 0.000000 0.000000 2500.000000 0.999719
1 0 20.000000 0.051645 -0.565646 -0.075067 0.247447 0.118056 -0.359670 0.519611 0.000000 0.178742 0.000000 2000.000000 0.707700
1 0 10.000000 0.000000 0.000000 0.000000 0.000000 0.000000 0.000000 0.000000 0.000000 0.000000 0.000000 800.000000 0.000000
1 0 14.000000 -0.000000 0.000000 0.162467 -0.000000 -0.000000 0.475471 0.000000 0.000000 0.498136 14.000000 1500.000000 0.707536
1 0 12.000000 -0.367601 -0.578019 -0.000000 0.520787 -0.407999 0.000000 -0.306952 0.000000 0.000000 12.000000 1200.000000 0.707509
1 0 17.000000 0.577820 0.000000 0.000000 0.000000 0.577820 0.000000 0.000000 0.000000 0.408580 0.000000 2600.000000 0.707682
1 1 12.000000 -0.286384 -0.932009 -0.000000 0.738236 -0.361554 0.000000 -0.610208 0.000000 0.000000 0.000000 1200.000000 0.999681
1 1 17.000000 0.142727 -0.468247 -0.432798 0.197914 0.337681 -0.600142 0.523204 0.000000 0.345083 0.000000 2600.000000 0.999925
1 0 12.000000 0.000000 0.000000 0.027462 -0.000000 0.000000 -0.034296 -0.000000 0.000000 0.706144 0.000000 3000.000000 0.707509
1 0 14.000000 0.000000 0.000000 0.001958 -0.000000 0.000000 -0.006003 -0.000000 0.000000 0.707508 0.000000 2500.000000 0.707536
1 1 20.000000 0.825394 0.559994 0.000000 -0.557937 0.828437 -0.000000 -0.085632 0.000000 0.000000 0.000000 2000.000000 0.999951
1 0 14.000000 0.000000 -0.000000 0.188654 0.000000 0.000000 0.363574 -0.000000 0.000000 0.576915 0.000000 2500.000000 0.707536
1 1 17.000000 0.639357 0.657462 0.000000 -0.557951 0.753388 -0.000000 -0.528927 0.000000 0.000000 0.000000 2600.000000 0.999925
1 0 12.000000 0.000000 -0.000000 0.265791 0.000000 0.000000 0.379300 -0.000000 0.000000 0.534842 12.000000 1200.000000 0.707509
1 0 12.000000 0.000000 -0.000000 -0.129985 0.000000 0.000000 -0.622799 0.000000 0.000000 0.309506 0.000000 500.000000 0.707509
1 1 23.000000 0.000000 -0.000000 -0.530049 0.000000 0.000000 -0.734996 0.000000 0.000000 0.422624 0.000000 2500.000000 0.999891
1 0 22.000000 -0.138633 -0.308075 0.324835 0.159193 -0.268287 -0.373009 0.349752 0.000000 0.298535 0.000000 3000.000000 0.707577
1 0 17.000000 -0.643144 0.271593 -0.000000 -0.267292 -0.653491 -0.000000 -0.125436 0.000000 0.000000 0.000000 2600.000000 0.707682
1 1 25.000000 0.000000 0.000000 0.411618 -0.000000 0.000000 -0.176203 -0.000000 0.000000 0.894075 0.000000 3200.000000 0.999924
1 0 20.000000 -0.000000 -0.000000 -0.156235 0.000000 -0.000000 0.402740 -0.000000 0.000000 0.560563 12.000000 1900.000000 0.707700
1 1 25.000000 -0.233888 -0.761167 -0.127448 0.602914 -0.295279 0.328535 -0.498354 0.000000 0.457279 0.000000 3200.000000 0.999924
1 1 20.000000 0.000000 -0.000000 0.056171 0.000000 0.000000 0.654211 -0.000000 0.000000 0.754157 0.000000 2000.000000 0.999951
1 1 20.000000 0.816456 0.000000 0.000000 0.000000 0.816456 0.000000 0.000000 0.000000 0.577322 12.000000 1900.000000 0.999951
1 1 14.000000 0.752316 -0.654244 -0.000000 0.651132 0.755912 -0.000000 0.097399 0.000000 0.000000 0.000000 2500.000000 0.999719
1 0 14.000000 -0.140717 0.678126 -0.000000 -0.472698 -0.201870 -0.000000 -0.507309 0.000000 0.000000 0.000000 2500.000000 0.707536
1 0 22.000000 -0.090822 -0.373123 -0.197072 0.203733 -0.166335 0.442072 -0.342246 0.000000 0.315454 0.000000 3000.000000 0.707577
1 0 17.000000 0.000000 -0.000000 -0.375147 0.000000 0.000000 -0.520200 0.000000 0.000000 0.299116 0.000000 2600.000000 0.707682
1 0 12.000000 0.000000 0.000000 0.281976 -0.000000 0.000000 -0.246073 -0.000000 0.000000 0.600422 12.000000 1200.000000 0.707509
1 0 20.000000 -0.543494 0.183303 -0.049530 -0.181799 -0.547990 -0.016568 -0.073860 0.000000 0.405239 0.000000 2000.000000 0.707700
1 0 12.000000 -0.000000 0.000000 -0.085765 -0.000000 -0.000000 -0.028688 -0.000000 0.000000 0.701705 0.000000 500.000000 0.707509
1 1 14.000000 0.000000 0.000000 0.002767 -0.000000 0.000000 -0.008483 -0.000000 0.000000 0.999679 0.000000 2500.000000 0.999719
1 0 12.000000 -0.000000 0.000000 -0.085765 -0.000000 -0.000000 -0.028688 -0.000000 0.000000 0.701705 0.000000 1200.000000 0.707509
0 0 6.000000 0.000000 0.000000 0.000000 0.000000 0.000000 0.000000 0.000000 0.000000 0.000000 0.000000 800.000000 0.000000
1 1 14.000000 0.000000 0.000000 0.933974 -0.000000 0.000000 -0.173758 -0.000000 0.000000 0.311350 0.000000 2500.000000 0.999719
1 1 12.000000 -0.185813 0.772390 0.132531 -0.543796 -0.263923 0.387861 0.579656 0.000000 0.406350 0.000000 1200.000000 0.999681
1 0 20.000000 0.000000 -0.000000 -0.130074 0.000000 0.000000 -0.207927 0.000000 0.000000 0.663842 0.000000 2000.000000 0.707700
1 1 14.000000 0.548453 -0.174134 0.063608 0.173551 0.550294 0.020128 -0.047175 0.000000 0.813536 0.000000 1000.000000 0.999719
1 0 17.000000 -0.367691 -0.578160 -0.000000 0.520914 -0.408098 0.000000 -0.307027 0.000000 0.000000 0.000000 2600.000000 0.707682
1 1 17.000000 0.000000 -0.000000 0.375644 0.000000 0.000000 0.536066 -0.000000 0.000000 0.755894 0.000000 2600.000000 0.999925
1 0 12.000000 0.000000 -0.000000 -0.129985 0.000000 0.000000 -0.622799 0.000000 0.000000 0.309506 0.000000 1200.000000 0.707509
1 1 20.000000 0.199215 0.979507 0.000000 -0.970015 0.201164 -0.000000 -0.138870 0.000000 0.000000 0.000000 2000.000000 0.999951
1 0 23.000000 0.000000 -0.000000 -0.375134 0.000000 0.000000 -0.520182 0.000000 0.000000 0.299105 0.000000 2500.000000 0.707657
1 0 10.000000 0.577188 0.000000 0.000000 0.000000 0.577188 0.000000 0.000000 0.000000 0.408133 34.000000 2000.000000 0.706908
1 0 22.000000 -0.000000 -0.000000 0.397840 0.000000 -0.000000 -0.456841 0.000000 0.000000 0.365629 10.000000 3000.000000 0.707577
1 1 22.000000 -0.128328 -0.527208 -0.278454 0.287866 -0.235024 0.624630 -0.483580 0.000000 0.445724 0.000000 3000.000000 0.999777
1 1 20.000000 0.000000 0.000000 0.027937 -0.000000 0.000000 -0.136031 -0.000000 0.000000 0.990261 0.000000 2000.000000 0.999951
1 1 14.000000 0.306098 0.182852 0.000000 -0.056947 0.982855 -0.000000 -0.950000 0.000000 0.000000 0.000000 2500.000000 0.999719
1 0 17.000000 0.000000 0.000000 0.282045 -0.000000 0.000000 -0.246133 -0.000000 0.000000 0.600569 0.000000 2600.000000 0.707682
1 0 10.000000 0.577188 0.000000 0.000000 0.000000 0.577188 0.000000 0.000000 0.000000 0.408133 34.000000 3500.000000 0.706908
1 1 20.000000 0.000000 -0.000000 0.077921 0.000000 0.000000 0.024657 -0.000000 0.000000 0.996605 12.000000 1900.000000 0.999951
1 0 12.000000 0.000000 0.000000 0.027462 -0.000000 0.000000 -0.034296 -0.000000 0.000000 0.706144 0.000000 1200.000000 0.707509
1 0 17.000000 -0.000000 -0.000000 -0.266994 0.000000 -0.000000 0.572629 -0.000000 0.000000 0.318785 14.000000 1000.000000 0.707682
0 0 6.000000 0.000000 0.000000 0.000000 0.000000 0.000000 0.000000 0.000000 0.000000 0.000000 10.000000 1500.000000 0.000000
1 1 14.000000 0.000000 0.000000 -0.345106 -0.000000 0.000000 0.035039 0.000000 0.000000 0.937610 0.000000 2500.000000 0.999719
1 0 22.000000 -0.005269 -0.408485 0.000473 0.407665 -0.005279 -0.036589 0.025875 0.000000 0.576574 10.000000 3000.000000 0.707577
1 0 14.000000 0.216636 0.129411 0.000000 -0.040303 0.695600 -0.000000 -0.672348 0.000000 0.000000 0.000000 2500.000000 0.707536
1 0 20.000000 0.140991 0.693231 0.000000 -0.686513 0.142371 -0.000000 -0.098283 0.000000 0.000000 0.000000 2000.000000 0.707700
1 0 23.000000 0.000000 -0.577800 0.000000 0.577800 0.000000 0.000000 0.000000 0.000000 0.408566 0.000000 2500.000000 0.707657
1 0 25.000000 0.000000 -0.577819 0.000000 0.577819 0.000000 0.000000 0.000000 0.000000 0.408580 0.000000 3500.000000 0.707681
1 1 23.000000 0.816408 0.000000 0.000000 0.000000 0.816408 0.000000 0.000000 0.000000 0.577287 0.000000 2500.000000 0.999891
1 0 22.000000 -0.307368 0.221764 0.215564 -0.198676 -0.343087 0.139336 0.181497 0.000000 0.517585 0.000000 3000.000000 0.707577
1 1 20.000000 -0.519545 -0.816938 -0.000000 0.736049 -0.576641 0.000000 -0.433828 0.000000 0.000000 0.000000 1500.000000 0.999951
1 1 17.000000 0.247211 -0.811027 -0.000000 0.342797 0.584880 -0.000000 0.906216 0.000000 0.000000 0.000000 2600.000000 0.999925
1 0 12.000000 0.577679 0.000000 0.000000 0.000000 0.577679 0.000000 0.000000 0.000000 0.408481 0.000000 3000.000000 0.707509
1 1 20.000000 -0.185863 0.772598 0.132567 -0.543942 -0.263994 0.387966 0.579812 0.000000 0.406459 0.000000 2000.000000 0.999951
1 1 20.000000 0.000000 -0.000000 -0.404258 0.000000 0.000000 -0.840627 0.000000 0.000000 0.360309 0.000000 2000.000000 0.999951
1 0 17.000000 -0.000000 0.000000 -0.704183 -0.000000 -0.000000 -0.056341 -0.000000 0.000000 0.042019 0.000000 1000.000000 0.707682
1 0 17.000000 0.000000 0.000000 0.361171 -0.000000 0.000000 -0.452114 -0.000000 0.000000 0.407384 14.000000 1000.000000 0.707682
1 1 22.000000 -0.000000 -0.000000 -0.029667 0.000000 -0.000000 0.014501 -0.000000 0.000000 0.999231 0.000000 3000.000000 0.999777
1 1 23.000000 0.000000 -0.000000 0.375631 0.000000 0.000000 0.536048 -0.000000 0.000000 0.755868 0.000000 2500.000000 0.999891
1 0 12.000000 0.000000 0.000000 0.027462 -0.000000 0.000000 -0.034296 -0.000000 0.000000 0.706144 0.000000 500.000000 0.707509
1 1 12.000000 0.509200 0.637145 0.022403 -0.635915 0.510184 -0.027978 -0.050689 0.000000 0.576052 0.000000 1200.000000 0.999681
1 1 22.000000 -0.518303 -0.253481 -0.024223 0.253343 -0.518586 0.011840 -0.019065 0.000000 0.815869 10.000000 3000.000000 0.999777
1 0 17.000000 0.000000 -0.000000 0.433671 0.000000 0.000000 0.256571 -0.000000 0.000000 0.496905 0.000000 1000.000000 0.707682
1 1 12.000000 0.000000 0.000000 0.038803 -0.000000 0.000000 -0.048459 -0.000000 0.000000 0.997752 0.000000 500.000000 0.999681
1 0 10.000000 0.386513 0.000000 0.000000 0.000000 0.386513 0.000000 0.000000 0.000000 0.273306 10.000000 2000.000000 0.473380
1 0 17.000000 0.000000 -0.000000 0.433671 0.000000 0.000000 0.256571 -0.000000 0.000000 0.496905 14.000000 1000.000000 0.707682
1 0 22.000000 -0.000000 -0.000000 0.000579 0.000000 -0.000000 -0.044813 0.000000 0.000000 0.706156 0.000000 3000.000000 0.707577
1 1 20.000000 0.639373 0.657479 0.000000 -0.557965 0.753407 -0.000000 -0.528941 0.000000 0.000000 0.000000 1500.000000 0.999951
1 0 12.000000 -0.642987 0.271527 -0.000000 -0.267227 -0.653332 -0.000000 -0.125406 0.000000 0.000000 12.000000 1200.000000 0.707509
1 0 14.000000 0.286908 0.513023 -0.000000 -0.302083 0.487252 0.000000 0.571871 0.000000 0.000000 0.000000 2500.000000 0.707536
1 1 14.000000 -0.000000 0.000000 -0.204516 -0.000000 -0.000000 -0.687012 -0.000000 0.000000 0.696869 0.000000 2500.000000 0.999719
1 0 22.000000 -0.000000 -0.000000 0.000579 0.000000 -0.000000 -0.044813 0.000000 0.000000 0.706156 10.000000 3000.000000 0.707577
1 1 25.000000 0.000000 -0.816434 0.000000 0.816434 0.000000 0.000000 0.000000 0.000000 0.577306 0.000000 3500.000000 0.999924
1 0 14.000000 0.000000 0.000000 0.274324 -0.000000 0.000000 -0.115581 -0.000000 0.000000 0.641868 0.000000 2500.000000 0.707536
1 0 20.000000 0.000000 0.000000 0.050210 -0.000000 0.000000 -0.033940 -0.000000 0.000000 0.705100 0.000000 2000.000000 0.707700
1 0 17.000000 0.261248 0.268646 0.230288 -0.227985 0.307843 -0.200967 -0.216125 0.000000 0.490362 0.000000 2600.000000 0.707682
1 0 22.000000 0.000000 0.000000 0.000000 0.000000 0.000000 0.000000 0.000000 0.000000 0.000000 10.000000 3000.000000 0.000000
1 0 10.000000 0.000000 0.000000 0.000000 0.000000 0.000000 0.000000 0.000000 0.000000 0.000000 34.000000 3500.000000 0.000000
1 0 10.000000 0.000000 0.000000 0.000000 0.000000 0.000000 0.000000 0.000000 0.000000 0.000000 0.000000 2000.000000 0.000000
1 1 12.000000 0.000000 -0.000000 -0.183663 0.000000 0.000000 -0.879990 0.000000 0.000000 0.437320 0.000000 1200.000000 0.999681
1 0 20.000000 0.525625 -0.384014 0.000000 0.339552 0.594451 0.000000 -0.330548 0.000000 0.000000 0.000000 2000.000000 0.707700
1 0 25.000000 0.000000 0.000000 0.000000 0.000000 0.000000 0.000000 0.000000 0.000000 0.000000 0.000000 3500.000000 0.000000
1 0 12.000000 -0.000000 0.000000 0.162461 -0.000000 -0.000000 0.475453 0.000000 0.000000 0.498117 0.000000 3000.000000 0.707509
1 0 22.000000 0.000000 -0.000000 -0.363139 0.000000 0.000000 -0.222943 0.000000 0.000000 0.564882 0.000000 3000.000000 0.707577
1 1 23.000000 -0.000000 0.000000 -0.163659 -0.000000 -0.000000 -0.068017 -0.000000 0.000000 0.984059 0.000000 2500.000000 0.999891
1 0 10.000000 0.386513 0.000000 0.000000 0.000000 0.386513 0.000000 0.000000 0.000000 0.273306 10.000000 3500.000000 0.473380
1 0 12.000000 -0.131507 0.546647 0.093797 -0.384863 -0.186788 0.274503 0.410243 0.000000 0.287588 0.000000 1200.000000 0.707509
1 1 23.000000 -0.000000 -0.000000 -0.250160 0.000000 -0.000000 0.354406 -0.000000 0.000000 0.900887 0.000000 2500.000000 0.999891
1 0 22.000000 -0.307368 0.221764 0.215564 -0.198676 -0.343087 0.139336 0.181497 0.000000 0.517585 10.000000 3000.000000 0.707577
1 1 17.000000 -0.000000 -0.000000 -0.250169 0.000000 -0.000000 0.354419 -0.000000 0.000000 0.900918 0.000000 2600.000000 0.999925
1 0 17.000000 -0.000000 0.000000 -0.704183 -0.000000 -0.000000 -0.056341 -0.000000 0.000000 0.042019 14.000000 1000.000000 0.707682
1 1 17.000000 0.000000 0.000000 0.398517 -0.000000 0.000000 -0.347776 -0.000000 0.000000 0.848579 0.000000 2600.000000 0.999925
1 1 12.000000 -0.000000 0.000000 -0.121182 -0.000000 -0.000000 -0.040536 -0.000000 0.000000 0.991481 0.000000 1200.000000 0.999681
1 0 10.000000 0.386513 0.000000 0.000000 0.000000 0.386513 0.000000 0.000000 0.000000 0.273306 34.000000 2000.000000 0.473380
1 1 25.000000 -0.000000 0.000000 0.545401 -0.000000 -0.000000 0.503532 0.000000 0.000000 0.669955 0.000000 3200.000000 0.999924
1 0 22.000000 -0.000000 -0.000000 -0.020996 0.000000 -0.000000 0.010263 -0.000000 0.000000 0.707191 0.000000 3000.000000 0.707577
1 1 20.000000 -0.559545 -0.528789 -0.000000 0.348631 -0.848695 0.000000 -0.751842 0.000000 0.000000 0.000000 2000.000000 0.999951
0 0 6.000000 0.000000 0.000000 0.000000 0.000000 0.000000 0.000000 0.000000 0.000000 0.000000 4.000000 3000.000000 0.000000
1 0 20.000000 -0.676314 0.112470 -0.000000 -0.108865 -0.698706 -0.000000 -0.177728 0.000000 0.000000 0.000000 2000.000000 0.707700
1 1 20.000000 0.072972 -0.799234 -0.106066 0.349632 0.166809 -0.508199 0.734189 0.000000 0.252555 0.000000 2000.000000 0.999951
1 0 17.000000 -0.212286 -0.333801 -0.144563 0.300750 -0.235616 0.204805 -0.177262 0.000000 0.520607 0.000000 2600.000000 0.707682
1 0 14.000000 0.000000 0.000000 0.027463 -0.000000 0.000000 -0.034298 -0.000000 0.000000 0.706170 14.000000 1500.000000 0.707536
1 1 22.000000 0.816314 0.000000 0.000000 0.000000 0.816314 0.000000 0.000000 0.000000 0.577221 10.000000 3000.000000 0.999777
1 0 22.000000 0.000000 -0.000000 -0.363139 0.000000 0.000000 -0.222943 0.000000 0.000000 0.564882 10.000000 3000.000000 0.707577
1 1 25.000000 0.000000 0.000000 -0.556572 -0.000000 0.000000 0.586010 0.000000 0.000000 0.588784 0.000000 3500.000000 0.999924
1 1 12.000000 0.000000 -0.000000 -0.183663 0.000000 0.000000 -0.879990 0.000000 0.000000 0.437320 0.000000 3000.000000 0.999681
1 1 17.000000 -0.233888 -0.761168 -0.127449 0.602915 -0.295280 0.328535 -0.498355 0.000000 0.457280 6.000000 3000.000000 0.999925
1 1 20.000000 -0.000000 -0.000000 -0.220753 0.000000 -0.000000 0.569055 -0.000000 0.000000 0.792052 12.000000 1900.000000 0.999951
1 0 12.000000 0.000000 -0.000000 -0.375056 0.000000 0.000000 -0.520073 0.000000 0.000000 0.299043 30.000000 1200.000000 0.707509
1 0 20.000000 -0.000000 -0.000000 -0.451617 0.000000 -0.000000 0.281385 -0.000000 0.000000 0.466587 0.000000 2000.000000 0.707700
1 0 12.000000 -0.000000 0.000000 0.162461 -0.000000 -0.000000 0.475453 0.000000 0.000000 0.498117 0.000000 500.000000 0.707509
1 1 22.000000 -0.000000 -0.000000 0.000818 0.000000 -0.000000 -0.063319 0.000000 0.000000 0.997769 0.000000 3000.000000 0.999777
1 0 17.000000 -0.000000 0.000000 0.598871 0.000000 0.000000 -0.309208 -0.000000 0.000000 -0.215772 14.000000 1000.000000 0.707682
1 0 12.000000 -0.202684 -0.659615 -0.000000 0.522475 -0.255884 0.000000 -0.431866 0.000000 0.000000 0.000000 1200.000000 0.707509
1 1 20.000000 0.000000 -0.000000 -0.183790 0.000000 0.000000 -0.293792 0.000000 0.000000 0.937981 0.000000 2000.000000 0.999951
1 0 14.000000 0.265713 -0.628023 0.000000 0.512081 0.325874 0.000000 -0.409605 0.000000 0.000000 0.000000 2500.000000 0.707536
1 0 12.000000 -0.000000 -0.000000 0.111721 0.000000 -0.000000 -0.546235 0.000000 0.000000 0.435563 0.000000 1200.000000 0.707509
1 0 23.000000 -0.000000 -0.000000 -0.177047 0.000000 -0.000000 0.250826 -0.000000 0.000000 0.637589 0.000000 2500.000000 0.707657
1 1 20.000000 -0.908759 0.383759 -0.000000 -0.377683 -0.923380 -0.000000 -0.177241 0.000000 0.000000 0.000000 1500.000000 0.999951
1 1 20.000000 0.568669 0.373353 0.000000 -0.228877 0.927636 -0.000000 -0.790021 0.000000 0.000000 0.000000 2000.000000 0.999951
1 0 22.000000 -0.000000 -0.000000 0.397840 0.000000 -0.000000 -0.456841 0.000000 0.000000 0.365629 0.000000 3000.000000 0.707577
1 0 17.000000 0.000000 0.000000 -0.280708 0.000000 -0.000000 -0.338703 -0.000000 0.000000 -0.554344 14.000000 1000.000000 0.707682
0 0 6.000000 0.000000 0.000000 0.000000 0.000000 0.000000 0.000000 0.000000 0.000000 0.000000 10.000000 800.000000 0.000000
1 0 20.000000 0.584160 0.396327 0.000000 -0.394871 0.586314 -0.000000 -0.060605 0.000000 0.000000 0.000000 2000.000000 0.707700
1 0 12.000000 -0.543348 0.183254 -0.049516 -0.181750 -0.547842 -0.016563 -0.073840 0.000000 0.405130 0.000000 1200.000000 0.707509
1 0 12.000000 0.000000 -0.000000 -0.129985 0.000000 0.000000 -0.622799 0.000000 0.000000 0.309506 0.000000 3000.000000 0.707509
1 0 12.000000 0.174917 -0.573852 -0.000000 0.242550 0.413839 -0.000000 0.641204 0.000000 0.000000 30.000000 1200.000000 0.707509
0 0 6.000000 0.000000 0.000000 0.000000 0.000000 0.000000 0.000000 0.000000 0.000000 0.000000 10.000000 3000.000000 0.000000
1 1 20.000000 0.509337 0.637317 0.022409 -0.636087 0.510322 -0.027986 -0.050702 0.000000 0.576207 0.000000 2000.000000 0.999951
1 1 14.000000 -0.198827 0.958165 -0.000000 -0.667903 -0.285235 -0.000000 -0.716807 0.000000 0.000000 0.000000 2500.000000 0.999719
1 0 12.000000 -0.367601 -0.578019 -0.000000 0.520787 -0.407999 0.000000 -0.306952 0.000000 0.000000 30.000000 1200.000000 0.707509
1 0 10.000000 0.000000 0.000000 0.000000 0.000000 0.000000 0.000000 0.000000 0.000000 0.000000 34.000000 800.000000 0.000000
1 0 23.000000 0.000000 -0.000000 0.265847 0.000000 0.000000 0.379380 -0.000000 0.000000 0.534954 0.000000 2500.000000 0.707657
1 1 14.000000 -0.071202 -0.565482 0.128894 0.348127 -0.115657 -0.630202 0.454845 0.000000 0.502517 0.000000 1000.000000 0.999719
1 1 17.000000 0.369133 0.379586 0.325388 -0.322133 0.434969 -0.283958 -0.305376 0.000000 0.692862 0.000000 2600.000000 0.999925
1 1 14.000000 0.835778 0.388166 0.000000 -0.352139 0.921285 -0.000000 -0.420608 0.000000 0.000000 0.000000 2500.000000 0.999719
1 0 17.000000 0.452495 0.465309 0.000000 -0.394881 0.533199 -0.000000 -0.374340 0.000000 0.000000 0.000000 2600.000000 0.707682
1 0 22.000000 -0.000000 0.000000 0.264011 -0.000000 -0.000000 0.170651 0.000000 0.000000 0.633909 10.000000 3000.000000 0.707577
1 0 20.000000 0.360475 0.451051 0.015860 -0.450181 0.361172 -0.019806 -0.035884 0.000000 0.407802 0.000000 2000.000000 0.707700
1 1 22.000000 -0.434298 0.313344 0.304583 -0.280721 -0.484768 0.196876 0.256448 0.000000 0.731326 0.000000 3000.000000 0.999777
1 1 25.000000 0.000000 0.000000 0.002768 -0.000000 0.000000 -0.008484 -0.000000 0.000000 0.999884 0.000000 3500.000000 0.999924
1 1 12.000000 0.816236 0.000000 0.000000 0.000000 0.816236 0.000000 0.000000 0.000000 0.577166 0.000000 500.000000 0.999681
1 1 25.000000 0.000000 -0.000000 0.266615 0.000000 0.000000 0.513820 -0.000000 0.000000 0.815324 0.000000 3500.000000 0.999924
1 0 14.000000 0.000000 -0.000000 -0.052122 0.000000 0.000000 -0.045111 0.000000 0.000000 0.704170 0.000000 2500.000000 0.707536
1 0 12.000000 0.051631 -0.565494 -0.075047 0.247380 0.118024 -0.359573 0.519471 0.000000 0.178694 0.000000 1200.000000 0.707509
1 0 23.000000 0.577800 0.000000 0.000000 0.000000 0.577800 0.000000 0.000000 0.000000 0.408566 0.000000 2500.000000 0.707657
1 0 10.000000 0.577188 0.000000 0.000000 0.000000 0.577188 0.000000 0.000000 0.000000 0.408133 34.000000 800.000000 0.706908
1 0 10.000000 0.000000 0.000000 0.000000 0.000000 0.000000 0.000000 0.000000 0.000000 0.000000 10.000000 3500.000000 0.000000
1 0 14.000000 0.000000 0.000000 0.661006 -0.000000 0.000000 -0.122975 -0.000000 0.000000 0.220353 0.000000 2500.000000 0.707536
1 0 12.000000 0.000000 0.000000 0.000000 0.000000 0.000000 0.000000 0.000000 0.000000 0.000000 12.000000 1200.000000 0.000000
1 1 20.000000 -0.000000 0.000000 -0.247930 -0.000000 -0.000000 -0.039909 -0.000000 0.000000 0.967904 0.000000 2000.000000 0.999951
1 0 22.000000 -0.000000 -0.000000 -0.241363 0.000000 -0.000000 0.541426 -0.000000 0.000000 0.386351 10.000000 3000.000000 0.707577
1 1 22.000000 -0.000000 -0.000000 0.562131 0.000000 -0.000000 -0.645497 0.000000 0.000000 0.516619 0.000000 3000.000000 0.999777
1 1 20.000000 0.156155 -0.901162 -0.000000 0.324713 0.433369 -0.000000 0.932780 0.000000 0.000000 0.000000 2000.000000 0.999951
1 1 14.000000 -0.165350 -0.538116 -0.180202 0.426237 -0.208751 0.464523 -0.352317 0.000000 0.646558 0.000000 1000.000000 0.999719
1 1 22.000000 -0.000000 0.000000 0.373037 -0.000000 -0.000000 0.241123 0.000000 0.000000 0.895688 10.000000 3000.000000 0.999777
1 0 14.000000 0.000000 -0.000000 -0.129990 0.000000 0.000000 -0.622823 0.000000 0.000000 0.309518 14.000000 1500.000000 0.707536
1 1 14.000000 0.405389 0.724881 -0.000000 -0.426831 0.688467 0.000000 0.808031 0.000000 0.000000 0.000000 2500.000000 0.999719
1 0 17.000000 -0.000000 0.000000 -0.269549 -0.000000 -0.000000 -0.103663 -0.000000 0.000000 0.646073 14.000000 1000.000000 0.707682
1 0 20.000000 0.000000 -0.000000 0.277652 0.000000 0.000000 0.179362 -0.000000 0.000000 0.625761 0.000000 2000.000000 0.707700
1 0 12.000000 -0.000000 -0.000000 -0.177010 0.000000 -0.000000 0.250773 -0.000000 0.000000 0.637456 30.000000 1200.000000 0.707509
1 1 14.000000 0.000000 -0.000000 -0.183670 0.000000 0.000000 -0.880023 0.000000 0.000000 0.437336 14.000000 1500.000000 0.999719
1 0 14.000000 0.591509 0.274719 0.000000 -0.249221 0.652025 -0.000000 -0.297679 0.000000 0.000000 0.000000 2500.000000 0.707536
1 0 14.000000 0.219418 0.672651 0.000000 -0.672624 0.219426 -0.000000 -0.006315 0.000000 0.000000 0.000000 2500.000000 0.707536
1 1 14.000000 0.000000 -0.000000 0.266561 0.000000 0.000000 0.513715 -0.000000 0.000000 0.815157 0.000000 2500.000000 0.999719
1 1 20.000000 -0.955603 0.158915 -0.000000 -0.153822 -0.987242 -0.000000 -0.251122 0.000000 0.000000 0.000000 2000.000000 0.999951
1 0 17.000000 0.000000 0.000000 -0.280708 0.000000 -0.000000 -0.338703 -0.000000 0.000000 -0.554344 0.000000 1000.000000 0.707682
1 0 12.000000 -0.000000 -0.000000 -0.156192 0.000000 -0.000000 0.402631 -0.000000 0.000000 0.560412 0.000000 1200.000000 0.707509
1 0 17.000000 -0.000000 0.000000 -0.115831 -0.000000 -0.000000 -0.048140 -0.000000 0.000000 0.696476 0.000000 2600.000000 0.707682
1 0 14.000000 0.000000 0.000000 0.000000 0.000000 0.000000 0.000000 0.000000 0.000000 0.000000 0.000000 1000.000000 0.000000
1 1 22.000000 -0.195883 -0.435298 0.458978 0.224933 -0.379079 -0.527046 0.494186 0.000000 0.421818 10.000000 3000.000000 0.999777
1 0 17.000000 0.174960 -0.573992 -0.000000 0.242609 0.413940 -0.000000 0.641361 0.000000 0.000000 0.000000 2600.000000 0.707682
1 0 12.000000 0.577679 0.000000 0.000000 0.000000 0.577679 0.000000 0.000000 0.000000 0.408481 0.000000 500.000000 0.707509
1 0 17.000000 0.000000 0.000000 0.000000 0.000000 0.000000 0.000000 0.000000 0.000000 0.000000 20.000000 3000.000000 0.000000
1 1 23.000000 0.000000 -0.816408 0.000000 0.816408 0.000000 0.000000 0.000000 0.000000 0.577287 0.000000 2500.000000 0.999891
1 1 12.000000 -0.000000 0.000000 -0.121182 -0.000000 -0.000000 -0.040536 -0.000000 0.000000 0.991481 0.000000 3000.000000 0.999681
1 1 20.000000 0.247217 -0.811048 -0.000000 0.342805 0.584895 -0.000000 0.906239 0.000000 0.000000 0.000000 1500.000000 0.999951
1 1 17.000000 -0.524659 0.221558 -0.133632 -0.218050 -0.533100 -0.055538 -0.102328 0.000000 0.803508 0.000000 2600.000000 0.999925
1 0 22.000000 0.277935 -0.213737 -0.296502 0.170633 0.348145 -0.182032 0.246017 0.000000 0.461224 10.000000 3000.000000 0.707577
1 0 20.000000 0.577834 0.000000 0.000000 0.000000 0.577834 0.000000 0.000000 0.000000 0.408591 12.000000 1900.000000 0.707700
1 0 10.000000 0.577188 0.000000 0.000000 0.000000 0.577188 0.000000 0.000000 0.000000 0.408133 10.000000 2000.000000 0.706908
1 0 25.000000 0.577819 0.000000 0.000000 0.000000 0.577819 0.000000 0.000000 0.000000 0.408580 0.000000 3500.000000 0.707681
1 0 20.000000 0.352070 -0.599972 -0.000000 0.562790 0.375330 -0.000000 0.245261 0.000000 0.000000 0.000000 2000.000000 0.707700
1 0 10.000000 0.577188 0.000000 0.000000 0.000000 0.577188 0.000000 0.000000 0.000000 0.408133 0.000000 3500.000000 0.706908
1 0 20.000000 0.000000 0.000000 0.000000 0.000000 0.000000 0.000000 0.000000 0.000000 0.000000 0.000000 1500.000000 0.000000
1 1 22.000000 -0.000000 -0.000000 -0.029667 0.000000 -0.000000 0.014501 -0.000000 0.000000 0.999231 10.000000 3000.000000 0.999777
1 0 17.000000 0.000000 -0.000000 -0.361171 -0.000000 -0.000000 0.452114 -0.000000 0.000000 -0.407384 0.000000 1000.000000 0.707682
1 0 10.000000 0.000000 0.000000 0.000000 0.000000 0.000000 0.000000 0.000000 0.000000 0.000000 10.000000 2000.000000 0.000000
1 0 12.000000 0.174917 -0.573852 -0.000000 0.242550 0.413839 -0.000000 0.641204 0.000000 0.000000 12.000000 1200.000000 0.707509
1 1 22.000000 -0.007444 -0.577173 0.000668 0.576014 -0.007459 -0.051699 0.036560 0.000000 0.814675 0.000000 3000.000000 0.999777
1 0 22.000000 -0.005269 -0.408485 0.000473 0.407665 -0.005279 -0.036589 0.025875 0.000000 0.576574 0.000000 3000.000000 0.707577
1 0 25.000000 0.000000 0.000000 0.001959 -0.000000 0.000000 -0.006005 -0.000000 0.000000 0.707653 0.000000 3500.000000 0.707681
1 1 17.000000 0.000000 -0.000000 -0.530068 0.000000 0.000000 -0.735021 0.000000 0.000000 0.422638 0.000000 2600.000000 0.999925
1 1 17.000000 -0.100715 -0.799877 0.091161 0.492427 -0.163598 -0.445712 0.643381 0.000000 0.355407 20.000000 3000.000000 0.999925
1 1 12.000000 -0.000000 -0.000000 -0.220693 0.000000 -0.000000 0.568901 -0.000000 0.000000 0.791839 0.000000 1200.000000 0.999681
1 0 25.000000 0.000000 -0.000000 0.188693 0.000000 0.000000 0.363648 -0.000000 0.000000 0.577033 0.000000 3500.000000 0.707681
1 0 14.000000 -0.000000 0.000000 -0.144743 -0.000000 -0.000000 -0.486222 -0.000000 0.000000 0.493198 0.000000 2500.000000 0.707536
1 1 22.000000 -0.518303 -0.253481 -0.024223 0.253343 -0.518586 0.011840 -0.019065 0.000000 0.815869 0.000000 3000.000000 0.999777
1 0 10.000000 0.386513 0.000000 0.000000 0.000000 0.386513 0.000000 0.000000 0.000000 0.273306 10.000000 800.000000 0.473380
1 0 10.000000 0.386513 0.000000 0.000000 0.000000 0.386513 0.000000 0.000000 0.000000 0.273306 34.000000 3500.000000 0.473380
1 0 12.000000 0.672286 -0.213451 0.000000 0.212737 0.674543 0.000000 -0.057827 0.000000 0.000000 0.000000 1200.000000 0.707509
1 1 17.000000 0.775790 -0.246313 0.044987 0.245489 0.778394 0.014235 -0.066730 0.000000 0.575376 6.000000 3000.000000 0.999925
1 1 25.000000 0.000000 0.000000 -0.114007 -0.000000 0.000000 0.391791 0.000000 0.000000 0.912880 0.000000 3200.000000 0.999924
1 0 20.000000 0.000000 -0.000000 0.055147 0.000000 0.000000 0.017451 -0.000000 0.000000 0.705332 12.000000 1900.000000 0.707700
1 1 12.000000 0.000000 -0.000000 -0.183663 0.000000 0.000000 -0.879990 0.000000 0.000000 0.437320 0.000000 500.000000 0.999681
1 1 22.000000 -0.000000 0.000000 0.373037 -0.000000 -0.000000 0.241123 0.000000 0.000000 0.895688 0.000000 3000.000000 0.999777
1 0 14.000000 0.660185 0.071469 -0.000000 -0.067029 0.703917 0.000000 0.245499 0.000000 0.000000 0.000000 2500.000000 0.707536
1 0 12.000000 0.000000 0.000000 0.000000 0.000000 0.000000 0.000000 0.000000 0.000000 0.000000 0.000000 1200.000000 0.000000
1 0 14.000000 -0.000000 0.000000 -0.085768 -0.000000 -0.000000 -0.028689 -0.000000 0.000000 0.701732 14.000000 1500.000000 0.707536
1 0 25.000000 0.000000 0.000000 0.000000 0.000000 0.000000 0.000000 0.000000 0.000000 0.000000 0.000000 3200.000000 0.000000
1 0 17.000000 -0.000000 0.000000 0.598871 0.000000 0.000000 -0.309208 -0.000000 0.000000 -0.215772 0.000000 1000.000000 0.707682
1 0 12.000000 -0.000000 0.000000 -0.115803 -0.000000 -0.000000 -0.048128 -0.000000 0.000000 0.696306 12.000000 1200.000000 0.707509
1 0 17.000000 -0.371319 0.156804 -0.094576 -0.154321 -0.377293 -0.039306 -0.072421 0.000000 0.568671 0.000000 2600.000000 0.707682
1 1 25.000000 0.000000 0.000000 -0.345176 -0.000000 0.000000 0.035046 0.000000 0.000000 0.937802 0.000000 3500.000000 0.999924
1 1 22.000000 -0.000000 -0.000000 0.000818 0.000000 -0.000000 -0.063319 0.000000 0.000000 0.997769 10.000000 3000.000000 0.999777
1 0 14.000000 0.000000 0.000000 0.000000 0.000000 0.000000 0.000000 0.000000 0.000000 0.000000 0.000000 2500.000000 0.000000
1 1 22.000000 0.000000 -0.000000 -0.513101 0.000000 0.000000 -0.315009 0.000000 0.000000 0.798154 0.000000 3000.000000 0.999777
1 1 22.000000 0.392711 -0.302001 -0.418945 0.241098 0.491914 -0.257203 0.347612 0.000000 0.651690 0.000000 3000.000000 0.999777
1 1 25.000000 -0.000000 0.000000 -0.804861 -0.000000 -0.000000 -0.551010 -0.000000 0.000000 0.220080 0.000000 3200.000000 0.999924
1 0 20.000000 0.110516 -0.637783 -0.000000 0.229810 0.306710 -0.000000 0.660161 0.000000 0.000000 0.000000 2000.000000 0.707700
1 1 22.000000 -0.007444 -0.577173 0.000668 0.576014 -0.007459 -0.051699 0.036560 0.000000 0.814675 10.000000 3000.000000 0.999777
1 0 22.000000 -0.366821 -0.179397 -0.017144 0.179299 -0.367022 0.008380 -0.013493 0.000000 0.577419 0.000000 3000.000000 0.707577
0 0 6.000000 0.000000 0.000000 0.000000 0.000000 0.000000 0.000000 0.000000 0.000000 0.000000 4.000000 800.000000 0.000000
1 1 20.000000 0.497460 -0.847736 -0.000000 0.795200 0.530326 -0.000000 0.346543 0.000000 0.000000 0.000000 2000.000000 0.999951
1 0 20.000000 -0.131542 0.546794 0.093822 -0.384967 -0.186838 0.274577 0.410353 0.000000 0.287665 0.000000 2000.000000 0.707700
1 0 14.000000 0.000000 0.000000 -0.244243 -0.000000 0.000000 0.024798 0.000000 0.000000 0.663579 0.000000 2500.000000 0.707536
1 0 12.000000 -0.000000 -0.000000 -0.177010 0.000000 -0.000000 0.250773 -0.000000 0.000000 0.637456 12.000000 1200.000000 0.707509
1 0 12.000000 0.000000 0.000000 0.000000 0.000000 0.000000 0.000000 0.000000 0.000000 0.000000 0.000000 1200.000000 0.000000
1 0 25.000000 -0.000000 0.000000 -0.144772 -0.000000 -0.000000 -0.486322 -0.000000 0.000000 0.493299 0.000000 3500.000000 0.707681
1 1 17.000000 0.433785 -0.818885 0.000000 0.619036 0.573827 0.000000 -0.654580 0.000000 0.000000 0.000000 2600.000000 0.999925
1 0 10.000000 0.577188 0.000000 0.000000 0.000000 0.577188 0.000000 0.000000 0.000000 0.408133 0.000000 2000.000000 0.706908
1 1 14.000000 0.310028 0.950428 0.000000 -0.950390 0.310040 -0.000000 -0.008923 0.000000 0.000000 0.000000 2500.000000 0.999719
1 1 22.000000 -0.434298 0.313344 0.304583 -0.280721 -0.484768 0.196876 0.256448 0.000000 0.731326 10.000000 3000.000000 0.999777
1 1 17.000000 -0.000000 0.000000 -0.163665 -0.000000 -0.000000 -0.068019 -0.000000 0.000000 0.984092 0.000000 2600.000000 0.999925
1 0 25.000000 0.000000 0.000000 0.274380 -0.000000 0.000000 -0.115605 -0.000000 0.000000 0.641999 0.000000 3500.000000 0.707681
1 1 17.000000 -0.233888 -0.761168 -0.127449 0.602915 -0.295280 0.328535 -0.498355 0.000000 0.457280 20.000000 3000.000000 0.999925
1 1 12.000000 -0.767728 0.258930 -0.069964 -0.256806 -0.774078 -0.023403 -0.104333 0.000000 0.572432 0.000000 1200.000000 0.999681
1 0 17.000000 -0.000000 0.000000 -0.206106 -0.000000 -0.000000 -0.675318 -0.000000 0.000000 0.047741 0.000000 1000.000000 0.707682
1 1 22.000000 0.816314 0.000000 0.000000 0.000000 0.816314 0.000000 0.000000 0.000000 0.577221 0.000000 3000.000000 0.999777
1 0 17.000000 -0.000000 0.000000 -0.269549 -0.000000 -0.000000 -0.103663 -0.000000 0.000000 0.646073 0.000000 1000.000000 0.707682
1 1 12.000000 -0.000000 0.000000 0.229550 -0.000000 -0.000000 0.671795 0.000000 0.000000 0.703819 0.000000 1200.000000 0.999681
1 0 12.000000 0.577679 0.000000 0.000000 0.000000 0.577679 0.000000 0.000000 0.000000 0.408481 30.000000 1200.000000 0.707509
1 1 25.000000 -0.100715 -0.799876 0.091161 0.492426 -0.163598 -0.445711 0.643380 0.000000 0.355406 0.000000 3200.000000 0.999924
1 1 14.000000 0.932814 0.100983 -0.000000 -0.094709 0.994606 0.000000 0.346880 0.000000 0.000000 0.000000 2500.000000 0.999719
1 0 17.000000 0.000000 0.000000 0.361171 -0.000000 0.000000 -0.452114 -0.000000 0.000000 0.407384 0.000000 1000.000000 0.707682
1 0 10.000000 0.386513 0.000000 0.000000 0.000000 0.386513 0.000000 0.000000 0.000000 0.273306 0.000000 3500.000000 0.473380
1 0 20.000000 0.045659 -0.705105 0.000000 0.531787 0.060541 0.000000 -0.464712 0.000000 0.000000 0.000000 2000.000000 0.707700
1 1 12.000000 0.816236 0.000000 0.000000 0.000000 0.816236 0.000000 0.000000 0.000000 0.577166 0.000000 1200.000000 0.999681
1 1 20.000000 -0.000000 -0.000000 -0.638116 0.000000 -0.000000 0.397586 -0.000000 0.000000 0.659268 0.000000 2000.000000 0.999951
1 0 14.000000 0.000000 0.000000 0.000000 0.000000 0.000000 0.000000 0.000000 0.000000 0.000000 14.000000 1500.000000 0.000000
1 0 22.000000 0.577734 0.000000 0.000000 0.000000 0.577734 0.000000 0.000000 0.000000 0.408520 10.000000 3000.000000 0.707577
1 1 25.000000 0.000000 0.000000 0.035964 -0.000000 0.000000 -0.491511 -0.000000 0.000000 0.870041 0.000000 3200.000000 0.999924
1 0 17.000000 -0.000000 -0.000000 -0.177053 0.000000 -0.000000 0.250834 -0.000000 0.000000 0.637611 0.000000 2600.000000 0.707682
1 0 22.000000 -0.366821 -0.179397 -0.017144 0.179299 -0.367022 0.008380 -0.013493 0.000000 0.577419 10.000000 3000.000000 0.707577
1 0 17.000000 0.000000 -0.000000 -0.361171 -0.000000 -0.000000 0.452114 -0.000000 0.000000 -0.407384 14.000000 1000.000000 0.707682
1 0 25.000000 0.000000 0.000000 -0.244293 -0.000000 0.000000 0.024803 0.000000 0.000000 0.663715 0.000000 3500.000000 0.707681
1 0 12.000000 0.577679 0.000000 0.000000 0.000000 0.577679 0.000000 0.000000 0.000000 0.408481 0.000000 1200.000000 0.707509
1 1 20.000000 0.000000 0.000000 0.070944 -0.000000 0.000000 -0.047956 -0.000000 0.000000 0.996277 0.000000 2000.000000 0.999951
1 1 14.000000 -0.000000 0.000000 0.229559 -0.000000 -0.000000 0.671820 0.000000 0.000000 0.703845 14.000000 1500.000000 0.999719
1 0 10.000000 0.577188 0.000000 0.000000 0.000000 0.577188 0.000000 0.000000 0.000000 0.408133 10.000000 3500.000000 0.706908
1 0 14.000000 0.000000 0.000000 -0.393825 -0.000000 0.000000 0.414655 0.000000 0.000000 0.416618 0.000000 2500.000000 0.707536
1 0 12.000000 0.577679 0.000000 0.000000 0.000000 0.577679 0.000000 0.000000 0.000000 0.408481 12.000000 1200.000000 0.707509
1 0 17.000000 -0.000000 -0.000000 -0.266994 0.000000 -0.000000 0.572629 -0.000000 0.000000 0.318785 0.000000 1000.000000 0.707682
1 1 25.000000 0.000000 -0.000000 -0.088070 0.000000 0.000000 -0.077168 0.000000 0.000000 0.993044 0.000000 3200.000000 0.999924
##END
