##LIST_SIZE=389
##LISTDATA
0 0 6.000000 0.000000 0.000000 0.000000 0.000000 0.000000 0.000000 0.000000 0.000000 0.000000 0.000000 3000.000000 0.000000
1 1 18.000000 -0.190316 -0.906122 -0.000000 0.408175 -0.422489 0.000000 -0.892596 0.000000 0.000000 0.000000 2500.000000 0.999777
1 0 12.000000 -0.542996 0.183135 -0.098968 -0.181633 -0.547487 -0.033105 -0.073793 0.000000 0.809735 0.000000 2000.000000 0.999921
1 0 9.000000 0.000000 -0.000000 -0.183632 0.000000 0.000000 -0.879841 0.000000 0.000000 0.437246 0.000000 1200.000000 0.999512
1 0 19.000000 -0.741934 0.313311 -0.094486 -0.308350 -0.753870 -0.039269 -0.144704 0.000000 0.568131 0.000000 3500.000000 0.999863
1 1 21.000000 0.064502 -0.996084 0.000000 0.751242 0.085524 0.000000 -0.656486 0.000000 0.000000 0.000000 3200.000000 0.999749
1 0 16.000000 0.000000 0.000000 -0.113989 -0.000000 0.000000 0.391730 0.000000 0.000000 0.912738 0.000000 1700.000000 0.999769
1 1 18.000000 0.250409 -0.472714 0.306667 0.357348 0.331250 0.437631 -0.377866 0.000000 0.617093 0.000000 2000.000000 0.999777
1 1 21.000000 -0.128324 -0.527193 -0.278447 0.287858 -0.235018 0.624613 -0.483567 0.000000 0.445711 0.000000 2500.000000 0.999749
1 0 21.000000 0.577718 0.000000 0.000000 0.000000 0.577718 0.000000 0.000000 0.000000 0.408508 0.000000 2500.000000 0.707557
1 0 16.000000 -0.104831 0.326072 -0.657064 -0.071767 -0.476294 -0.449828 -0.563062 0.000000 0.179666 0.000000 1700.000000 0.999769
1 0 8.000000 0.000000 0.000000 0.000000 0.000000 0.000000 0.000000 0.000000 0.000000 0.000000 40.000000 2500.000000 0.000000
1 0 12.000000 -0.100715 -0.799873 0.091161 0.492425 -0.163597 -0.445710 0.643378 0.000000 0.355405 0.000000 2000.000000 0.999921
1 0 16.000000 -0.000000 0.000000 0.229570 -0.000000 -0.000000 0.671854 0.000000 0.000000 0.703880 15.000000 2300.000000 0.999769
1 0 14.000000 0.089358 -0.978701 -0.000000 0.428142 0.204265 -0.000000 0.899050 0.000000 0.000000 26.000000 3500.000000 0.999790
1 1 21.000000 0.199175 0.979310 0.000000 -0.969820 0.201124 -0.000000 -0.138842 0.000000 0.000000 0.000000 3200.000000 0.999749
1 0 19.000000 0.354162 -0.668575 0.216865 0.505410 0.468499 0.309479 -0.534429 0.000000 0.436388 0.000000 3500.000000 0.999863
1 0 16.000000 0.000000 -0.816308 0.000000 0.816308 0.000000 0.000000 0.000000 0.000000 0.577217 15.000000 2300.000000 0.999769
1 0 17.000000 0.036656 0.575754 0.029364 -0.500968 0.042128 -0.401308 -0.284526 0.000000 0.710369 0.000000 3000.000000 0.999901
1 1 21.000000 0.742537 -0.542486 0.000000 0.479676 0.839766 0.000000 -0.466956 0.000000 0.000000 0.000000 3200.000000 0.999749
1 1 21.000000 -0.195878 -0.435286 0.458965 0.224927 -0.379068 -0.527032 0.494172 0.000000 0.421806 0.000000 2500.000000 0.999749
1 0 18.000000 0.427601 -0.360289 0.000000 0.252980 0.608981 0.000000 -0.503809 0.000000 0.000000 0.000000 2500.000000 0.707577
1 0 21.000000 -0.165502 -0.538610 -0.090184 0.426628 -0.208943 0.232475 -0.352641 0.000000 0.323576 0.000000 3200.000000 0.707557
1 1 21.000000 0.156123 -0.900980 -0.000000 0.324647 0.433282 -0.000000 0.932592 0.000000 0.000000 0.000000 3200.000000 0.999749
1 0 17.000000 0.147255 0.554302 -0.093084 -0.506050 0.161296 0.319889 0.235577 0.000000 0.745347 0.000000 3000.000000 0.999901
1 0 14.000000 0.063483 0.997125 0.000000 -0.867605 0.072959 -0.000000 -0.492759 0.000000 0.000000 0.000000 2000.000000 0.999790
1 0 9.000000 -0.000000 0.000000 -0.121162 -0.000000 -0.000000 -0.040529 -0.000000 0.000000 0.991313 16.000000 1200.000000 0.999512
1 0 8.000000 0.540169 0.000000 0.000000 0.000000 0.540169 0.000000 0.000000 0.000000 0.381957 0.000000 1000.000000 0.661569
1 1 21.000000 0.000000 0.000000 0.070930 -0.000000 0.000000 -0.047946 -0.000000 0.000000 0.996077 0.000000 3200.000000 0.999749
1 0 19.000000 0.000000 -0.000000 -0.530035 0.000000 0.000000 -0.734975 0.000000 0.000000 0.422612 0.000000 2500.000000 0.999863
1 0 17.000000 0.201842 -0.662185 -0.306027 0.279886 0.477541 -0.424354 0.739905 0.000000 0.244004 0.000000 3000.000000 0.999901
1 0 16.000000 0.821805 0.393442 0.000000 -0.351794 0.919098 -0.000000 -0.447677 0.000000 0.000000 0.000000 1700.000000 0.999769
1 0 19.000000 0.816385 0.000000 0.000000 0.000000 0.816385 0.000000 0.000000 0.000000 0.577271 0.000000 2500.000000 0.999863
1 0 18.000000 -0.000000 0.000000 -0.206076 -0.000000 -0.000000 -0.675218 -0.000000 0.000000 0.047734 0.000000 2500.000000 0.707577
1 0 9.000000 0.000000 0.000000 0.000000 0.000000 0.000000 0.000000 0.000000 0.000000 0.000000 36.000000 1200.000000 0.000000
1 0 12.000000 -0.000000 -0.000000 0.562212 0.000000 -0.000000 -0.645590 0.000000 0.000000 0.516694 25.000000 2000.000000 0.999921
1 0 21.000000 -0.395930 -0.374167 -0.000000 0.246689 -0.600530 0.000000 -0.531998 0.000000 0.000000 0.000000 3200.000000 0.707557
1 0 14.000000 0.000000 0.000000 0.038807 -0.000000 0.000000 -0.048465 -0.000000 0.000000 0.997861 0.000000 3500.000000 0.999790
0 0 6.000000 0.000000 0.000000 0.000000 0.000000 0.000000 0.000000 0.000000 0.000000 0.000000 10.000000 3000.000000 0.000000
1 1 21.000000 0.775653 -0.246270 0.044979 0.245446 0.778257 0.014233 -0.066718 0.000000 0.575274 0.000000 3200.000000 0.999749
1 1 21.000000 0.568554 0.373278 0.000000 -0.228831 0.927449 -0.000000 -0.789862 0.000000 0.000000 0.000000 3200.000000 0.999749
1 1 21.000000 -0.000000 -0.000000 -0.637988 0.000000 -0.000000 0.397506 -0.000000 0.000000 0.659135 0.000000 3200.000000 0.999749
1 0 8.000000 0.815637 0.000000 0.000000 0.000000 0.815637 0.000000 0.000000 0.000000 0.576743 40.000000 1000.000000 0.998948
1 0 17.000000 -0.424186 -0.666994 -0.144431 0.600952 -0.470802 0.204619 -0.354201 0.000000 0.520133 0.000000 3000.000000 0.999901
1 0 14.000000 -0.000000 0.000000 -0.804753 -0.000000 -0.000000 -0.550936 -0.000000 0.000000 0.220050 0.000000 2000.000000 0.999790
1 0 19.000000 0.000000 -0.000000 0.375621 0.000000 0.000000 0.536033 -0.000000 0.000000 0.755847 0.000000 2500.000000 0.999863
1 0 14.000000 -0.492181 0.678200 0.000000 -0.454398 -0.734592 0.000000 0.742200 0.000000 0.000000 0.000000 2000.000000 0.999790
1 1 18.000000 -0.000000 0.000000 -0.291177 -0.000000 -0.000000 -0.954055 -0.000000 0.000000 0.067446 0.000000 2500.000000 0.999777
1 0 21.000000 -0.000000 -0.000000 -0.241356 0.000000 -0.000000 0.541411 -0.000000 0.000000 0.386340 0.000000 2500.000000 0.707557
1 0 14.000000 0.036652 0.575690 0.029360 -0.500912 0.042123 -0.401264 -0.284495 0.000000 0.710290 0.000000 2000.000000 0.999790
1 0 12.000000 0.000000 0.000000 0.000000 0.000000 0.000000 0.000000 0.000000 0.000000 0.000000 0.000000 1100.000000 0.000000
1 0 16.000000 -0.000000 0.000000 -0.804736 -0.000000 -0.000000 -0.550924 -0.000000 0.000000 0.220046 0.000000 1700.000000 0.999769
1 0 16.000000 -0.227594 0.946063 0.000000 -0.666069 -0.323267 0.000000 0.709993 0.000000 0.000000 15.000000 2300.000000 0.999769
1 0 17.000000 0.000000 0.000000 0.000000 0.000000 0.000000 0.000000 0.000000 0.000000 0.000000 0.000000 1500.000000 0.000000
1 0 21.000000 0.000000 0.000000 0.000000 0.000000 0.000000 0.000000 0.000000 0.000000 0.000000 0.000000 2500.000000 0.000000
1 0 21.000000 0.000000 0.000000 0.019768 -0.000000 0.000000 -0.096254 -0.000000 0.000000 0.700701 0.000000 3200.000000 0.707557
1 0 18.000000 0.000000 0.000000 0.361117 -0.000000 0.000000 -0.452047 -0.000000 0.000000 0.407324 0.000000 2500.000000 0.707577
1 0 14.000000 -0.000000 0.000000 -0.121195 -0.000000 -0.000000 -0.040540 -0.000000 0.000000 0.991589 0.000000 3500.000000 0.999790
1 0 17.000000 0.522020 0.536803 0.230079 -0.455554 0.615124 -0.200784 -0.431857 0.000000 0.489916 0.000000 3000.000000 0.999901
1 0 16.000000 -0.000000 0.000000 -0.121193 -0.000000 -0.000000 -0.040539 -0.000000 0.000000 0.991568 15.000000 2300.000000 0.999769
1 1 18.000000 -0.270858 0.458673 0.000000 0.139849 0.888354 -0.000000 -0.952172 0.000000 -0.000000 0.000000 2500.000000 0.999777
1 0 14.000000 -0.227599 0.946084 0.000000 -0.666084 -0.323274 0.000000 0.710008 0.000000 0.000000 0.000000 3500.000000 0.999790
1 0 12.000000 0.000000 -0.000000 -0.513175 0.000000 0.000000 -0.315054 0.000000 0.000000 0.798269 0.000000 2000.000000 0.999921
1 0 9.000000 0.816098 0.000000 0.000000 0.000000 0.816098 0.000000 0.000000 0.000000 0.577069 16.000000 1200.000000 0.999512
1 0 18.000000 -0.000000 0.000000 -0.704079 -0.000000 -0.000000 -0.056333 -0.000000 0.000000 0.042013 0.000000 2500.000000 0.707577
0 0 6.000000 0.000000 0.000000 0.000000 0.000000 0.000000 0.000000 0.000000 0.000000 0.000000 4.000000 3000.000000 0.000000
1 0 17.000000 -0.741962 0.313323 -0.094490 -0.308361 -0.753899 -0.039270 -0.144710 0.000000 0.568152 0.000000 3000.000000 0.999901
1 0 18.000000 0.000000 -0.000000 0.433606 0.000000 0.000000 0.256533 -0.000000 0.000000 0.496832 0.000000 2500.000000 0.707577
1 1 21.000000 0.000000 -0.000000 0.392232 0.000000 0.000000 0.253381 -0.000000 0.000000 0.883997 0.000000 3200.000000 0.999749
1 0 12.000000 -0.100715 -0.799873 0.091161 0.492425 -0.163597 -0.445710 0.643378 0.000000 0.355405 25.000000 2000.000000 0.999921
1 0 21.000000 0.000000 -0.000000 -0.363129 0.000000 0.000000 -0.222936 0.000000 0.000000 0.564866 0.000000 2500.000000 0.707557
1 0 17.000000 0.000000 0.000000 -0.114004 -0.000000 0.000000 0.391782 0.000000 0.000000 0.912859 0.000000 3000.000000 0.999901
1 0 21.000000 -0.071267 -0.566001 0.064506 0.348446 -0.115763 -0.315390 0.455263 0.000000 0.251489 0.000000 3200.000000 0.707557
0 0 6.000000 0.000000 0.000000 0.000000 0.000000 0.000000 0.000000 0.000000 0.000000 0.000000 10.000000 1100.000000 0.000000
1 1 21.000000 0.000000 -0.000000 -0.183753 0.000000 0.000000 -0.293733 0.000000 0.000000 0.937792 0.000000 3200.000000 0.999749
1 0 12.000000 -0.000000 -0.000000 0.000818 0.000000 -0.000000 -0.063328 0.000000 0.000000 0.997913 25.000000 2000.000000 0.999921
1 0 16.000000 0.000000 0.000000 0.038807 -0.000000 0.000000 -0.048464 -0.000000 0.000000 0.997839 15.000000 2300.000000 0.999769
1 1 18.000000 -0.097134 -0.824077 0.000000 -0.141402 0.566084 0.000000 -0.984949 0.000000 -0.000000 0.000000 2500.000000 0.999777
1 0 12.000000 -0.000000 0.000000 0.373090 -0.000000 -0.000000 0.241157 0.000000 0.000000 0.895817 25.000000 2000.000000 0.999921
1 0 14.000000 0.816325 0.000000 0.000000 0.000000 0.816325 0.000000 0.000000 0.000000 0.577229 26.000000 3500.000000 0.999790
1 0 16.000000 0.623694 0.780408 0.000000 -0.778902 0.624900 -0.000000 -0.062086 0.000000 0.000000 15.000000 2300.000000 0.999769
1 1 21.000000 -0.955411 0.158883 -0.000000 -0.153791 -0.987043 -0.000000 -0.251071 0.000000 0.000000 0.000000 3200.000000 0.999749
1 1 18.000000 -0.000000 -0.000000 -0.250132 0.000000 -0.000000 0.354366 -0.000000 0.000000 0.900785 0.000000 2000.000000 0.999777
1 1 18.000000 -0.000000 0.000000 -0.994834 -0.000000 -0.000000 -0.079596 -0.000000 0.000000 0.059362 0.000000 2500.000000 0.999777
1 0 16.000000 0.089356 -0.978680 -0.000000 0.428133 0.204261 -0.000000 0.899030 0.000000 0.000000 15.000000 2300.000000 0.999769
1 0 17.000000 -0.000000 -0.000000 -0.220742 0.000000 -0.000000 0.569026 -0.000000 0.000000 0.792013 15.000000 1500.000000 0.999901
1 0 17.000000 0.000000 -0.000000 0.077917 0.000000 0.000000 0.024656 -0.000000 0.000000 0.996556 15.000000 1500.000000 0.999901
1 0 12.000000 -0.012896 -0.999837 0.000000 0.997830 -0.012922 -0.000000 0.063333 0.000000 0.000000 25.000000 2000.000000 0.999921
1 0 21.000000 0.000000 -0.000000 0.039746 0.000000 0.000000 0.462915 -0.000000 0.000000 0.533636 0.000000 3200.000000 0.707557
1 0 16.000000 0.431153 -0.380396 -0.071898 0.377779 0.434141 -0.062997 0.067594 0.000000 0.810691 0.000000 1700.000000 0.999769
1 1 21.000000 0.000000 0.000000 0.027931 -0.000000 0.000000 -0.136003 -0.000000 0.000000 0.990061 0.000000 3200.000000 0.999749
1 0 18.000000 -0.071269 -0.566017 0.064508 0.348456 -0.115767 -0.315399 0.455276 0.000000 0.251496 0.000000 2500.000000 0.707577
1 0 14.000000 0.000000 0.000000 -0.113991 -0.000000 0.000000 0.391739 0.000000 0.000000 0.912758 0.000000 2000.000000 0.999790
1 0 9.000000 0.000000 0.000000 0.038797 -0.000000 0.000000 -0.048451 -0.000000 0.000000 0.997583 0.000000 1200.000000 0.999512
1 0 18.000000 0.254230 0.552835 0.000000 -0.318245 0.441632 -0.000000 -0.578578 0.000000 0.000000 0.000000 2500.000000 0.707577
1 0 12.000000 -0.339328 -0.754066 0.000000 0.389652 -0.656678 -0.000000 0.856078 0.000000 0.000000 25.000000 2000.000000 0.999921
1 0 9.000000 -0.227535 0.945821 0.000000 -0.665899 -0.323184 0.000000 0.709811 0.000000 0.000000 36.000000 1200.000000 0.999512
1 0 21.000000 0.525519 -0.383936 0.000000 0.339484 0.594332 0.000000 -0.330481 0.000000 0.000000 0.000000 3200.000000 0.707557
1 0 18.000000 0.100998 -0.331345 -0.306261 0.140050 0.238953 -0.424679 0.370235 0.000000 0.244191 0.000000 2000.000000 0.707577
1 0 12.000000 -0.000000 -0.000000 -0.341084 0.000000 -0.000000 0.765123 -0.000000 0.000000 0.545976 25.000000 2000.000000 0.999921
1 0 16.000000 -0.492171 0.678185 0.000000 -0.454388 -0.734577 0.000000 0.742184 0.000000 0.000000 0.000000 1700.000000 0.999769
1 0 9.000000 -0.000000 0.000000 -0.121162 -0.000000 -0.000000 -0.040529 -0.000000 0.000000 0.991313 36.000000 1200.000000 0.999512
1 0 12.000000 -0.908732 0.383748 -0.000000 -0.377671 -0.923352 -0.000000 -0.177236 0.000000 0.000000 0.000000 1100.000000 0.999921
0 0 6.000000 0.000000 0.000000 0.000000 0.000000 0.000000 0.000000 0.000000 0.000000 0.000000 0.000000 1100.000000 0.000000
1 0 14.000000 0.089358 -0.978701 -0.000000 0.428142 0.204265 -0.000000 0.899050 0.000000 0.000000 0.000000 3500.000000 0.999790
1 0 14.000000 -0.233857 -0.761065 -0.127431 0.602833 -0.295240 0.328491 -0.498287 0.000000 0.457218 0.000000 2000.000000 0.999790
1 0 9.000000 0.816098 0.000000 0.000000 0.000000 0.816098 0.000000 0.000000 0.000000 0.577069 0.000000 1200.000000 0.999512
1 0 12.000000 -0.000000 -0.000000 -0.029671 0.000000 -0.000000 0.014503 -0.000000 0.000000 0.999375 25.000000 2000.000000 0.999921
1 0 18.000000 -0.000000 -0.000000 -0.177027 0.000000 -0.000000 0.250797 -0.000000 0.000000 0.637517 0.000000 2000.000000 0.707577
1 0 17.000000 0.000000 -0.000000 0.077917 0.000000 0.000000 0.024656 -0.000000 0.000000 0.996556 0.000000 1500.000000 0.999901
1 0 9.000000 0.816098 0.000000 0.000000 0.000000 0.816098 0.000000 0.000000 0.000000 0.577069 36.000000 1200.000000 0.999512
1 0 16.000000 0.000000 0.000000 0.000000 0.000000 0.000000 0.000000 0.000000 0.000000 0.000000 0.000000 1100.000000 0.000000
1 0 12.000000 -0.000000 -0.000000 0.562212 0.000000 -0.000000 -0.645590 0.000000 0.000000 0.516694 0.000000 2000.000000 0.999921
1 1 21.000000 -0.000000 -0.000000 0.000818 0.000000 -0.000000 -0.063317 0.000000 0.000000 0.997742 0.000000 2500.000000 0.999749
1 0 19.000000 0.000000 -0.000000 -0.404223 0.000000 0.000000 -0.840554 0.000000 0.000000 0.360278 0.000000 3500.000000 0.999863
1 0 9.000000 0.089333 -0.978429 -0.000000 0.428023 0.204208 -0.000000 0.898800 0.000000 0.000000 16.000000 1200.000000 0.999512
1 0 19.000000 -0.424169 -0.666968 -0.144426 0.600929 -0.470784 0.204611 -0.354188 0.000000 0.520113 0.000000 3500.000000 0.999863
1 1 21.000000 0.392700 -0.301993 -0.418934 0.241091 0.491901 -0.257196 0.347603 0.000000 0.651672 0.000000 2500.000000 0.999749
1 0 21.000000 0.110494 -0.637655 -0.000000 0.229764 0.306649 -0.000000 0.660028 0.000000 0.000000 0.000000 3200.000000 0.707557
1 0 21.000000 0.140963 0.693092 0.000000 -0.686375 0.142342 -0.000000 -0.098263 0.000000 0.000000 0.000000 3200.000000 0.707557
1 1 21.000000 0.000000 -0.000000 -0.404177 0.000000 0.000000 -0.840458 0.000000 0.000000 0.360237 0.000000 3200.000000 0.999749
1 0 21.000000 0.277928 -0.213731 -0.296494 0.170628 0.348135 -0.182027 0.246011 0.000000 0.461211 0.000000 2500.000000 0.707557
1 1 21.000000 -0.559432 -0.528683 -0.000000 0.348561 -0.848524 0.000000 -0.751691 0.000000 0.000000 0.000000 3200.000000 0.999749
0 0 6.000000 0.000000 0.000000 0.000000 0.000000 0.000000 0.000000 0.000000 0.000000 0.000000 4.000000 1800.000000 0.000000
1 0 14.000000 -0.284161 0.391559 0.445259 -0.262347 -0.424117 0.411078 0.428509 0.000000 0.546943 0.000000 2000.000000 0.999790
1 0 18.000000 -0.000000 0.000000 -0.269510 -0.000000 -0.000000 -0.103648 -0.000000 0.000000 0.645978 0.000000 2500.000000 0.707577
1 0 8.000000 0.540169 0.000000 0.000000 0.000000 0.540169 0.000000 0.000000 0.000000 0.381957 0.000000 2500.000000 0.661569
1 0 12.000000 0.000000 0.000000 0.000000 0.000000 0.000000 0.000000 0.000000 0.000000 0.000000 25.000000 2000.000000 0.000000
1 0 8.000000 0.815637 0.000000 0.000000 0.000000 0.815637 0.000000 0.000000 0.000000 0.576743 12.000000 2500.000000 0.998948
1 1 18.000000 -0.233854 -0.761056 -0.127430 0.602825 -0.295236 0.328487 -0.498281 0.000000 0.457212 0.000000 2500.000000 0.999777
1 0 21.000000 -0.000000 0.000000 0.264004 -0.000000 -0.000000 0.170646 0.000000 0.000000 0.633892 0.000000 2500.000000 0.707557
1 0 18.000000 0.000000 -0.000000 -0.375092 0.000000 0.000000 -0.520123 0.000000 0.000000 0.299071 0.000000 2000.000000 0.707577
1 1 21.000000 0.497360 -0.847565 -0.000000 0.795039 0.530219 -0.000000 0.346474 0.000000 0.000000 0.000000 3200.000000 0.999749
1 0 21.000000 -0.307359 0.221758 0.215558 -0.198670 -0.343078 0.139332 0.181492 0.000000 0.517571 0.000000 2500.000000 0.707557
1 0 21.000000 0.000000 -0.000000 0.277596 0.000000 0.000000 0.179326 -0.000000 0.000000 0.625635 0.000000 3200.000000 0.707557
1 0 19.000000 0.201835 -0.662160 -0.306016 0.279875 0.477523 -0.424338 0.739876 0.000000 0.243995 0.000000 3500.000000 0.999863
1 0 12.000000 0.000000 -0.000000 -0.513175 0.000000 0.000000 -0.315054 0.000000 0.000000 0.798269 25.000000 2000.000000 0.999921
1 0 9.000000 -0.000000 0.000000 0.229511 -0.000000 -0.000000 0.671682 0.000000 0.000000 0.703700 0.000000 1200.000000 0.999512
1 0 14.000000 0.623708 0.780425 0.000000 -0.778919 0.624914 -0.000000 -0.062087 0.000000 0.000000 26.000000 3500.000000 0.999790
1 1 21.000000 -0.007444 -0.577157 0.000668 0.575998 -0.007459 -0.051698 0.036559 0.000000 0.814653 0.000000 2500.000000 0.999749
1 0 12.000000 -0.000000 0.000000 -0.163664 -0.000000 -0.000000 -0.068019 -0.000000 0.000000 0.984088 0.000000 1100.000000 0.999921
1 1 18.000000 -0.299907 -0.471577 -0.204232 0.424884 -0.332866 0.289339 -0.250427 0.000000 0.735488 0.000000 2000.000000 0.999777
1 1 21.000000 -0.100698 -0.799736 0.091145 0.492340 -0.163569 -0.445634 0.643268 0.000000 0.355344 0.000000 3200.000000 0.999749
1 0 16.000000 0.816308 0.000000 0.000000 0.000000 0.816308 0.000000 0.000000 0.000000 0.577217 15.000000 2300.000000 0.999769
1 0 14.000000 -0.869203 -0.215457 -0.000000 0.191823 -0.976298 0.000000 -0.455270 0.000000 0.000000 0.000000 2000.000000 0.999790
1 1 18.000000 0.775675 -0.246277 0.044980 0.245453 0.778279 0.014233 -0.066720 0.000000 0.575290 0.000000 2500.000000 0.999777
1 0 9.000000 0.000000 -0.000000 -0.183632 0.000000 0.000000 -0.879841 0.000000 0.000000 0.437246 36.000000 1200.000000 0.999512
1 1 18.000000 -0.000000 0.000000 -0.163640 -0.000000 -0.000000 -0.068009 -0.000000 0.000000 0.983947 0.000000 2000.000000 0.999777
1 0 14.000000 0.000000 -0.000000 -0.183683 0.000000 0.000000 -0.880086 0.000000 0.000000 0.437367 26.000000 3500.000000 0.999790
1 1 18.000000 0.369078 0.379530 0.325340 -0.322085 0.434904 -0.283916 -0.305331 0.000000 0.692759 0.000000 2000.000000 0.999777
1 1 18.000000 0.000000 -0.000000 0.375588 0.000000 0.000000 0.535987 -0.000000 0.000000 0.755782 0.000000 2000.000000 0.999777
1 0 17.000000 -0.000000 0.000000 -0.804843 -0.000000 -0.000000 -0.550997 -0.000000 0.000000 0.220075 0.000000 3000.000000 0.999901
1 0 14.000000 0.821823 0.393450 0.000000 -0.351801 0.919118 -0.000000 -0.447687 0.000000 0.000000 0.000000 2000.000000 0.999790
1 0 18.000000 -0.000000 -0.000000 -0.266955 0.000000 -0.000000 0.572544 -0.000000 0.000000 0.318738 0.000000 2500.000000 0.707577
1 0 8.000000 0.540169 0.000000 0.000000 0.000000 0.540169 0.000000 0.000000 0.000000 0.381957 40.000000 1000.000000 0.661569
1 0 21.000000 -0.000000 -0.000000 0.397829 0.000000 -0.000000 -0.456828 0.000000 0.000000 0.365619 0.000000 2500.000000 0.707557
1 0 12.000000 0.247210 -0.811024 -0.000000 0.342795 0.584878 -0.000000 0.906212 0.000000 0.000000 0.000000 1100.000000 0.999921
1 0 17.000000 -0.000000 -0.000000 -0.220742 0.000000 -0.000000 0.569026 -0.000000 0.000000 0.792013 0.000000 1500.000000 0.999901
0 0 6.000000 0.000000 0.000000 0.000000 0.000000 0.000000 0.000000 0.000000 0.000000 0.000000 10.000000 1800.000000 0.000000
1 0 9.000000 0.000000 0.000000 0.000000 0.000000 0.000000 0.000000 0.000000 0.000000 0.000000 16.000000 1200.000000 0.000000
1 1 18.000000 0.000000 -0.000000 -0.529989 0.000000 0.000000 -0.734912 0.000000 0.000000 0.422576 0.000000 2000.000000 0.999777
1 0 12.000000 -0.131421 0.546293 0.187472 -0.384614 -0.186667 0.548650 0.409977 0.000000 0.574803 0.000000 2000.000000 0.999921
0 0 6.000000 0.000000 0.000000 0.000000 0.000000 0.000000 0.000000 0.000000 0.000000 0.000000 4.000000 1100.000000 0.000000
1 0 12.000000 -0.752335 0.542805 0.000000 -0.486293 -0.839764 0.000000 0.444245 0.000000 0.000000 25.000000 2000.000000 0.999921
1 1 18.000000 0.000000 0.000000 0.398458 -0.000000 0.000000 -0.347724 -0.000000 0.000000 0.848453 0.000000 2000.000000 0.999777
1 1 18.000000 -0.000000 -0.000000 0.557688 -0.000000 0.000000 0.811855 -0.000000 0.000000 -0.171550 0.000000 2500.000000 0.999777
1 0 9.000000 -0.940113 0.317070 -0.000000 -0.314469 -0.947888 -0.000000 -0.127760 0.000000 0.000000 0.000000 1200.000000 0.999512
1 0 21.000000 0.045650 -0.704963 0.000000 0.531680 0.060528 0.000000 -0.464618 0.000000 0.000000 0.000000 3200.000000 0.707557
1 0 18.000000 0.177223 -0.334556 0.217039 0.252908 0.234437 0.309727 -0.267429 0.000000 0.436738 0.000000 2000.000000 0.707577
1 1 18.000000 0.142706 -0.468178 -0.432734 0.197884 0.337631 -0.600053 0.523127 0.000000 0.345032 0.000000 2000.000000 0.999777
1 0 16.000000 0.000000 -0.000000 -0.183679 0.000000 0.000000 -0.880067 0.000000 0.000000 0.437358 0.000000 1100.000000 0.999769
1 0 21.000000 -0.138629 -0.308067 0.324826 0.159189 -0.268280 -0.372999 0.349743 0.000000 0.298527 0.000000 2500.000000 0.707557
1 0 14.000000 0.746796 -0.658880 -0.000000 0.654346 0.751970 -0.000000 0.117079 0.000000 0.000000 0.000000 2000.000000 0.999790
1 0 12.000000 0.000000 -0.816432 0.000000 0.816432 0.000000 0.000000 0.000000 0.000000 0.577304 0.000000 1100.000000 0.999921
1 0 21.000000 0.402385 0.264182 0.000000 -0.161951 0.656388 -0.000000 -0.559012 0.000000 0.000000 0.000000 3200.000000 0.707557
1 0 9.000000 -0.940113 0.317070 -0.000000 -0.314469 -0.947888 -0.000000 -0.127760 0.000000 0.000000 36.000000 1200.000000 0.999512
1 0 12.000000 0.000000 -0.000000 -0.530065 0.000000 0.000000 -0.735018 0.000000 0.000000 0.422636 0.000000 1100.000000 0.999921
1 0 12.000000 0.051597 -0.565127 -0.149996 0.247220 0.117948 -0.718681 0.519134 0.000000 0.357156 0.000000 2000.000000 0.999921
1 0 12.000000 0.360145 0.450637 0.031690 -0.449768 0.360841 -0.039576 -0.035851 0.000000 0.814856 0.000000 2000.000000 0.999921
1 1 21.000000 -0.000000 -0.000000 0.562115 0.000000 -0.000000 -0.645480 0.000000 0.000000 0.516605 0.000000 2500.000000 0.999749
1 1 21.000000 -0.434286 0.313335 0.304575 -0.280713 -0.484755 0.196870 0.256441 0.000000 0.731306 0.000000 2500.000000 0.999749
1 1 21.000000 -0.000000 0.000000 -0.247881 -0.000000 -0.000000 -0.039901 -0.000000 0.000000 0.967710 0.000000 3200.000000 0.999749
1 0 8.000000 0.000000 0.000000 0.000000 0.000000 0.000000 0.000000 0.000000 0.000000 0.000000 0.000000 2500.000000 0.000000
1 0 12.000000 0.775786 -0.246312 0.044986 0.245488 0.778390 0.014235 -0.066730 0.000000 0.575373 25.000000 2000.000000 0.999921
1 0 12.000000 -0.233887 -0.761165 -0.127448 0.602912 -0.295278 0.328534 -0.498352 0.000000 0.457278 25.000000 2000.000000 0.999921
1 0 14.000000 -0.501835 -0.124394 -0.362992 0.110749 -0.563666 0.080108 -0.262850 0.000000 0.726778 0.000000 2000.000000 0.999790
1 0 18.000000 -0.013934 0.676760 -0.000000 -0.045655 -0.206546 -0.000000 -0.705965 0.000000 0.000000 0.000000 2500.000000 0.707577
1 0 16.000000 0.036651 0.575678 0.029360 -0.500901 0.042122 -0.401255 -0.284489 0.000000 0.710275 0.000000 1700.000000 0.999769
1 0 14.000000 0.000000 -0.000000 -0.183683 0.000000 0.000000 -0.880086 0.000000 0.000000 0.437367 0.000000 3500.000000 0.999790
1 0 16.000000 -0.940354 0.317151 -0.000000 -0.314549 -0.948131 -0.000000 -0.127793 0.000000 0.000000 15.000000 2300.000000 0.999769
1 0 17.000000 0.000000 0.000000 0.000000 0.000000 0.000000 0.000000 0.000000 0.000000 0.000000 15.000000 1500.000000 0.000000
1 0 18.000000 -0.191696 0.324619 0.000000 0.098976 0.628719 -0.000000 -0.673885 0.000000 -0.000000 0.000000 2500.000000 0.707577
1 0 18.000000 -0.068745 -0.583228 0.000000 -0.100075 0.400637 0.000000 -0.697083 0.000000 -0.000000 0.000000 2500.000000 0.707577
1 1 18.000000 0.359216 0.781133 0.000000 -0.449668 0.624007 -0.000000 -0.817507 0.000000 0.000000 0.000000 2500.000000 0.999777
1 0 16.000000 0.000000 0.000000 0.038807 -0.000000 0.000000 -0.048464 -0.000000 0.000000 0.997839 0.000000 1100.000000 0.999769
1 0 21.000000 0.584042 0.396247 0.000000 -0.394792 0.586195 -0.000000 -0.060593 0.000000 0.000000 0.000000 3200.000000 0.707557
1 0 17.000000 -0.000000 -0.000000 -0.444622 0.000000 -0.000000 0.098123 -0.000000 0.000000 0.890217 0.000000 3000.000000 0.999901
1 1 18.000000 -0.000000 -0.000000 0.380806 -0.000000 0.000000 0.146450 -0.000000 0.000000 -0.912740 0.000000 2500.000000 0.999777
1 0 9.000000 0.623534 0.780208 0.000000 -0.778702 0.624740 -0.000000 -0.062070 0.000000 0.000000 16.000000 1200.000000 0.999512
1 0 14.000000 0.623708 0.780425 0.000000 -0.778919 0.624914 -0.000000 -0.062087 0.000000 0.000000 0.000000 3500.000000 0.999790
1 1 21.000000 -0.233847 -0.761034 -0.127426 0.602808 -0.295228 0.328478 -0.498267 0.000000 0.457199 0.000000 3200.000000 0.999749
1 0 14.000000 0.000000 -0.000000 -0.088059 0.000000 0.000000 -0.077157 0.000000 0.000000 0.992911 0.000000 2000.000000 0.999790
1 0 14.000000 0.000000 0.000000 0.038807 -0.000000 0.000000 -0.048465 -0.000000 0.000000 0.997861 26.000000 3500.000000 0.999790
1 0 19.000000 -0.000000 0.000000 -0.247909 -0.000000 -0.000000 -0.039906 -0.000000 0.000000 0.967820 0.000000 3500.000000 0.999863
1 0 9.000000 -0.940113 0.317070 -0.000000 -0.314469 -0.947888 -0.000000 -0.127760 0.000000 0.000000 16.000000 1200.000000 0.999512
1 1 18.000000 -0.851912 0.358870 -0.000000 -0.327628 -0.933149 -0.000000 -0.407996 0.000000 0.000000 0.000000 2500.000000 0.999777
1 0 14.000000 -0.000000 0.000000 0.229575 -0.000000 -0.000000 0.671868 0.000000 0.000000 0.703895 0.000000 3500.000000 0.999790
1 0 8.000000 0.540169 0.000000 0.000000 0.000000 0.540169 0.000000 0.000000 0.000000 0.381957 12.000000 1000.000000 0.661569
1 0 8.000000 0.815637 0.000000 0.000000 0.000000 0.815637 0.000000 0.000000 0.000000 0.576743 12.000000 1000.000000 0.998948
1 0 19.000000 -0.000000 0.000000 -0.163655 -0.000000 -0.000000 -0.068015 -0.000000 0.000000 0.984031 0.000000 2500.000000 0.999863
1 1 18.000000 -0.000000 0.000000 -0.380806 -0.000000 -0.000000 -0.146450 -0.000000 0.000000 0.912740 0.000000 2500.000000 0.999777
1 0 16.000000 -0.000000 0.000000 0.229570 -0.000000 -0.000000 0.671854 0.000000 0.000000 0.703880 0.000000 1100.000000 0.999769
1 0 16.000000 0.816308 0.000000 0.000000 0.000000 0.816308 0.000000 0.000000 0.000000 0.577217 0.000000 1100.000000 0.999769
1 0 21.000000 -0.000000 -0.000000 -0.020996 0.000000 -0.000000 0.010263 -0.000000 0.000000 0.707171 0.000000 2500.000000 0.707557
1 0 14.000000 0.775685 -0.246280 0.044981 0.245456 0.778289 0.014234 -0.066721 0.000000 0.575298 0.000000 2000.000000 0.999790
1 0 14.000000 0.000000 0.000000 0.035959 -0.000000 0.000000 -0.491446 -0.000000 0.000000 0.869925 0.000000 2000.000000 0.999790
1 0 14.000000 -0.104833 0.326079 -0.657078 -0.071769 -0.476304 -0.449837 -0.563074 0.000000 0.179670 0.000000 2000.000000 0.999790
1 0 12.000000 -0.752335 0.542805 0.000000 -0.486293 -0.839764 0.000000 0.444245 0.000000 0.000000 0.000000 2000.000000 0.999921
1 0 16.000000 -0.501824 -0.124392 -0.362984 0.110747 -0.563654 0.080106 -0.262845 0.000000 0.726762 0.000000 1700.000000 0.999769
1 0 19.000000 0.000000 0.000000 0.070938 -0.000000 0.000000 -0.047952 -0.000000 0.000000 0.996190 0.000000 3500.000000 0.999863
1 1 21.000000 -0.518289 -0.253474 -0.024222 0.253336 -0.518572 0.011840 -0.019064 0.000000 0.815846 0.000000 2500.000000 0.999749
1 0 18.000000 -0.602928 -0.253984 0.000000 -0.231873 0.660422 0.000000 -0.288753 0.000000 -0.000000 0.000000 2500.000000 0.707577
1 0 21.000000 0.000000 -0.000000 -0.130048 0.000000 0.000000 -0.207885 0.000000 0.000000 0.663708 0.000000 3200.000000 0.707557
1 0 17.000000 -0.000000 -0.000000 0.157892 0.000000 -0.000000 -0.771977 0.000000 0.000000 0.615568 0.000000 1500.000000 0.999901
1 0 17.000000 -0.284193 0.391602 0.445308 -0.262376 -0.424164 0.411123 0.428557 0.000000 0.547004 0.000000 3000.000000 0.999901
1 0 16.000000 -0.767796 0.258953 -0.069971 -0.256828 -0.774146 -0.023405 -0.104343 0.000000 0.572482 0.000000 1700.000000 0.999769
1 0 12.000000 0.680294 -0.523157 -0.000000 0.417654 0.852143 -0.000000 0.602169 0.000000 0.000000 0.000000 2000.000000 0.999921
1 0 16.000000 -0.000000 -0.000000 -0.444563 0.000000 -0.000000 0.098110 -0.000000 0.000000 0.890099 0.000000 1700.000000 0.999769
1 0 16.000000 0.000000 0.000000 0.411554 -0.000000 0.000000 -0.176176 -0.000000 0.000000 0.893937 0.000000 1700.000000 0.999769
1 0 14.000000 0.000000 0.000000 0.000000 0.000000 0.000000 0.000000 0.000000 0.000000 0.000000 0.000000 2000.000000 0.000000
1 1 18.000000 0.359216 -0.781133 -0.000000 -0.449668 -0.624007 0.000000 -0.817507 0.000000 -0.000000 0.000000 2500.000000 0.999777
1 0 16.000000 0.072959 -0.799089 -0.106047 0.349569 0.166778 -0.508107 0.734055 0.000000 0.252509 0.000000 1700.000000 0.999769
1 0 14.000000 -0.227599 0.946084 0.000000 -0.666084 -0.323274 0.000000 0.710008 0.000000 0.000000 26.000000 3500.000000 0.999790
1 1 18.000000 0.000000 -0.000000 -0.510244 -0.000000 -0.000000 0.638724 -0.000000 0.000000 -0.575532 0.000000 2500.000000 0.999777
0 0 6.000000 0.000000 0.000000 0.000000 0.000000 0.000000 0.000000 0.000000 0.000000 0.000000 0.000000 1800.000000 0.000000
1 0 21.000000 0.000000 -0.000000 -0.286050 0.000000 0.000000 -0.594821 0.000000 0.000000 0.254952 0.000000 3200.000000 0.707557
1 0 8.000000 0.000000 0.000000 0.000000 0.000000 0.000000 0.000000 0.000000 0.000000 0.000000 0.000000 1000.000000 0.000000
1 0 9.000000 0.000000 -0.000000 -0.183632 0.000000 0.000000 -0.879841 0.000000 0.000000 0.437246 16.000000 1200.000000 0.999512
1 0 19.000000 0.000000 -0.000000 0.056166 0.000000 0.000000 0.654154 -0.000000 0.000000 0.754092 0.000000 3500.000000 0.999863
1 0 12.000000 0.816432 0.000000 0.000000 0.000000 0.816432 0.000000 0.000000 0.000000 0.577304 0.000000 1100.000000 0.999921
1 0 12.000000 -0.000000 0.000000 0.373090 -0.000000 -0.000000 0.241157 0.000000 0.000000 0.895817 0.000000 2000.000000 0.999921
1 0 8.000000 0.815637 0.000000 0.000000 0.000000 0.815637 0.000000 0.000000 0.000000 0.576743 40.000000 2500.000000 0.998948
1 1 18.000000 0.499736 0.769773 -0.000000 0.602981 -0.637969 -0.000000 -0.621476 0.000000 -0.000000 0.000000 2500.000000 0.999777
1 0 12.000000 0.433783 -0.818882 0.000000 0.619034 0.573824 0.000000 -0.654577 0.000000 0.000000 0.000000 1100.000000 0.999921
1 0 16.000000 0.000000 0.000000 0.000000 0.000000 0.000000 0.000000 0.000000 0.000000 0.000000 15.000000 2300.000000 0.000000
1 0 17.000000 0.354175 -0.668601 0.216873 0.505429 0.468517 0.309491 -0.534450 0.000000 0.436405 0.000000 3000.000000 0.999901
1 0 16.000000 0.746780 -0.658865 -0.000000 0.654332 0.751953 -0.000000 0.117077 0.000000 0.000000 0.000000 1700.000000 0.999769
1 0 14.000000 -0.181576 0.564786 -0.000000 -0.124307 -0.824983 -0.000000 -0.975274 0.000000 0.000000 0.000000 2000.000000 0.999790
1 0 16.000000 0.147235 0.554229 -0.093072 -0.505983 0.161274 0.319846 0.235546 0.000000 0.745248 0.000000 1700.000000 0.999769
1 0 19.000000 0.000000 0.000000 0.000000 0.000000 0.000000 0.000000 0.000000 0.000000 0.000000 0.000000 2500.000000 0.000000
1 0 16.000000 0.000000 -0.000000 -0.183679 0.000000 0.000000 -0.880067 0.000000 0.000000 0.437358 15.000000 2300.000000 0.999769
1 0 12.000000 -0.897857 -0.439105 -0.000000 0.438866 -0.898347 0.000000 -0.033026 0.000000 0.000000 25.000000 2000.000000 0.999921
1 0 9.000000 -0.227535 0.945821 0.000000 -0.665899 -0.323184 0.000000 0.709811 0.000000 0.000000 0.000000 1200.000000 0.999512
1 0 8.000000 0.000000 0.000000 0.000000 0.000000 0.000000 0.000000 0.000000 0.000000 0.000000 40.000000 1000.000000 0.000000
1 0 14.000000 0.147238 0.554241 -0.093074 -0.505994 0.161278 0.319853 0.235551 0.000000 0.745264 0.000000 2000.000000 0.999790
1 0 17.000000 -0.000000 -0.000000 0.157892 0.000000 -0.000000 -0.771977 0.000000 0.000000 0.615568 15.000000 1500.000000 0.999901
1 0 12.000000 -0.222302 -0.913282 -0.000000 0.498670 -0.407133 0.000000 -0.837706 0.000000 0.000000 0.000000 2000.000000 0.999921
1 0 14.000000 0.431163 -0.380404 -0.071900 0.377787 0.434150 -0.062999 0.067596 0.000000 0.810709 0.000000 2000.000000 0.999790
1 0 14.000000 -0.000000 0.000000 0.545329 -0.000000 -0.000000 0.503465 0.000000 0.000000 0.669866 0.000000 2000.000000 0.999790
1 0 12.000000 -0.222302 -0.913282 -0.000000 0.498670 -0.407133 0.000000 -0.837706 0.000000 0.000000 25.000000 2000.000000 0.999921
1 0 21.000000 -0.090820 -0.373113 -0.197066 0.203727 -0.166330 0.442060 -0.342237 0.000000 0.315445 0.000000 2500.000000 0.707557
1 0 8.000000 0.540169 0.000000 0.000000 0.000000 0.540169 0.000000 0.000000 0.000000 0.381957 12.000000 2500.000000 0.661569
1 0 16.000000 -0.869184 -0.215453 -0.000000 0.191819 -0.976277 0.000000 -0.455260 0.000000 0.000000 0.000000 1700.000000 0.999769
1 0 12.000000 -0.000000 -0.000000 -0.250167 0.000000 -0.000000 0.354417 -0.000000 0.000000 0.900914 0.000000 1100.000000 0.999921
1 0 12.000000 0.000000 -0.000000 0.375642 0.000000 0.000000 0.536064 -0.000000 0.000000 0.755890 0.000000 1100.000000 0.999921
1 1 21.000000 0.000000 -0.000000 -0.513087 0.000000 0.000000 -0.315000 0.000000 0.000000 0.798133 0.000000 2500.000000 0.999749
1 0 16.000000 0.063481 0.997103 0.000000 -0.867586 0.072958 -0.000000 -0.492749 0.000000 0.000000 0.000000 1700.000000 0.999769
1 0 9.000000 0.000000 0.000000 0.038797 -0.000000 0.000000 -0.048451 -0.000000 0.000000 0.997583 16.000000 1200.000000 0.999512
1 0 19.000000 0.000000 -0.000000 0.392277 0.000000 0.000000 0.253410 -0.000000 0.000000 0.884098 0.000000 3500.000000 0.999863
1 0 18.000000 -0.000000 -0.000000 0.394695 -0.000000 0.000000 0.574578 -0.000000 0.000000 -0.121412 0.000000 2500.000000 0.707577
1 0 14.000000 -0.940374 0.317158 -0.000000 -0.314556 -0.948152 -0.000000 -0.127796 0.000000 0.000000 0.000000 3500.000000 0.999790
1 0 9.000000 0.089333 -0.978429 -0.000000 0.428023 0.204208 -0.000000 0.898800 0.000000 0.000000 36.000000 1200.000000 0.999512
1 0 9.000000 -0.000000 0.000000 0.229511 -0.000000 -0.000000 0.671682 0.000000 0.000000 0.703700 36.000000 1200.000000 0.999512
1 0 21.000000 -0.000000 0.000000 -0.175434 -0.000000 -0.000000 -0.028239 -0.000000 0.000000 0.684882 0.000000 3200.000000 0.707557
1 0 9.000000 0.089333 -0.978429 -0.000000 0.428023 0.204208 -0.000000 0.898800 0.000000 0.000000 0.000000 1200.000000 0.999512
1 1 18.000000 0.000000 0.000000 0.510244 -0.000000 0.000000 -0.638724 -0.000000 0.000000 0.575532 0.000000 2500.000000 0.999777
1 0 12.000000 -0.897857 -0.439105 -0.000000 0.438866 -0.898347 0.000000 -0.033026 0.000000 0.000000 0.000000 2000.000000 0.999921
1 0 12.000000 0.680294 -0.523157 -0.000000 0.417654 0.852143 -0.000000 0.602169 0.000000 0.000000 25.000000 2000.000000 0.999921
1 0 18.000000 -0.371264 0.156781 -0.094562 -0.154298 -0.377237 -0.039300 -0.072410 0.000000 0.568586 0.000000 2000.000000 0.707577
1 0 18.000000 -0.212255 -0.333752 -0.144542 0.300705 -0.235581 0.204775 -0.177236 0.000000 0.520530 0.000000 2000.000000 0.707577
1 0 19.000000 0.000000 0.000000 0.027935 -0.000000 0.000000 -0.136019 -0.000000 0.000000 0.990174 0.000000 3500.000000 0.999863
1 0 9.000000 -0.000000 0.000000 -0.121162 -0.000000 -0.000000 -0.040529 -0.000000 0.000000 0.991313 0.000000 1200.000000 0.999512
1 0 16.000000 -0.000000 0.000000 -0.121193 -0.000000 -0.000000 -0.040539 -0.000000 0.000000 0.991568 0.000000 1100.000000 0.999769
1 0 8.000000 0.000000 0.000000 0.000000 0.000000 0.000000 0.000000 0.000000 0.000000 0.000000 12.000000 1000.000000 0.000000
1 0 14.000000 -0.000000 0.000000 -0.121195 -0.000000 -0.000000 -0.040540 -0.000000 0.000000 0.991589 26.000000 3500.000000 0.999790
1 0 18.000000 0.254230 -0.552835 -0.000000 -0.318245 -0.441632 0.000000 -0.578578 0.000000 -0.000000 0.000000 2500.000000 0.707577
1 0 8.000000 0.000000 0.000000 0.000000 0.000000 0.000000 0.000000 0.000000 0.000000 0.000000 12.000000 2500.000000 0.000000
1 1 18.000000 -0.524581 0.221525 -0.133612 -0.218017 -0.533021 -0.055529 -0.102312 0.000000 0.803389 0.000000 2000.000000 0.999777
1 1 21.000000 -0.000000 -0.000000 -0.029666 0.000000 -0.000000 0.014501 -0.000000 0.000000 0.999204 0.000000 2500.000000 0.999749
1 0 19.000000 0.000000 0.000000 0.732824 -0.000000 0.000000 -0.294946 -0.000000 0.000000 0.612946 0.000000 3500.000000 0.999863
1 0 12.000000 -0.339328 -0.754066 0.000000 0.389652 -0.656678 -0.000000 0.856078 0.000000 0.000000 0.000000 2000.000000 0.999921
1 0 8.000000 0.815637 0.000000 0.000000 0.000000 0.815637 0.000000 0.000000 0.000000 0.576743 0.000000 1000.000000 0.998948
1 0 14.000000 0.000000 0.000000 0.411563 -0.000000 0.000000 -0.176179 -0.000000 0.000000 0.893956 0.000000 2000.000000 0.999790
1 0 12.000000 -0.233887 -0.761165 -0.127448 0.602912 -0.295278 0.328534 -0.498352 0.000000 0.457278 0.000000 2000.000000 0.999921
1 0 17.000000 0.431211 -0.380447 -0.071908 0.377829 0.434198 -0.063006 0.067603 0.000000 0.810799 0.000000 3000.000000 0.999901
1 0 19.000000 -0.000000 -0.000000 -0.638061 0.000000 -0.000000 0.397551 -0.000000 0.000000 0.659210 0.000000 3500.000000 0.999863
1 0 16.000000 0.255019 0.959953 -0.000000 -0.876388 0.279335 0.000000 0.407978 0.000000 0.000000 0.000000 1700.000000 0.999769
1 1 21.000000 0.000000 0.000000 0.732740 -0.000000 0.000000 -0.294912 -0.000000 0.000000 0.612876 0.000000 3200.000000 0.999749
1 0 18.000000 0.261210 0.268606 0.230254 -0.227951 0.307797 -0.200937 -0.216093 0.000000 0.490290 0.000000 2000.000000 0.707577
1 0 17.000000 -0.501890 -0.124408 -0.363033 0.110761 -0.563729 0.080117 -0.262880 0.000000 0.726859 0.000000 3000.000000 0.999901
1 0 12.000000 -0.000000 -0.000000 -0.341084 0.000000 -0.000000 0.765123 -0.000000 0.000000 0.545976 0.000000 2000.000000 0.999921
1 0 16.000000 -0.185830 0.772458 0.132542 -0.543843 -0.263946 0.387895 0.579707 0.000000 0.406385 0.000000 1700.000000 0.999769
1 0 14.000000 -0.940374 0.317158 -0.000000 -0.314556 -0.948152 -0.000000 -0.127796 0.000000 0.000000 26.000000 3500.000000 0.999790
1 0 21.000000 0.000000 0.000000 0.518586 -0.000000 0.000000 -0.208719 -0.000000 0.000000 0.433754 0.000000 3200.000000 0.707557
1 0 19.000000 0.522001 0.536782 0.230070 -0.455536 0.615101 -0.200776 -0.431841 0.000000 0.489897 0.000000 3500.000000 0.999863
1 1 18.000000 -0.000000 -0.000000 -0.377196 0.000000 -0.000000 0.808981 -0.000000 0.000000 0.450363 0.000000 2500.000000 0.999777
1 0 18.000000 0.000000 0.000000 0.000000 0.000000 0.000000 0.000000 0.000000 0.000000 0.000000 0.000000 2000.000000 0.000000
1 0 18.000000 0.548972 -0.174299 0.031834 0.173715 0.550815 0.010073 -0.047220 0.000000 0.407153 0.000000 2500.000000 0.707577
1 1 21.000000 0.825227 0.559881 0.000000 -0.557825 0.828270 -0.000000 -0.085615 0.000000 0.000000 0.000000 3200.000000 0.999749
1 0 14.000000 0.255025 0.959973 -0.000000 -0.876407 0.279341 0.000000 0.407987 0.000000 0.000000 0.000000 2000.000000 0.999790
1 0 21.000000 0.000000 0.000000 0.000000 0.000000 0.000000 0.000000 0.000000 0.000000 0.000000 0.000000 3200.000000 0.000000
1 0 12.000000 -0.000000 -0.000000 0.000818 0.000000 -0.000000 -0.063328 0.000000 0.000000 0.997913 0.000000 2000.000000 0.999921
1 1 18.000000 -0.000000 0.000000 0.846055 0.000000 0.000000 -0.436833 -0.000000 0.000000 -0.304831 0.000000 2500.000000 0.999777
1 0 16.000000 0.000000 0.000000 0.035958 -0.000000 0.000000 -0.491435 -0.000000 0.000000 0.869906 0.000000 1700.000000 0.999769
1 0 18.000000 0.000000 -0.000000 0.265817 0.000000 0.000000 0.379336 -0.000000 0.000000 0.534893 0.000000 2000.000000 0.707577
1 0 12.000000 0.000000 0.000000 0.000000 0.000000 0.000000 0.000000 0.000000 0.000000 0.000000 0.000000 2000.000000 0.000000
1 0 12.000000 0.000000 0.000000 0.398516 -0.000000 0.000000 -0.347774 -0.000000 0.000000 0.848575 0.000000 1100.000000 0.999921
1 0 14.000000 0.000000 0.000000 0.000000 0.000000 0.000000 0.000000 0.000000 0.000000 0.000000 0.000000 3500.000000 0.000000
1 0 19.000000 -0.000000 -0.000000 -0.250153 0.000000 -0.000000 0.354397 -0.000000 0.000000 0.900862 0.000000 2500.000000 0.999863
1 0 9.000000 0.000000 0.000000 0.000000 0.000000 0.000000 0.000000 0.000000 0.000000 0.000000 0.000000 1200.000000 0.000000
1 0 9.000000 -0.000000 0.000000 0.229511 -0.000000 -0.000000 0.671682 0.000000 0.000000 0.703700 16.000000 1200.000000 0.999512
1 0 19.000000 0.000000 -0.000000 -0.183774 0.000000 0.000000 -0.293766 0.000000 0.000000 0.937899 0.000000 3500.000000 0.999863
1 0 12.000000 0.775786 -0.246312 0.044986 0.245488 0.778390 0.014235 -0.066730 0.000000 0.575373 0.000000 2000.000000 0.999921
1 0 17.000000 0.000000 -0.000000 -0.088068 0.000000 0.000000 -0.077166 0.000000 0.000000 0.993022 0.000000 3000.000000 0.999901
1 1 18.000000 0.000000 0.000000 -0.396571 0.000000 -0.000000 -0.478502 -0.000000 0.000000 -0.783149 0.000000 2500.000000 0.999777
1 1 18.000000 -0.100701 -0.799758 0.091147 0.492354 -0.163574 -0.445646 0.643286 0.000000 0.355354 0.000000 2500.000000 0.999777
1 1 18.000000 -0.019688 0.956234 -0.000000 -0.064508 -0.291842 -0.000000 -0.997500 0.000000 0.000000 0.000000 2500.000000 0.999777
1 0 18.000000 0.000000 0.000000 0.000000 0.000000 0.000000 0.000000 0.000000 0.000000 0.000000 0.000000 2500.000000 0.000000
1 0 18.000000 -0.041879 0.056433 -0.000000 -0.003351 -0.705323 -0.000000 -0.706329 0.000000 0.000000 0.000000 2500.000000 0.707577
1 0 21.000000 0.548956 -0.174294 0.031833 0.173711 0.550799 0.010073 -0.047219 0.000000 0.407142 0.000000 3200.000000 0.707557
1 0 8.000000 0.540169 0.000000 0.000000 0.000000 0.540169 0.000000 0.000000 0.000000 0.381957 40.000000 2500.000000 0.661569
1 0 18.000000 0.000000 0.000000 0.282003 -0.000000 0.000000 -0.246097 -0.000000 0.000000 0.600480 0.000000 2000.000000 0.707577
1 0 18.000000 0.000000 0.000000 -0.280667 0.000000 -0.000000 -0.338653 -0.000000 0.000000 -0.554262 0.000000 2500.000000 0.707577
1 0 19.000000 0.000000 0.000000 0.000000 0.000000 0.000000 0.000000 0.000000 0.000000 0.000000 0.000000 3500.000000 0.000000
1 0 12.000000 0.639354 0.657459 0.000000 -0.557948 0.753385 -0.000000 -0.528925 0.000000 0.000000 0.000000 1100.000000 0.999921
1 0 18.000000 -0.000000 0.000000 0.598782 0.000000 0.000000 -0.309162 -0.000000 0.000000 -0.215740 0.000000 2500.000000 0.707577
1 0 12.000000 -0.519529 -0.816913 -0.000000 0.736027 -0.576623 0.000000 -0.433815 0.000000 0.000000 0.000000 1100.000000 0.999921
1 0 21.000000 -0.366811 -0.179392 -0.017143 0.179295 -0.367011 0.008379 -0.013493 0.000000 0.577403 0.000000 2500.000000 0.707557
1 0 9.000000 0.000000 0.000000 0.038797 -0.000000 0.000000 -0.048451 -0.000000 0.000000 0.997583 36.000000 1200.000000 0.999512
1 0 16.000000 0.474470 0.227154 0.336033 -0.203108 0.530641 -0.143847 -0.258466 0.000000 0.729896 0.000000 1700.000000 0.999769
1 0 16.000000 0.509244 0.637201 0.022405 -0.635971 0.510229 -0.027981 -0.050693 0.000000 0.576103 0.000000 1700.000000 0.999769
1 1 18.000000 0.604183 -0.509073 0.000000 0.357450 0.860465 0.000000 -0.711861 0.000000 0.000000 0.000000 2500.000000 0.999777
1 0 17.000000 0.816416 0.000000 0.000000 0.000000 0.816416 0.000000 0.000000 0.000000 0.577293 0.000000 1500.000000 0.999901
1 0 21.000000 -0.005268 -0.408474 0.000473 0.407654 -0.005279 -0.036588 0.025874 0.000000 0.576558 0.000000 2500.000000 0.707557
1 0 17.000000 0.000000 0.000000 0.411609 -0.000000 0.000000 -0.176199 -0.000000 0.000000 0.894055 0.000000 3000.000000 0.999901
1 0 17.000000 -0.104845 0.326115 -0.657151 -0.071777 -0.476357 -0.449887 -0.563137 0.000000 0.179690 0.000000 3000.000000 0.999901
1 0 14.000000 -0.000000 0.000000 0.229575 -0.000000 -0.000000 0.671868 0.000000 0.000000 0.703895 26.000000 3500.000000 0.999790
1 1 18.000000 0.000000 -0.000000 0.612668 0.000000 0.000000 0.362470 -0.000000 0.000000 0.702003 0.000000 2500.000000 0.999777
1 0 16.000000 -0.284155 0.391550 0.445249 -0.262341 -0.424108 0.411069 0.428500 0.000000 0.546931 0.000000 1700.000000 0.999769
1 0 18.000000 0.353680 0.544795 -0.000000 0.426751 -0.451512 -0.000000 -0.439840 0.000000 -0.000000 0.000000 2500.000000 0.707577
1 0 14.000000 -0.100702 -0.799769 0.091149 0.492361 -0.163576 -0.445652 0.643294 0.000000 0.355359 0.000000 2000.000000 0.999790
1 0 17.000000 0.816416 0.000000 0.000000 0.000000 0.816416 0.000000 0.000000 0.000000 0.577293 15.000000 1500.000000 0.999901
1 0 9.000000 0.623534 0.780208 0.000000 -0.778702 0.624740 -0.000000 -0.062070 0.000000 0.000000 0.000000 1200.000000 0.999512
1 1 18.000000 -0.059173 0.079737 -0.000000 -0.004734 -0.996592 -0.000000 -0.998013 0.000000 0.000000 0.000000 2500.000000 0.999777
1 0 18.000000 0.000000 -0.000000 -0.361117 -0.000000 -0.000000 0.452047 -0.000000 0.000000 -0.407324 0.000000 2500.000000 0.707577
1 0 18.000000 -0.000000 0.000000 -0.115814 -0.000000 -0.000000 -0.048133 -0.000000 0.000000 0.696373 0.000000 2000.000000 0.707577
1 0 16.000000 -0.181572 0.564774 -0.000000 -0.124305 -0.824966 -0.000000 -0.975253 0.000000 0.000000 0.000000 1700.000000 0.999769
1 0 21.000000 0.000000 0.000000 0.050200 -0.000000 0.000000 -0.033933 -0.000000 0.000000 0.704958 0.000000 3200.000000 0.707557
1 0 21.000000 -0.676177 0.112447 -0.000000 -0.108844 -0.698565 -0.000000 -0.177692 0.000000 0.000000 0.000000 3200.000000 0.707557
1 1 21.000000 -0.000000 0.000000 0.373026 -0.000000 -0.000000 0.241116 0.000000 0.000000 0.895663 0.000000 2500.000000 0.999749
1 0 16.000000 0.000000 0.000000 0.000000 0.000000 0.000000 0.000000 0.000000 0.000000 0.000000 0.000000 1700.000000 0.000000
1 0 19.000000 0.000000 0.000000 0.398493 -0.000000 0.000000 -0.347754 -0.000000 0.000000 0.848526 0.000000 2500.000000 0.999863
1 1 21.000000 0.000000 -0.000000 0.056159 0.000000 0.000000 0.654080 -0.000000 0.000000 0.754006 0.000000 3200.000000 0.999749
1 0 21.000000 -0.000000 -0.000000 -0.451526 0.000000 -0.000000 0.281329 -0.000000 0.000000 0.466493 0.000000 3200.000000 0.707557
1 0 12.000000 0.000000 0.000000 0.000000 0.000000 0.000000 0.000000 0.000000 0.000000 0.000000 0.000000 2000.000000 0.000000
1 0 12.000000 -0.000000 -0.000000 -0.029671 0.000000 -0.000000 0.014503 -0.000000 0.000000 0.999375 0.000000 2000.000000 0.999921
1 0 16.000000 0.000000 -0.000000 -0.088057 0.000000 0.000000 -0.077156 0.000000 0.000000 0.992890 0.000000 1700.000000 0.999769
1 1 18.000000 -0.851912 -0.358870 0.000000 -0.327628 0.933149 0.000000 -0.407996 0.000000 -0.000000 0.000000 2500.000000 0.999777
1 0 17.000000 0.474533 0.227184 0.336077 -0.203135 0.530712 -0.143866 -0.258501 0.000000 0.729993 0.000000 3000.000000 0.999901
1 0 14.000000 0.000000 0.000000 0.000000 0.000000 0.000000 0.000000 0.000000 0.000000 0.000000 26.000000 3500.000000 0.000000
1 0 17.000000 -0.000000 0.000000 0.545389 -0.000000 -0.000000 0.503521 0.000000 0.000000 0.669940 0.000000 3000.000000 0.999901
1 1 21.000000 0.816292 0.000000 0.000000 0.000000 0.816292 0.000000 0.000000 0.000000 0.577206 0.000000 2500.000000 0.999749
1 0 14.000000 0.474480 0.227159 0.336040 -0.203112 0.530653 -0.143850 -0.258472 0.000000 0.729912 0.000000 2000.000000 0.999790
1 0 9.000000 0.623534 0.780208 0.000000 -0.778702 0.624740 -0.000000 -0.062070 0.000000 0.000000 36.000000 1200.000000 0.999512
1 0 12.000000 -0.012896 -0.999837 0.000000 0.997830 -0.012922 -0.000000 0.063333 0.000000 0.000000 0.000000 2000.000000 0.999921
1 0 17.000000 0.000000 0.000000 0.000000 0.000000 0.000000 0.000000 0.000000 0.000000 0.000000 0.000000 3000.000000 0.000000
1 0 18.000000 -0.165506 -0.538625 -0.090186 0.426640 -0.208949 0.232481 -0.352651 0.000000 0.323585 0.000000 2500.000000 0.707577
1 0 9.000000 -0.227535 0.945821 0.000000 -0.665899 -0.323184 0.000000 0.709811 0.000000 0.000000 16.000000 1200.000000 0.999512
1 0 8.000000 0.815637 0.000000 0.000000 0.000000 0.815637 0.000000 0.000000 0.000000 0.576743 0.000000 2500.000000 0.998948
1 0 14.000000 0.816325 0.000000 0.000000 0.000000 0.816325 0.000000 0.000000 0.000000 0.577229 0.000000 3500.000000 0.999790
1 0 16.000000 -0.000000 0.000000 0.545317 -0.000000 -0.000000 0.503454 0.000000 0.000000 0.669851 0.000000 1700.000000 0.999769
1 0 17.000000 0.000000 0.000000 0.035963 -0.000000 0.000000 -0.491500 -0.000000 0.000000 0.870021 0.000000 3000.000000 0.999901
1 1 21.000000 -0.000000 -0.000000 -0.341026 0.000000 -0.000000 0.764991 -0.000000 0.000000 0.545883 0.000000 2500.000000 0.999749
1 0 18.000000 -0.134693 -0.641294 -0.000000 0.288880 -0.299010 0.000000 -0.631721 0.000000 0.000000 0.000000 2500.000000 0.707577
1 0 18.000000 -0.000000 -0.000000 0.269510 -0.000000 0.000000 0.103648 -0.000000 0.000000 -0.645978 0.000000 2500.000000 0.707577
1 0 18.000000 -0.602928 0.253984 -0.000000 -0.231873 -0.660422 -0.000000 -0.288753 0.000000 0.000000 0.000000 2500.000000 0.707577
1 0 14.000000 -0.000000 -0.000000 -0.444573 0.000000 -0.000000 0.098112 -0.000000 0.000000 0.890118 0.000000 2000.000000 0.999790
1 0 21.000000 0.351999 -0.599851 -0.000000 0.562677 0.375254 -0.000000 0.245211 0.000000 0.000000 0.000000 3200.000000 0.707557
1 0 21.000000 -0.000000 -0.000000 0.000579 0.000000 -0.000000 -0.044811 0.000000 0.000000 0.706137 0.000000 2500.000000 0.707557
##END
