##LIST_SIZE=11
##LISTDATA
0 0 6.000000 0.000000 0.000000 0.000000 0.000000 0.000000 0.000000 0.000000 0.000000 0.000000 0.000000 1100.000000 0.000000
1 0 14.000000 -0.000000 -0.000000 -0.444573 0.000000 -0.000000 0.098112 -0.000000 0.000000 0.890118 0.000000 2000.000000 0.999790
1 0 12.000000 -0.000000 -0.000000 -0.250167 0.000000 -0.000000 0.354417 -0.000000 0.000000 0.900914 0.000000 1100.000000 0.999921
1 0 18.000000 0.000000 0.000000 0.000000 0.000000 0.000000 0.000000 0.000000 0.000000 0.000000 0.000000 2500.000000 0.000000
1 0 17.000000 0.000000 0.000000 -0.114004 -0.000000 0.000000 0.391782 0.000000 0.000000 0.912859 0.000000 3000.000000 0.999901
1 1 18.000000 0.775675 -0.246277 0.044980 0.245453 0.778279 0.014233 -0.066720 0.000000 0.575290 0.000000 2500.000000 0.999777
1 1 18.000000 0.499736 0.769773 -0.000000 0.602981 -0.637969 -0.000000 -0.621476 0.000000 -0.000000 0.000000 2500.000000 0.999777
1 0 9.000000 0.000000 0.000000 0.000000 0.000000 0.000000 0.000000 0.000000 0.000000 0.000000 36.000000 1200.000000 0.000000
1 0 21.000000 -0.000000 -0.000000 0.000579 0.000000 -0.000000 -0.044811 0.000000 0.000000 0.706137 0.000000 2500.000000 0.707557
1 1 21.000000 -0.559432 -0.528683 -0.000000 0.348561 -0.848524 0.000000 -0.751691 0.000000 0.000000 0.000000 3200.000000 0.999749
1 0 14.000000 0.000000 0.000000 0.000000 0.000000 0.000000 0.000000 0.000000 0.000000 0.000000 0.000000 3500.000000 0.000000
##END
