##LIST_SIZE=400
##LISTDATA
0 0 6.000000 0.000000 0.000000 0.000000 0.000000 0.000000 0.000000 0.000000 0.000000 0.000000 0.000000 3000.000000 0.000000
1 0 14.000000 0.063483 0.997125 0.000000 -0.867605 0.072959 -0.000000 -0.492759 0.000000 0.000000 8.000000 3500.000000 0.999790
1 0 11.000000 0.000000 0.000000 0.000000 0.000000 0.000000 0.000000 0.000000 0.000000 0.000000 0.000000 1200.000000 0.000000
1 0 9.000000 -0.000000 0.000000 0.229511 -0.000000 -0.000000 0.671682 0.000000 0.000000 0.703700 36.000000 1200.000000 0.999512
1 0 20.000000 -0.233873 -0.761117 -0.127440 0.602874 -0.295260 0.328514 -0.498321 0.000000 0.457249 0.000000 2500.000000 0.999858
1 0 18.000000 0.207418 0.451041 0.416662 -0.259647 0.360314 -0.521578 -0.472044 0.000000 0.469976 16.000000 3000.000000 0.999897
1 0 16.000000 0.359213 -0.781127 -0.000000 -0.449664 -0.624002 0.000000 -0.817500 0.000000 -0.000000 0.000000 1700.000000 0.999769
1 0 14.000000 -0.000000 -0.000000 0.557696 -0.000000 0.000000 0.811866 -0.000000 0.000000 -0.171553 0.000000 2000.000000 0.999790
0 0 6.000000 0.000000 0.000000 0.000000 0.000000 0.000000 0.000000 0.000000 0.000000 0.000000 0.000000 1500.000000 0.000000
1 0 18.000000 -0.524644 0.221552 -0.133628 -0.218043 -0.533085 -0.055536 -0.102325 0.000000 0.803485 0.000000 1500.000000 0.999897
1 0 18.000000 0.816412 0.000000 0.000000 0.000000 0.816412 0.000000 0.000000 0.000000 0.577291 10.000000 1500.000000 0.999897
1 0 16.000000 -0.000000 0.000000 0.846048 0.000000 0.000000 -0.436830 -0.000000 0.000000 -0.304829 0.000000 1700.000000 0.999769
1 0 8.000000 0.000000 0.000000 0.000000 0.000000 0.000000 0.000000 0.000000 0.000000 0.000000 40.000000 1000.000000 0.000000
1 0 11.000000 0.000000 -0.000000 -0.512800 0.000000 0.000000 -0.314824 0.000000 0.000000 0.797687 0.000000 1200.000000 0.999191
1 0 16.000000 -0.056080 -0.475777 0.455347 -0.081638 0.326826 0.662871 -0.568656 0.000000 -0.140069 0.000000 1700.000000 0.999769
1 0 14.000000 -0.056081 -0.475787 0.455357 -0.081640 0.326833 0.662886 -0.568668 0.000000 -0.140072 0.000000 2000.000000 0.999790
1 0 18.000000 -0.000000 0.000000 -0.994953 -0.000000 -0.000000 -0.079606 -0.000000 0.000000 0.059369 16.000000 3000.000000 0.999897
1 0 20.000000 0.000000 -0.000000 -0.530032 0.000000 0.000000 -0.734972 0.000000 0.000000 0.422610 0.000000 2500.000000 0.999858
1 0 16.000000 0.000000 -0.000000 -0.510239 -0.000000 -0.000000 0.638719 -0.000000 0.000000 -0.575527 0.000000 1700.000000 0.999769
1 0 16.000000 0.000000 0.000000 0.000000 0.000000 0.000000 0.000000 0.000000 0.000000 0.000000 0.000000 1000.000000 0.000000
1 0 18.000000 -0.011368 0.552148 -0.237773 -0.037248 -0.168515 -0.779076 -0.575976 0.000000 0.055076 16.000000 3000.000000 0.999897
1 0 18.000000 -0.000000 -0.000000 -0.250161 0.000000 -0.000000 0.354408 -0.000000 0.000000 0.900893 0.000000 1500.000000 0.999897
1 0 14.000000 0.000000 0.000000 -0.113991 -0.000000 0.000000 0.391739 0.000000 0.000000 0.912758 8.000000 3500.000000 0.999790
1 0 18.000000 0.354174 -0.668598 0.216872 0.505427 0.468514 0.309489 -0.534447 0.000000 0.436403 0.000000 3000.000000 0.999897
1 0 20.000000 -0.000000 -0.000000 0.557734 -0.000000 0.000000 0.811921 -0.000000 0.000000 -0.171564 0.000000 3500.000000 0.999858
1 0 18.000000 0.000000 -0.000000 -0.510305 -0.000000 -0.000000 0.638800 -0.000000 0.000000 -0.575601 16.000000 3000.000000 0.999897
1 0 16.000000 -0.000000 0.000000 0.545317 -0.000000 -0.000000 0.503454 0.000000 0.000000 0.669851 0.000000 1000.000000 0.999769
1 0 12.000000 0.746893 -0.658966 -0.000000 0.654432 0.752068 -0.000000 0.117095 0.000000 0.000000 0.000000 2000.000000 0.999921
1 0 9.000000 -0.000000 0.000000 -0.121162 -0.000000 -0.000000 -0.040529 -0.000000 0.000000 0.991313 0.000000 1200.000000 0.999512
1 0 8.000000 0.000000 0.000000 0.000000 0.000000 0.000000 0.000000 0.000000 0.000000 0.000000 40.000000 2500.000000 0.000000
1 0 18.000000 -0.491910 0.207218 -0.310964 -0.189178 -0.538818 -0.119590 -0.235585 0.000000 0.745338 16.000000 3000.000000 0.999897
1 0 18.000000 -0.000000 0.000000 -0.380851 -0.000000 -0.000000 -0.146468 -0.000000 0.000000 0.912849 0.000000 3000.000000 0.999897
1 0 16.000000 0.433717 -0.818757 0.000000 0.618940 0.573737 0.000000 -0.654478 0.000000 0.000000 12.000000 2300.000000 0.999769
1 0 14.000000 -0.181576 0.564786 -0.000000 -0.124307 -0.824983 -0.000000 -0.975274 0.000000 0.000000 26.000000 3500.000000 0.999790
1 0 18.000000 0.000000 0.000000 -0.396618 0.000000 -0.000000 -0.478559 -0.000000 0.000000 -0.783242 16.000000 3000.000000 0.999897
1 0 14.000000 0.000000 0.000000 0.411563 -0.000000 0.000000 -0.176179 -0.000000 0.000000 0.893956 26.000000 3500.000000 0.999790
1 0 9.000000 0.000000 0.000000 0.000000 0.000000 0.000000 0.000000 0.000000 0.000000 0.000000 16.000000 1200.000000 0.000000
1 0 11.000000 -0.000000 -0.000000 -0.029650 0.000000 -0.000000 0.014493 -0.000000 0.000000 0.998646 30.000000 3000.000000 0.999191
1 0 18.000000 -0.000000 0.000000 0.846156 0.000000 0.000000 -0.436885 -0.000000 0.000000 -0.304868 0.000000 3000.000000 0.999897
1 0 12.000000 -0.000000 -0.000000 -0.250167 0.000000 -0.000000 0.354417 -0.000000 0.000000 0.900914 0.000000 1000.000000 0.999921
0 0 6.000000 0.000000 0.000000 0.000000 0.000000 0.000000 0.000000 0.000000 0.000000 0.000000 10.000000 1500.000000 0.000000
1 0 18.000000 0.522018 0.536801 0.230078 -0.455552 0.615121 -0.200783 -0.431855 0.000000 0.489913 16.000000 3000.000000 0.999897
1 0 18.000000 0.000000 -0.000000 0.612741 0.000000 0.000000 0.362513 -0.000000 0.000000 0.702087 16.000000 3000.000000 0.999897
1 0 18.000000 -0.491910 -0.207218 0.310964 -0.189178 0.538818 0.119590 -0.235585 0.000000 -0.745338 16.000000 3000.000000 0.999897
1 0 20.000000 -0.000000 0.000000 -0.994915 -0.000000 -0.000000 -0.079603 -0.000000 0.000000 0.059367 0.000000 3500.000000 0.999858
1 0 8.000000 0.815637 0.000000 0.000000 0.000000 0.815637 0.000000 0.000000 0.000000 0.576743 12.000000 2500.000000 0.998948
1 0 16.000000 0.000000 -0.000000 -0.529985 0.000000 0.000000 -0.734906 0.000000 0.000000 0.422572 12.000000 2300.000000 0.999769
1 0 12.000000 0.821930 0.393502 0.000000 -0.351847 0.919238 -0.000000 -0.447745 0.000000 0.000000 0.000000 2000.000000 0.999921
1 0 18.000000 0.000000 0.000000 0.510305 -0.000000 0.000000 -0.638800 -0.000000 0.000000 0.575601 0.000000 3000.000000 0.999897
1 0 12.000000 0.821930 0.393502 0.000000 -0.351847 0.919238 -0.000000 -0.447745 0.000000 0.000000 25.000000 2000.000000 0.999921
1 0 14.000000 0.000000 -0.000000 -0.088059 0.000000 0.000000 -0.077157 0.000000 0.000000 0.992911 0.000000 3500.000000 0.999790
1 0 18.000000 -0.000000 0.000000 -0.163660 -0.000000 -0.000000 -0.068018 -0.000000 0.000000 0.984064 10.000000 1500.000000 0.999897
1 0 12.000000 0.000000 -0.000000 -0.088070 0.000000 0.000000 -0.077168 0.000000 0.000000 0.993041 0.000000 2000.000000 0.999921
1 0 12.000000 0.431219 -0.380454 -0.071909 0.377836 0.434207 -0.063007 0.067605 0.000000 0.810815 0.000000 2000.000000 0.999921
1 0 16.000000 -0.059172 0.079736 -0.000000 -0.004734 -0.996584 -0.000000 -0.998005 0.000000 0.000000 0.000000 1700.000000 0.999769
1 0 16.000000 0.000000 0.000000 -0.396567 0.000000 -0.000000 -0.478498 -0.000000 0.000000 -0.783142 0.000000 1700.000000 0.999769
1 0 16.000000 -0.491847 0.207192 -0.310924 -0.189154 -0.538749 -0.119575 -0.235555 0.000000 0.745243 0.000000 1700.000000 0.999769
1 0 20.000000 -0.000000 -0.000000 -0.377226 0.000000 -0.000000 0.809047 -0.000000 0.000000 0.450400 0.000000 3500.000000 0.999858
1 0 18.000000 0.816412 0.000000 0.000000 0.000000 0.816412 0.000000 0.000000 0.000000 0.577291 0.000000 1500.000000 0.999897
1 0 18.000000 0.288557 0.444482 -0.323837 0.348173 -0.368375 -0.390742 -0.358852 0.000000 -0.639515 0.000000 3000.000000 0.999897
1 0 14.000000 0.000000 -0.000000 -0.088059 0.000000 0.000000 -0.077157 0.000000 0.000000 0.992911 8.000000 3500.000000 0.999790
1 0 12.000000 0.000000 -0.816432 0.000000 0.816432 0.000000 0.000000 0.000000 0.000000 0.577304 0.000000 1000.000000 0.999921
1 0 16.000000 -0.000000 -0.000000 -0.250129 0.000000 -0.000000 0.354363 -0.000000 0.000000 0.900777 12.000000 2300.000000 0.999769
1 0 16.000000 -0.000000 0.000000 -0.291174 -0.000000 -0.000000 -0.954047 -0.000000 0.000000 0.067445 0.000000 1700.000000 0.999769
1 0 14.000000 0.000000 0.000000 -0.113991 -0.000000 0.000000 0.391739 0.000000 0.000000 0.912758 0.000000 3500.000000 0.999790
1 0 14.000000 0.775685 -0.246280 0.044981 0.245456 0.778289 0.014234 -0.066721 0.000000 0.575298 0.000000 2000.000000 0.999790
1 0 11.000000 -0.000000 0.000000 0.372818 -0.000000 -0.000000 0.240981 0.000000 0.000000 0.895163 0.000000 1200.000000 0.999191
1 0 9.000000 0.816098 0.000000 0.000000 0.000000 0.816098 0.000000 0.000000 0.000000 0.577069 0.000000 1200.000000 0.999512
1 0 14.000000 -0.000000 0.000000 0.545329 -0.000000 -0.000000 0.503465 0.000000 0.000000 0.669866 0.000000 3500.000000 0.999790
0 0 6.000000 0.000000 0.000000 0.000000 0.000000 0.000000 0.000000 0.000000 0.000000 0.000000 4.000000 1500.000000 0.000000
1 0 16.000000 0.000000 0.000000 0.398455 -0.000000 0.000000 -0.347721 -0.000000 0.000000 0.848446 12.000000 2300.000000 0.999769
1 0 14.000000 0.000000 0.000000 0.000000 0.000000 0.000000 0.000000 0.000000 0.000000 0.000000 0.000000 3500.000000 0.000000
1 0 18.000000 -0.056087 -0.475838 0.455405 -0.081648 0.326868 0.662956 -0.568729 0.000000 -0.140087 16.000000 3000.000000 0.999897
1 0 11.000000 0.000000 -0.000000 -0.512800 0.000000 0.000000 -0.314824 0.000000 0.000000 0.797687 0.000000 3000.000000 0.999191
1 0 18.000000 -0.000000 -0.000000 -0.250161 0.000000 -0.000000 0.354408 -0.000000 0.000000 0.900893 10.000000 1500.000000 0.999897
1 0 18.000000 0.000000 0.000000 0.000000 0.000000 0.000000 0.000000 0.000000 0.000000 0.000000 0.000000 1500.000000 0.000000
1 0 18.000000 -0.741958 0.313321 -0.094489 -0.308360 -0.753896 -0.039270 -0.144709 0.000000 0.568150 0.000000 3000.000000 0.999897
0 0 6.000000 0.000000 0.000000 0.000000 0.000000 0.000000 0.000000 0.000000 0.000000 0.000000 4.000000 3000.000000 0.000000
1 0 18.000000 -0.034168 0.046042 -0.812376 -0.002734 -0.575452 -0.064998 -0.576272 0.000000 0.048475 16.000000 3000.000000 0.999897
1 0 11.000000 -0.000000 -0.000000 -0.029650 0.000000 -0.000000 0.014493 -0.000000 0.000000 0.998646 0.000000 3000.000000 0.999191
1 0 16.000000 0.000000 0.000000 0.510239 -0.000000 0.000000 -0.638719 -0.000000 0.000000 0.575527 0.000000 1700.000000 0.999769
1 0 14.000000 -0.000000 -0.000000 -0.444573 0.000000 -0.000000 0.098112 -0.000000 0.000000 0.890118 8.000000 3500.000000 0.999790
1 0 11.000000 -0.000000 0.000000 0.372818 -0.000000 -0.000000 0.240981 0.000000 0.000000 0.895163 30.000000 3000.000000 0.999191
1 0 12.000000 0.816432 0.000000 0.000000 0.000000 0.816432 0.000000 0.000000 0.000000 0.577304 0.000000 1000.000000 0.999921
1 0 16.000000 -0.000000 -0.000000 -0.377193 0.000000 -0.000000 0.808975 -0.000000 0.000000 0.450359 0.000000 1700.000000 0.999769
1 0 18.000000 -0.000000 -0.000000 0.557755 -0.000000 0.000000 0.811952 -0.000000 0.000000 -0.171571 16.000000 3000.000000 0.999897
1 0 14.000000 0.000000 -0.000000 -0.510250 -0.000000 -0.000000 0.638732 -0.000000 0.000000 -0.575540 0.000000 2000.000000 0.999790
1 0 14.000000 -0.000000 0.000000 0.545329 -0.000000 -0.000000 0.503465 0.000000 0.000000 0.669866 8.000000 3500.000000 0.999790
1 0 16.000000 -0.000000 0.000000 -0.380803 -0.000000 -0.000000 -0.146449 -0.000000 0.000000 0.912732 0.000000 1700.000000 0.999769
1 0 16.000000 0.639257 0.657360 0.000000 -0.557863 0.753270 -0.000000 -0.528845 0.000000 0.000000 12.000000 2300.000000 0.999769
1 0 16.000000 -0.100700 -0.799752 0.091147 0.492350 -0.163572 -0.445642 0.643280 0.000000 0.355351 12.000000 2300.000000 0.999769
1 0 12.000000 -0.284198 0.391610 0.445317 -0.262381 -0.424172 0.411131 0.428565 0.000000 0.547014 0.000000 2000.000000 0.999921
1 0 18.000000 -0.156399 0.264847 0.690884 0.080752 0.512953 -0.356715 -0.549803 0.000000 -0.248923 0.000000 3000.000000 0.999897
1 0 16.000000 -0.019688 0.956226 -0.000000 -0.064508 -0.291839 -0.000000 -0.997491 0.000000 0.000000 0.000000 1700.000000 0.999769
1 0 18.000000 0.288557 0.444482 -0.323837 0.348173 -0.368375 -0.390742 -0.358852 0.000000 -0.639515 16.000000 3000.000000 0.999897
1 0 14.000000 -0.851923 -0.358874 0.000000 -0.327632 0.933161 0.000000 -0.408001 0.000000 -0.000000 0.000000 2000.000000 0.999790
1 0 12.000000 0.063491 0.997255 0.000000 -0.867718 0.072969 -0.000000 -0.492824 0.000000 0.000000 25.000000 2000.000000 0.999921
1 0 9.000000 -0.000000 0.000000 -0.121162 -0.000000 -0.000000 -0.040529 -0.000000 0.000000 0.991313 36.000000 1200.000000 0.999512
1 0 14.000000 0.746796 -0.658880 -0.000000 0.654346 0.751970 -0.000000 0.117079 0.000000 0.000000 26.000000 3500.000000 0.999790
1 0 12.000000 0.474542 0.227188 0.336084 -0.203139 0.530722 -0.143869 -0.258506 0.000000 0.730007 0.000000 2000.000000 0.999921
1 0 9.000000 -0.227535 0.945821 0.000000 -0.665899 -0.323184 0.000000 0.709811 0.000000 0.000000 16.000000 1200.000000 0.999512
1 0 18.000000 -0.011368 0.552148 -0.237773 -0.037248 -0.168515 -0.779076 -0.575976 0.000000 0.055076 0.000000 3000.000000 0.999897
1 0 14.000000 0.348830 -0.293917 0.500248 0.206377 0.496796 0.295959 -0.410999 0.000000 0.573190 0.000000 2000.000000 0.999790
1 0 11.000000 -0.000000 -0.000000 -0.340836 0.000000 -0.000000 0.764564 -0.000000 0.000000 0.545578 0.000000 3000.000000 0.999191
1 0 14.000000 -0.181576 0.564786 -0.000000 -0.124307 -0.824983 -0.000000 -0.975274 0.000000 0.000000 0.000000 3500.000000 0.999790
1 0 9.000000 -0.000000 0.000000 -0.121162 -0.000000 -0.000000 -0.040529 -0.000000 0.000000 0.991313 16.000000 1200.000000 0.999512
1 0 12.000000 -0.233887 -0.761165 -0.127448 0.602912 -0.295278 0.328534 -0.498352 0.000000 0.457278 25.000000 2000.000000 0.999921
1 0 14.000000 -0.233857 -0.761065 -0.127431 0.602833 -0.295240 0.328491 -0.498287 0.000000 0.457218 0.000000 2000.000000 0.999790
1 0 12.000000 0.000000 0.000000 0.411617 -0.000000 0.000000 -0.176202 -0.000000 0.000000 0.894073 0.000000 2000.000000 0.999921
1 0 9.000000 0.000000 0.000000 0.000000 0.000000 0.000000 0.000000 0.000000 0.000000 0.000000 36.000000 1200.000000 0.000000
1 0 11.000000 -0.000000 -0.000000 -0.340836 0.000000 -0.000000 0.764564 -0.000000 0.000000 0.545578 30.000000 3000.000000 0.999191
1 0 14.000000 -0.000000 -0.000000 0.380811 -0.000000 0.000000 0.146452 -0.000000 0.000000 -0.912752 0.000000 2000.000000 0.999790
1 0 16.000000 0.775668 -0.246275 0.044980 0.245451 0.778272 0.014233 -0.066719 0.000000 0.575286 12.000000 2300.000000 0.999769
1 0 9.000000 0.816098 0.000000 0.000000 0.000000 0.816098 0.000000 0.000000 0.000000 0.577069 16.000000 1200.000000 0.999512
1 0 16.000000 0.348822 -0.293911 0.500237 0.206372 0.496785 0.295953 -0.410990 0.000000 0.573178 0.000000 1700.000000 0.999769
1 0 11.000000 -0.000000 -0.000000 -0.029650 0.000000 -0.000000 0.014493 -0.000000 0.000000 0.998646 30.000000 1200.000000 0.999191
1 0 18.000000 0.201841 -0.662182 -0.306026 0.279884 0.477539 -0.424352 0.739901 0.000000 0.244003 0.000000 3000.000000 0.999897
1 0 20.000000 -0.424167 -0.666965 -0.144425 0.600926 -0.470782 0.204610 -0.354186 0.000000 0.520111 0.000000 3500.000000 0.999858
1 0 9.000000 0.089333 -0.978429 -0.000000 0.428023 0.204208 -0.000000 0.898800 0.000000 0.000000 0.000000 1200.000000 0.999512
1 0 20.000000 0.775738 -0.246297 0.044984 0.245473 0.778342 0.014235 -0.066725 0.000000 0.575337 0.000000 2500.000000 0.999858
1 0 18.000000 -0.299943 -0.471634 -0.204256 0.424935 -0.332906 0.289373 -0.250457 0.000000 0.735576 0.000000 1500.000000 0.999897
1 0 18.000000 0.000000 -0.000000 -0.510305 -0.000000 -0.000000 0.638800 -0.000000 0.000000 -0.575601 0.000000 3000.000000 0.999897
1 0 18.000000 -0.000000 0.000000 -0.994953 -0.000000 -0.000000 -0.079606 -0.000000 0.000000 0.059369 0.000000 3000.000000 0.999897
1 0 18.000000 -0.109892 -0.523213 -0.308016 0.235688 -0.243953 0.660610 -0.515402 0.000000 0.367764 16.000000 3000.000000 0.999897
1 0 18.000000 0.142723 -0.468234 -0.432786 0.197908 0.337671 -0.600125 0.523189 0.000000 0.345073 10.000000 1500.000000 0.999897
1 0 18.000000 -0.000000 0.000000 0.846156 0.000000 0.000000 -0.436885 -0.000000 0.000000 -0.304868 16.000000 3000.000000 0.999897
0 0 6.000000 0.000000 0.000000 0.000000 0.000000 0.000000 0.000000 0.000000 0.000000 0.000000 4.000000 900.000000 0.000000
1 0 12.000000 0.000000 0.000000 0.411617 -0.000000 0.000000 -0.176202 -0.000000 0.000000 0.894073 25.000000 2000.000000 0.999921
1 0 14.000000 0.000000 0.000000 0.411563 -0.000000 0.000000 -0.176179 -0.000000 0.000000 0.893956 0.000000 3500.000000 0.999790
1 0 8.000000 0.540169 0.000000 0.000000 0.000000 0.540169 0.000000 0.000000 0.000000 0.381957 0.000000 1000.000000 0.661569
1 0 11.000000 0.815836 0.000000 0.000000 0.000000 0.815836 0.000000 0.000000 0.000000 0.576883 0.000000 3000.000000 0.999191
1 0 8.000000 0.815637 0.000000 0.000000 0.000000 0.815637 0.000000 0.000000 0.000000 0.576743 12.000000 1000.000000 0.998948
1 0 14.000000 -0.190318 -0.906134 -0.000000 0.408180 -0.422494 0.000000 -0.892608 0.000000 0.000000 0.000000 2000.000000 0.999790
1 0 18.000000 0.000000 0.000000 0.398506 -0.000000 0.000000 -0.347766 -0.000000 0.000000 0.848555 10.000000 1500.000000 0.999897
1 0 14.000000 -0.000000 0.000000 0.846066 0.000000 0.000000 -0.436839 -0.000000 0.000000 -0.304835 0.000000 2000.000000 0.999790
1 0 18.000000 -0.000000 -0.000000 0.380851 -0.000000 0.000000 0.146468 -0.000000 0.000000 -0.912849 16.000000 3000.000000 0.999897
1 0 18.000000 -0.299943 -0.471634 -0.204256 0.424935 -0.332906 0.289373 -0.250457 0.000000 0.735576 10.000000 1500.000000 0.999897
1 0 18.000000 -0.056087 -0.475838 0.455405 -0.081648 0.326868 0.662956 -0.568729 0.000000 -0.140087 0.000000 3000.000000 0.999897
1 0 20.000000 0.000000 -0.000000 0.612718 0.000000 0.000000 0.362500 -0.000000 0.000000 0.702060 0.000000 3500.000000 0.999858
1 0 20.000000 0.000000 0.000000 0.000000 0.000000 0.000000 0.000000 0.000000 0.000000 0.000000 0.000000 2500.000000 0.000000
1 0 11.000000 -0.000000 0.000000 0.372818 -0.000000 -0.000000 0.240981 0.000000 0.000000 0.895163 0.000000 3000.000000 0.999191
1 0 9.000000 0.000000 0.000000 0.038797 -0.000000 0.000000 -0.048451 -0.000000 0.000000 0.997583 36.000000 1200.000000 0.999512
1 0 14.000000 0.000000 0.000000 0.000000 0.000000 0.000000 0.000000 0.000000 0.000000 0.000000 0.000000 2000.000000 0.000000
1 0 18.000000 0.000000 -0.000000 -0.530052 0.000000 0.000000 -0.735000 0.000000 0.000000 0.422626 0.000000 1500.000000 0.999897
1 0 12.000000 0.775786 -0.246312 0.044986 0.245488 0.778390 0.014235 -0.066730 0.000000 0.575373 0.000000 2000.000000 0.999921
1 0 14.000000 -0.034164 0.046037 -0.812289 -0.002733 -0.575390 -0.064991 -0.576211 0.000000 0.048469 0.000000 2000.000000 0.999790
1 0 18.000000 -0.741958 0.313321 -0.094489 -0.308360 -0.753896 -0.039270 -0.144709 0.000000 0.568150 16.000000 3000.000000 0.999897
1 0 16.000000 -0.000000 -0.000000 0.380803 -0.000000 0.000000 0.146449 -0.000000 0.000000 -0.912732 0.000000 1700.000000 0.999769
1 0 12.000000 -0.869316 -0.215486 -0.000000 0.191848 -0.976426 0.000000 -0.455330 0.000000 0.000000 25.000000 2000.000000 0.999921
1 0 14.000000 0.604191 -0.509080 0.000000 0.357455 0.860476 0.000000 -0.711871 0.000000 0.000000 0.000000 2000.000000 0.999790
1 0 9.000000 0.000000 -0.000000 -0.183632 0.000000 0.000000 -0.879841 0.000000 0.000000 0.437246 16.000000 1200.000000 0.999512
1 0 14.000000 -0.000000 0.000000 -0.380811 -0.000000 -0.000000 -0.146452 -0.000000 0.000000 0.912752 0.000000 2000.000000 0.999790
1 0 12.000000 -0.519529 -0.816913 -0.000000 0.736027 -0.576623 0.000000 -0.433815 0.000000 0.000000 0.000000 1000.000000 0.999921
1 0 14.000000 0.288526 0.444434 -0.323803 0.348136 -0.368336 -0.390700 -0.358814 0.000000 -0.639447 0.000000 2000.000000 0.999790
1 0 20.000000 0.354160 -0.668572 0.216864 0.505407 0.468497 0.309477 -0.534427 0.000000 0.436386 0.000000 3500.000000 0.999858
1 0 14.000000 0.000000 0.000000 0.510250 -0.000000 0.000000 -0.638732 -0.000000 0.000000 0.575540 0.000000 2000.000000 0.999790
1 0 18.000000 0.000000 0.000000 0.000000 0.000000 0.000000 0.000000 0.000000 0.000000 0.000000 10.000000 1500.000000 0.000000
1 0 12.000000 0.746893 -0.658966 -0.000000 0.654432 0.752068 -0.000000 0.117095 0.000000 0.000000 25.000000 2000.000000 0.999921
1 0 14.000000 -0.000000 0.000000 0.545329 -0.000000 -0.000000 0.503465 0.000000 0.000000 0.669866 26.000000 3500.000000 0.999790
1 0 8.000000 0.540169 0.000000 0.000000 0.000000 0.540169 0.000000 0.000000 0.000000 0.381957 12.000000 2500.000000 0.661569
1 0 18.000000 0.201841 -0.662182 -0.306026 0.279884 0.477539 -0.424352 0.739901 0.000000 0.244003 16.000000 3000.000000 0.999897
1 0 12.000000 -0.100715 -0.799873 0.091161 0.492425 -0.163597 -0.445710 0.643378 0.000000 0.355405 0.000000 2000.000000 0.999921
1 0 16.000000 -0.519450 -0.816789 -0.000000 0.735915 -0.576536 0.000000 -0.433749 0.000000 0.000000 12.000000 2300.000000 0.999769
0 0 6.000000 0.000000 0.000000 0.000000 0.000000 0.000000 0.000000 0.000000 0.000000 0.000000 10.000000 900.000000 0.000000
1 0 9.000000 0.000000 0.000000 0.000000 0.000000 0.000000 0.000000 0.000000 0.000000 0.000000 0.000000 1200.000000 0.000000
1 0 14.000000 0.000000 -0.000000 0.612676 0.000000 0.000000 0.362475 -0.000000 0.000000 0.702012 0.000000 2000.000000 0.999790
1 0 11.000000 0.000000 0.000000 0.000000 0.000000 0.000000 0.000000 0.000000 0.000000 0.000000 30.000000 1200.000000 0.000000
1 0 11.000000 -0.000000 -0.000000 0.000818 0.000000 -0.000000 -0.063281 0.000000 0.000000 0.997185 30.000000 3000.000000 0.999191
1 0 14.000000 -0.000000 -0.000000 -0.377201 0.000000 -0.000000 0.808992 -0.000000 0.000000 0.450369 0.000000 2000.000000 0.999790
1 0 14.000000 -0.851923 0.358874 -0.000000 -0.327632 -0.933161 -0.000000 -0.408001 0.000000 0.000000 0.000000 2000.000000 0.999790
1 0 9.000000 0.816098 0.000000 0.000000 0.000000 0.816098 0.000000 0.000000 0.000000 0.577069 36.000000 1200.000000 0.999512
1 0 18.000000 0.207418 0.451041 0.416662 -0.259647 0.360314 -0.521578 -0.472044 0.000000 0.469976 0.000000 3000.000000 0.999897
1 0 14.000000 0.207396 0.450993 0.416618 -0.259619 0.360275 -0.521523 -0.471994 0.000000 0.469926 0.000000 2000.000000 0.999790
1 0 14.000000 -0.491858 -0.207196 0.310931 -0.189158 0.538761 0.119577 -0.235560 0.000000 -0.745259 0.000000 2000.000000 0.999790
1 0 16.000000 0.288520 0.444425 -0.323796 0.348128 -0.368328 -0.390692 -0.358806 0.000000 -0.639433 0.000000 1700.000000 0.999769
1 0 18.000000 0.000000 -0.000000 -0.530052 0.000000 0.000000 -0.735000 0.000000 0.000000 0.422626 10.000000 1500.000000 0.999897
1 0 12.000000 -0.869316 -0.215486 -0.000000 0.191848 -0.976426 0.000000 -0.455330 0.000000 0.000000 0.000000 2000.000000 0.999921
1 0 12.000000 0.147258 0.554313 -0.093086 -0.506060 0.161299 0.319895 0.235582 0.000000 0.745361 0.000000 2000.000000 0.999921
1 0 18.000000 0.000000 -0.000000 0.612741 0.000000 0.000000 0.362513 -0.000000 0.000000 0.702087 0.000000 3000.000000 0.999897
1 0 9.000000 -0.940113 0.317070 -0.000000 -0.314469 -0.947888 -0.000000 -0.127760 0.000000 0.000000 16.000000 1200.000000 0.999512
1 0 12.000000 -0.104847 0.326122 -0.657164 -0.071778 -0.476367 -0.449896 -0.563148 0.000000 0.179694 0.000000 2000.000000 0.999921
1 0 11.000000 0.000000 0.000000 0.000000 0.000000 0.000000 0.000000 0.000000 0.000000 0.000000 30.000000 3000.000000 0.000000
1 0 11.000000 0.000000 0.000000 0.000000 0.000000 0.000000 0.000000 0.000000 0.000000 0.000000 0.000000 3000.000000 0.000000
1 0 18.000000 -0.424184 -0.666991 -0.144431 0.600949 -0.470800 0.204618 -0.354200 0.000000 0.520131 0.000000 3000.000000 0.999897
1 0 18.000000 0.369122 0.379575 0.325379 -0.322124 0.434956 -0.283950 -0.305368 0.000000 0.692842 0.000000 1500.000000 0.999897
1 0 18.000000 0.348867 -0.293949 0.500301 0.206399 0.496849 0.295991 -0.411042 0.000000 0.573251 16.000000 3000.000000 0.999897
1 0 8.000000 0.000000 0.000000 0.000000 0.000000 0.000000 0.000000 0.000000 0.000000 0.000000 0.000000 1000.000000 0.000000
1 0 11.000000 0.815836 0.000000 0.000000 0.000000 0.815836 0.000000 0.000000 0.000000 0.576883 30.000000 3000.000000 0.999191
1 0 11.000000 0.000000 -0.000000 -0.512800 0.000000 0.000000 -0.314824 0.000000 0.000000 0.797687 30.000000 3000.000000 0.999191
1 0 12.000000 -0.000000 -0.000000 -0.444631 0.000000 -0.000000 0.098125 -0.000000 0.000000 0.890234 25.000000 2000.000000 0.999921
1 0 14.000000 0.746796 -0.658880 -0.000000 0.654346 0.751970 -0.000000 0.117079 0.000000 0.000000 0.000000 3500.000000 0.999790
1 0 16.000000 0.499731 0.769767 -0.000000 0.602976 -0.637963 -0.000000 -0.621471 0.000000 -0.000000 0.000000 1700.000000 0.999769
1 0 12.000000 0.247210 -0.811024 -0.000000 0.342795 0.584878 -0.000000 0.906212 0.000000 0.000000 0.000000 1000.000000 0.999921
1 0 20.000000 -0.000000 0.000000 -0.380837 -0.000000 -0.000000 -0.146462 -0.000000 0.000000 0.912814 0.000000 3500.000000 0.999858
1 0 16.000000 -0.000000 0.000000 -0.994826 -0.000000 -0.000000 -0.079596 -0.000000 0.000000 0.059361 0.000000 1700.000000 0.999769
1 0 16.000000 -0.011367 0.552077 -0.237743 -0.037243 -0.168493 -0.778976 -0.575902 0.000000 0.055069 0.000000 1700.000000 0.999769
1 0 14.000000 -0.000000 -0.000000 -0.444573 0.000000 -0.000000 0.098112 -0.000000 0.000000 0.890118 26.000000 3500.000000 0.999790
1 0 14.000000 -0.000000 -0.000000 -0.444573 0.000000 -0.000000 0.098112 -0.000000 0.000000 0.890118 0.000000 3500.000000 0.999790
1 0 14.000000 -0.869203 -0.215457 -0.000000 0.191823 -0.976298 0.000000 -0.455270 0.000000 0.000000 0.000000 3500.000000 0.999790
1 0 16.000000 -0.034163 0.046036 -0.812272 -0.002733 -0.575378 -0.064990 -0.576198 0.000000 0.048468 0.000000 1700.000000 0.999769
1 0 18.000000 -0.000000 -0.000000 -0.377241 0.000000 -0.000000 0.809078 -0.000000 0.000000 0.450417 0.000000 3000.000000 0.999897
1 0 16.000000 -0.000000 0.000000 -0.804736 -0.000000 -0.000000 -0.550924 -0.000000 0.000000 0.220046 0.000000 1000.000000 0.999769
1 0 14.000000 0.816325 0.000000 0.000000 0.000000 0.816325 0.000000 0.000000 0.000000 0.577229 0.000000 3500.000000 0.999790
1 0 9.000000 0.623534 0.780208 0.000000 -0.778702 0.624740 -0.000000 -0.062070 0.000000 0.000000 0.000000 1200.000000 0.999512
1 0 12.000000 0.433783 -0.818882 0.000000 0.619034 0.573824 0.000000 -0.654577 0.000000 0.000000 0.000000 1000.000000 0.999921
1 0 18.000000 0.354174 -0.668598 0.216872 0.505427 0.468514 0.309489 -0.534447 0.000000 0.436403 16.000000 3000.000000 0.999897
1 0 12.000000 -0.492246 0.678288 0.000000 -0.454457 -0.734688 0.000000 0.742297 0.000000 0.000000 25.000000 2000.000000 0.999921
1 0 12.000000 0.000000 0.000000 0.398516 -0.000000 0.000000 -0.347774 -0.000000 0.000000 0.848575 0.000000 1000.000000 0.999921
1 0 20.000000 -0.000000 0.000000 -0.163654 -0.000000 -0.000000 -0.068015 -0.000000 0.000000 0.984027 0.000000 2500.000000 0.999858
1 0 9.000000 -0.940113 0.317070 -0.000000 -0.314469 -0.947888 -0.000000 -0.127760 0.000000 0.000000 0.000000 1200.000000 0.999512
1 0 14.000000 0.821823 0.393450 0.000000 -0.351801 0.919118 -0.000000 -0.447687 0.000000 0.000000 26.000000 3500.000000 0.999790
1 0 12.000000 -0.000000 0.000000 -0.163664 -0.000000 -0.000000 -0.068019 -0.000000 0.000000 0.984088 0.000000 1000.000000 0.999921
1 0 8.000000 0.540169 0.000000 0.000000 0.000000 0.540169 0.000000 0.000000 0.000000 0.381957 0.000000 2500.000000 0.661569
1 0 8.000000 0.815637 0.000000 0.000000 0.000000 0.815637 0.000000 0.000000 0.000000 0.576743 0.000000 2500.000000 0.998948
1 0 18.000000 -0.000000 0.000000 -0.291212 -0.000000 -0.000000 -0.954169 -0.000000 0.000000 0.067454 16.000000 3000.000000 0.999897
1 0 14.000000 0.000000 0.000000 0.411563 -0.000000 0.000000 -0.176179 -0.000000 0.000000 0.893956 8.000000 3500.000000 0.999790
1 0 16.000000 -0.109878 -0.523146 -0.307976 0.235658 -0.243922 0.660525 -0.515336 0.000000 0.367717 0.000000 1700.000000 0.999769
1 0 16.000000 -0.491847 -0.207192 0.310924 -0.189154 0.538749 0.119575 -0.235555 0.000000 -0.745243 0.000000 1700.000000 0.999769
1 0 18.000000 0.000000 -0.000000 0.375633 0.000000 0.000000 0.536051 -0.000000 0.000000 0.755872 10.000000 1500.000000 0.999897
1 0 12.000000 0.000000 0.000000 0.035964 -0.000000 0.000000 -0.491510 -0.000000 0.000000 0.870038 0.000000 2000.000000 0.999921
1 0 12.000000 -0.000000 0.000000 -0.804858 -0.000000 -0.000000 -0.551008 -0.000000 0.000000 0.220079 25.000000 2000.000000 0.999921
1 0 12.000000 0.000000 0.000000 -0.114006 -0.000000 0.000000 0.391790 0.000000 0.000000 0.912877 25.000000 2000.000000 0.999921
1 0 11.000000 -0.000000 -0.000000 0.000818 0.000000 -0.000000 -0.063281 0.000000 0.000000 0.997185 30.000000 1200.000000 0.999191
1 0 20.000000 0.000000 0.000000 -0.396603 0.000000 -0.000000 -0.478541 -0.000000 0.000000 -0.783212 0.000000 3500.000000 0.999858
1 0 16.000000 0.359213 0.781127 0.000000 -0.449664 0.624002 -0.000000 -0.817500 0.000000 0.000000 0.000000 1700.000000 0.999769
1 0 20.000000 -0.741930 0.313309 -0.094486 -0.308348 -0.753867 -0.039268 -0.144703 0.000000 0.568128 0.000000 3500.000000 0.999858
1 0 18.000000 0.250439 -0.472770 0.306703 0.357391 0.331290 0.437684 -0.377911 0.000000 0.617167 0.000000 1500.000000 0.999897
1 0 14.000000 -0.000000 0.000000 -0.804753 -0.000000 -0.000000 -0.550936 -0.000000 0.000000 0.220050 0.000000 3500.000000 0.999790
1 0 18.000000 -0.034168 0.046042 -0.812376 -0.002734 -0.575452 -0.064998 -0.576272 0.000000 0.048475 0.000000 3000.000000 0.999897
1 0 16.000000 -0.233852 -0.761049 -0.127429 0.602820 -0.295233 0.328484 -0.498277 0.000000 0.457208 12.000000 2300.000000 0.999769
1 0 16.000000 0.000000 -0.000000 0.375585 0.000000 0.000000 0.535982 -0.000000 0.000000 0.755775 12.000000 2300.000000 0.999769
1 0 14.000000 -0.869203 -0.215457 -0.000000 0.191823 -0.976298 0.000000 -0.455270 0.000000 0.000000 26.000000 3500.000000 0.999790
1 0 11.000000 -0.000000 -0.000000 0.000818 0.000000 -0.000000 -0.063281 0.000000 0.000000 0.997185 0.000000 1200.000000 0.999191
1 0 16.000000 -0.851905 -0.358867 0.000000 -0.327625 0.933141 0.000000 -0.407993 0.000000 -0.000000 0.000000 1700.000000 0.999769
1 0 16.000000 -0.270856 0.458669 0.000000 0.139848 0.888347 -0.000000 -0.952164 0.000000 -0.000000 0.000000 1700.000000 0.999769
1 0 12.000000 -0.000000 0.000000 0.545400 -0.000000 -0.000000 0.503531 0.000000 0.000000 0.669953 25.000000 2000.000000 0.999921
1 0 14.000000 -0.492181 0.678200 0.000000 -0.454398 -0.734592 0.000000 0.742200 0.000000 0.000000 0.000000 3500.000000 0.999790
1 0 14.000000 0.255025 0.959973 -0.000000 -0.876407 0.279341 0.000000 0.407987 0.000000 0.000000 26.000000 3500.000000 0.999790
1 0 14.000000 -0.100702 -0.799769 0.091149 0.492361 -0.163576 -0.445652 0.643294 0.000000 0.355359 0.000000 2000.000000 0.999790
1 0 14.000000 0.816325 0.000000 0.000000 0.000000 0.816325 0.000000 0.000000 0.000000 0.577229 26.000000 3500.000000 0.999790
0 0 6.000000 0.000000 0.000000 0.000000 0.000000 0.000000 0.000000 0.000000 0.000000 0.000000 0.000000 900.000000 0.000000
1 0 18.000000 -0.109892 -0.523213 -0.308016 0.235688 -0.243953 0.660610 -0.515402 0.000000 0.367764 0.000000 3000.000000 0.999897
0 0 6.000000 0.000000 0.000000 0.000000 0.000000 0.000000 0.000000 0.000000 0.000000 0.000000 10.000000 3000.000000 0.000000
1 0 9.000000 0.000000 -0.000000 -0.183632 0.000000 0.000000 -0.879841 0.000000 0.000000 0.437246 0.000000 1200.000000 0.999512
1 0 20.000000 0.000000 0.000000 0.398491 -0.000000 0.000000 -0.347753 -0.000000 0.000000 0.848522 0.000000 2500.000000 0.999858
1 0 12.000000 -0.501900 -0.124411 -0.363040 0.110763 -0.563740 0.080119 -0.262885 0.000000 0.726873 0.000000 2000.000000 0.999921
1 0 11.000000 -0.000000 0.000000 0.372818 -0.000000 -0.000000 0.240981 0.000000 0.000000 0.895163 30.000000 1200.000000 0.999191
1 0 20.000000 -0.000000 -0.000000 0.380837 -0.000000 0.000000 0.146462 -0.000000 0.000000 -0.912814 0.000000 3500.000000 0.999858
1 0 8.000000 0.815637 0.000000 0.000000 0.000000 0.815637 0.000000 0.000000 0.000000 0.576743 40.000000 1000.000000 0.998948
1 0 14.000000 0.821823 0.393450 0.000000 -0.351801 0.919118 -0.000000 -0.447687 0.000000 0.000000 0.000000 3500.000000 0.999790
1 0 12.000000 -0.000000 0.000000 0.545400 -0.000000 -0.000000 0.503531 0.000000 0.000000 0.669953 0.000000 2000.000000 0.999921
1 0 16.000000 0.000000 -0.000000 0.612663 0.000000 0.000000 0.362467 -0.000000 0.000000 0.701997 0.000000 1700.000000 0.999769
1 0 16.000000 -0.000000 0.000000 -0.163639 -0.000000 -0.000000 -0.068009 -0.000000 0.000000 0.983938 12.000000 2300.000000 0.999769
1 0 16.000000 0.000000 0.000000 0.000000 0.000000 0.000000 0.000000 0.000000 0.000000 0.000000 0.000000 1700.000000 0.000000
1 0 12.000000 0.255058 0.960099 -0.000000 -0.876522 0.279378 0.000000 0.408040 0.000000 0.000000 25.000000 2000.000000 0.999921
1 0 16.000000 -0.000000 -0.000000 0.557684 -0.000000 0.000000 0.811848 -0.000000 0.000000 -0.171549 0.000000 1700.000000 0.999769
1 0 18.000000 0.000000 0.000000 -0.396618 0.000000 -0.000000 -0.478559 -0.000000 0.000000 -0.783242 0.000000 3000.000000 0.999897
1 0 16.000000 -0.156379 0.264813 0.690795 0.080741 0.512887 -0.356670 -0.549732 0.000000 -0.248891 0.000000 1700.000000 0.999769
1 0 11.000000 -0.000000 -0.000000 0.561802 0.000000 -0.000000 -0.645119 0.000000 0.000000 0.516317 30.000000 3000.000000 0.999191
1 0 9.000000 0.623534 0.780208 0.000000 -0.778702 0.624740 -0.000000 -0.062070 0.000000 0.000000 36.000000 1200.000000 0.999512
1 0 8.000000 0.000000 0.000000 0.000000 0.000000 0.000000 0.000000 0.000000 0.000000 0.000000 12.000000 2500.000000 0.000000
1 0 12.000000 0.000000 0.000000 -0.114006 -0.000000 0.000000 0.391790 0.000000 0.000000 0.912877 0.000000 2000.000000 0.999921
1 0 16.000000 0.247173 -0.810900 -0.000000 0.342743 0.584789 -0.000000 0.906074 0.000000 0.000000 12.000000 2300.000000 0.999769
1 0 11.000000 -0.000000 -0.000000 0.561802 0.000000 -0.000000 -0.645119 0.000000 0.000000 0.516317 0.000000 1200.000000 0.999191
1 0 12.000000 -0.000000 -0.000000 -0.444631 0.000000 -0.000000 0.098125 -0.000000 0.000000 0.890234 0.000000 2000.000000 0.999921
1 0 12.000000 -0.000000 0.000000 -0.804858 -0.000000 -0.000000 -0.551008 -0.000000 0.000000 0.220079 0.000000 2000.000000 0.999921
1 0 11.000000 -0.000000 -0.000000 0.561802 0.000000 -0.000000 -0.645119 0.000000 0.000000 0.516317 0.000000 3000.000000 0.999191
1 0 18.000000 0.369122 0.379575 0.325379 -0.322124 0.434956 -0.283950 -0.305368 0.000000 0.692842 10.000000 1500.000000 0.999897
1 0 8.000000 0.540169 0.000000 0.000000 0.000000 0.540169 0.000000 0.000000 0.000000 0.381957 12.000000 1000.000000 0.661569
1 0 16.000000 -0.767796 0.258953 -0.069971 -0.256828 -0.774146 -0.023405 -0.104343 0.000000 0.572482 0.000000 1700.000000 0.999769
1 0 12.000000 0.000000 0.000000 0.000000 0.000000 0.000000 0.000000 0.000000 0.000000 0.000000 0.000000 2000.000000 0.000000
1 0 12.000000 0.775786 -0.246312 0.044986 0.245488 0.778390 0.014235 -0.066730 0.000000 0.575373 25.000000 2000.000000 0.999921
1 0 18.000000 0.000000 0.000000 0.398506 -0.000000 0.000000 -0.347766 -0.000000 0.000000 0.848555 0.000000 1500.000000 0.999897
1 0 14.000000 -0.181576 0.564786 -0.000000 -0.124307 -0.824983 -0.000000 -0.975274 0.000000 0.000000 8.000000 3500.000000 0.999790
1 0 9.000000 0.000000 0.000000 0.038797 -0.000000 0.000000 -0.048451 -0.000000 0.000000 0.997583 0.000000 1200.000000 0.999512
1 0 20.000000 -0.000000 -0.000000 -0.250152 0.000000 -0.000000 0.354395 -0.000000 0.000000 0.900858 0.000000 2500.000000 0.999858
1 0 14.000000 0.499742 0.769783 -0.000000 0.602989 -0.637977 -0.000000 -0.621484 0.000000 -0.000000 0.000000 2000.000000 0.999790
1 0 12.000000 0.639354 0.657459 0.000000 -0.557948 0.753385 -0.000000 -0.528925 0.000000 0.000000 0.000000 1000.000000 0.999921
1 0 9.000000 0.089333 -0.978429 -0.000000 0.428023 0.204208 -0.000000 0.898800 0.000000 0.000000 16.000000 1200.000000 0.999512
1 0 9.000000 -0.000000 0.000000 0.229511 -0.000000 -0.000000 0.671682 0.000000 0.000000 0.703700 16.000000 1200.000000 0.999512
1 0 18.000000 0.348867 -0.293949 0.500301 0.206399 0.496849 0.295991 -0.411042 0.000000 0.573251 0.000000 3000.000000 0.999897
1 0 9.000000 -0.227535 0.945821 0.000000 -0.665899 -0.323184 0.000000 0.709811 0.000000 0.000000 36.000000 1200.000000 0.999512
1 0 14.000000 0.000000 -0.000000 -0.088059 0.000000 0.000000 -0.077157 0.000000 0.000000 0.992911 26.000000 3500.000000 0.999790
1 0 11.000000 -0.000000 -0.000000 0.561802 0.000000 -0.000000 -0.645119 0.000000 0.000000 0.516317 30.000000 1200.000000 0.999191
1 0 11.000000 -0.000000 -0.000000 0.000818 0.000000 -0.000000 -0.063281 0.000000 0.000000 0.997185 0.000000 3000.000000 0.999191
1 0 14.000000 -0.491858 0.207196 -0.310931 -0.189158 -0.538761 -0.119577 -0.235560 0.000000 0.745259 0.000000 2000.000000 0.999790
1 0 14.000000 0.207396 -0.450993 -0.416618 -0.259619 -0.360275 0.521523 -0.471994 0.000000 -0.469926 0.000000 2000.000000 0.999790
1 0 20.000000 0.521998 0.536780 0.230069 -0.455534 0.615098 -0.200775 -0.431839 0.000000 0.489895 0.000000 3500.000000 0.999858
1 0 9.000000 0.089333 -0.978429 -0.000000 0.428023 0.204208 -0.000000 0.898800 0.000000 0.000000 36.000000 1200.000000 0.999512
1 0 16.000000 0.207392 -0.450984 -0.416609 -0.259614 -0.360268 0.521512 -0.471984 0.000000 -0.469916 0.000000 1700.000000 0.999769
1 0 8.000000 0.000000 0.000000 0.000000 0.000000 0.000000 0.000000 0.000000 0.000000 0.000000 0.000000 2500.000000 0.000000
1 0 12.000000 0.000000 -0.000000 -0.530065 0.000000 0.000000 -0.735018 0.000000 0.000000 0.422636 0.000000 1000.000000 0.999921
1 0 14.000000 -0.000000 0.000000 -0.804753 -0.000000 -0.000000 -0.550936 -0.000000 0.000000 0.220050 26.000000 3500.000000 0.999790
1 0 8.000000 0.000000 0.000000 0.000000 0.000000 0.000000 0.000000 0.000000 0.000000 0.000000 12.000000 1000.000000 0.000000
1 0 14.000000 -0.011367 0.552089 -0.237748 -0.037244 -0.168497 -0.778993 -0.575914 0.000000 0.055070 0.000000 2000.000000 0.999790
1 0 18.000000 0.000000 0.000000 0.000000 0.000000 0.000000 0.000000 0.000000 0.000000 0.000000 0.000000 3000.000000 0.000000
1 0 20.000000 0.000000 0.000000 0.000000 0.000000 0.000000 0.000000 0.000000 0.000000 0.000000 0.000000 3500.000000 0.000000
1 0 12.000000 0.036656 0.575765 0.029364 -0.500977 0.042129 -0.401316 -0.284532 0.000000 0.710383 0.000000 2000.000000 0.999921
1 0 8.000000 0.540169 0.000000 0.000000 0.000000 0.540169 0.000000 0.000000 0.000000 0.381957 40.000000 2500.000000 0.661569
1 0 12.000000 -0.492246 0.678288 0.000000 -0.454457 -0.734688 0.000000 0.742297 0.000000 0.000000 0.000000 2000.000000 0.999921
1 0 11.000000 0.000000 -0.000000 -0.512800 0.000000 0.000000 -0.314824 0.000000 0.000000 0.797687 30.000000 1200.000000 0.999191
1 0 16.000000 -0.100700 -0.799752 0.091147 0.492350 -0.163572 -0.445642 0.643280 0.000000 0.355351 0.000000 1000.000000 0.999769
1 0 20.000000 0.000000 -0.000000 0.375619 0.000000 0.000000 0.536030 -0.000000 0.000000 0.755843 0.000000 2500.000000 0.999858
1 0 16.000000 0.509244 0.637201 0.022405 -0.635971 0.510229 -0.027981 -0.050693 0.000000 0.576103 0.000000 1700.000000 0.999769
1 0 18.000000 0.207418 -0.451041 -0.416662 -0.259647 -0.360314 0.521578 -0.472044 0.000000 -0.469976 16.000000 3000.000000 0.999897
1 0 14.000000 -0.109880 -0.523157 -0.307983 0.235663 -0.243927 0.660539 -0.515347 0.000000 0.367725 0.000000 2000.000000 0.999790
1 0 16.000000 -0.233852 -0.761049 -0.127429 0.602820 -0.295233 0.328484 -0.498277 0.000000 0.457208 0.000000 1000.000000 0.999769
1 0 11.000000 -0.000000 -0.000000 -0.340836 0.000000 -0.000000 0.764564 -0.000000 0.000000 0.545578 0.000000 1200.000000 0.999191
1 0 14.000000 0.255025 0.959973 -0.000000 -0.876407 0.279341 0.000000 0.407987 0.000000 0.000000 8.000000 3500.000000 0.999790
1 0 20.000000 0.000000 -0.000000 -0.510285 -0.000000 -0.000000 0.638776 -0.000000 0.000000 -0.575579 0.000000 3500.000000 0.999858
1 0 12.000000 -0.908732 0.383748 -0.000000 -0.377671 -0.923352 -0.000000 -0.177236 0.000000 0.000000 0.000000 1000.000000 0.999921
1 0 18.000000 0.207418 -0.451041 -0.416662 -0.259647 -0.360314 0.521578 -0.472044 0.000000 -0.469976 0.000000 3000.000000 0.999897
1 0 20.000000 -0.100709 -0.799823 0.091155 0.492394 -0.163587 -0.445682 0.643338 0.000000 0.355383 0.000000 2500.000000 0.999858
1 0 14.000000 0.000000 0.000000 0.035959 -0.000000 0.000000 -0.491446 -0.000000 0.000000 0.869925 0.000000 3500.000000 0.999790
1 0 14.000000 -0.156382 0.264819 0.690810 0.080743 0.512898 -0.356678 -0.549744 0.000000 -0.248897 0.000000 2000.000000 0.999790
1 0 14.000000 -0.270862 0.458679 0.000000 0.139851 0.888366 -0.000000 -0.952185 0.000000 -0.000000 0.000000 2000.000000 0.999790
1 0 18.000000 -0.000000 -0.000000 -0.377241 0.000000 -0.000000 0.809078 -0.000000 0.000000 0.450417 16.000000 3000.000000 0.999897
1 0 12.000000 0.255058 0.960099 -0.000000 -0.876522 0.279378 0.000000 0.408040 0.000000 0.000000 0.000000 2000.000000 0.999921
1 0 18.000000 -0.424184 -0.666991 -0.144431 0.600949 -0.470800 0.204618 -0.354200 0.000000 0.520131 16.000000 3000.000000 0.999897
1 0 11.000000 -0.000000 -0.000000 -0.029650 0.000000 -0.000000 0.014493 -0.000000 0.000000 0.998646 0.000000 1200.000000 0.999191
1 0 14.000000 0.359221 0.781144 0.000000 -0.449674 0.624015 -0.000000 -0.817517 0.000000 0.000000 0.000000 2000.000000 0.999790
1 0 16.000000 -0.097133 -0.824070 0.000000 -0.141401 0.566079 0.000000 -0.984941 0.000000 -0.000000 0.000000 1700.000000 0.999769
1 0 14.000000 -0.000000 0.000000 -0.291181 -0.000000 -0.000000 -0.954068 -0.000000 0.000000 0.067446 0.000000 2000.000000 0.999790
1 0 11.000000 0.815836 0.000000 0.000000 0.000000 0.815836 0.000000 0.000000 0.000000 0.576883 0.000000 1200.000000 0.999191
1 0 12.000000 0.000000 0.000000 0.000000 0.000000 0.000000 0.000000 0.000000 0.000000 0.000000 25.000000 2000.000000 0.000000
1 0 12.000000 -0.181600 0.564859 -0.000000 -0.124324 -0.825091 -0.000000 -0.975401 0.000000 0.000000 0.000000 2000.000000 0.999921
1 0 18.000000 -0.000000 0.000000 -0.380851 -0.000000 -0.000000 -0.146468 -0.000000 0.000000 0.912849 16.000000 3000.000000 0.999897
1 0 8.000000 0.815637 0.000000 0.000000 0.000000 0.815637 0.000000 0.000000 0.000000 0.576743 40.000000 2500.000000 0.998948
1 0 20.000000 -0.000000 0.000000 0.846124 0.000000 0.000000 -0.436869 -0.000000 0.000000 -0.304856 0.000000 3500.000000 0.999858
1 0 9.000000 -0.000000 0.000000 0.229511 -0.000000 -0.000000 0.671682 0.000000 0.000000 0.703700 0.000000 1200.000000 0.999512
1 0 20.000000 0.201834 -0.662157 -0.306014 0.279874 0.477521 -0.424336 0.739873 0.000000 0.243994 0.000000 3500.000000 0.999858
1 0 11.000000 0.815836 0.000000 0.000000 0.000000 0.815836 0.000000 0.000000 0.000000 0.576883 30.000000 1200.000000 0.999191
1 0 16.000000 0.000000 0.000000 -0.113989 -0.000000 0.000000 0.391730 0.000000 0.000000 0.912738 0.000000 1000.000000 0.999769
1 0 14.000000 0.000000 0.000000 0.035959 -0.000000 0.000000 -0.491446 -0.000000 0.000000 0.869925 26.000000 3500.000000 0.999790
1 0 14.000000 0.359221 -0.781144 -0.000000 -0.449674 -0.624015 0.000000 -0.817517 0.000000 -0.000000 0.000000 2000.000000 0.999790
1 0 20.000000 0.000000 0.000000 0.510285 -0.000000 0.000000 -0.638776 -0.000000 0.000000 0.575579 0.000000 3500.000000 0.999858
1 0 14.000000 0.746796 -0.658880 -0.000000 0.654346 0.751970 -0.000000 0.117079 0.000000 0.000000 8.000000 3500.000000 0.999790
1 0 14.000000 -0.097135 -0.824088 0.000000 -0.141404 0.566091 0.000000 -0.984962 0.000000 -0.000000 0.000000 2000.000000 0.999790
1 0 14.000000 -0.492181 0.678200 0.000000 -0.454398 -0.734592 0.000000 0.742200 0.000000 0.000000 8.000000 3500.000000 0.999790
1 0 18.000000 0.522018 0.536801 0.230078 -0.455552 0.615121 -0.200783 -0.431855 0.000000 0.489913 0.000000 3000.000000 0.999897
1 0 8.000000 0.540169 0.000000 0.000000 0.000000 0.540169 0.000000 0.000000 0.000000 0.381957 40.000000 1000.000000 0.661569
1 0 14.000000 -0.000000 0.000000 -0.994847 -0.000000 -0.000000 -0.079597 -0.000000 0.000000 0.059363 0.000000 2000.000000 0.999790
1 0 14.000000 0.000000 0.000000 0.035959 -0.000000 0.000000 -0.491446 -0.000000 0.000000 0.869925 8.000000 3500.000000 0.999790
1 0 18.000000 0.000000 0.000000 0.510305 -0.000000 0.000000 -0.638800 -0.000000 0.000000 0.575601 16.000000 3000.000000 0.999897
1 0 12.000000 -0.233887 -0.761165 -0.127448 0.602912 -0.295278 0.328534 -0.498352 0.000000 0.457278 0.000000 2000.000000 0.999921
1 0 14.000000 -0.019688 0.956246 -0.000000 -0.064509 -0.291846 -0.000000 -0.997513 0.000000 0.000000 0.000000 2000.000000 0.999790
1 0 12.000000 -0.100715 -0.799873 0.091161 0.492425 -0.163597 -0.445710 0.643378 0.000000 0.355405 25.000000 2000.000000 0.999921
1 0 18.000000 -0.524644 0.221552 -0.133628 -0.218043 -0.533085 -0.055536 -0.102325 0.000000 0.803485 10.000000 1500.000000 0.999897
1 0 9.000000 0.000000 0.000000 0.038797 -0.000000 0.000000 -0.048451 -0.000000 0.000000 0.997583 16.000000 1200.000000 0.999512
1 0 16.000000 -0.851905 0.358867 -0.000000 -0.327625 -0.933141 -0.000000 -0.407993 0.000000 0.000000 0.000000 1700.000000 0.999769
1 0 14.000000 0.255025 0.959973 -0.000000 -0.876407 0.279341 0.000000 0.407987 0.000000 0.000000 0.000000 3500.000000 0.999790
1 0 14.000000 0.000000 0.000000 -0.113991 -0.000000 0.000000 0.391739 0.000000 0.000000 0.912758 26.000000 3500.000000 0.999790
1 0 16.000000 0.207392 0.450984 0.416609 -0.259614 0.360268 -0.521512 -0.471984 0.000000 0.469916 0.000000 1700.000000 0.999769
1 0 18.000000 0.250439 -0.472770 0.306703 0.357391 0.331290 0.437684 -0.377911 0.000000 0.617167 10.000000 1500.000000 0.999897
1 0 16.000000 -0.000000 -0.000000 -0.444563 0.000000 -0.000000 0.098110 -0.000000 0.000000 0.890099 0.000000 1000.000000 0.999769
1 0 16.000000 0.000000 0.000000 0.035958 -0.000000 0.000000 -0.491435 -0.000000 0.000000 0.869906 0.000000 1000.000000 0.999769
1 0 12.000000 0.000000 -0.000000 0.375642 0.000000 0.000000 0.536064 -0.000000 0.000000 0.755890 0.000000 1000.000000 0.999921
1 0 14.000000 0.000000 0.000000 0.000000 0.000000 0.000000 0.000000 0.000000 0.000000 0.000000 8.000000 3500.000000 0.000000
1 0 16.000000 -0.190314 -0.906115 -0.000000 0.408172 -0.422485 0.000000 -0.892588 0.000000 0.000000 0.000000 1700.000000 0.999769
1 0 14.000000 0.063483 0.997125 0.000000 -0.867605 0.072959 -0.000000 -0.492759 0.000000 0.000000 26.000000 3500.000000 0.999790
1 0 12.000000 0.000000 0.000000 0.035964 -0.000000 0.000000 -0.491510 -0.000000 0.000000 0.870038 25.000000 2000.000000 0.999921
1 0 16.000000 0.000000 0.000000 0.000000 0.000000 0.000000 0.000000 0.000000 0.000000 0.000000 12.000000 2300.000000 0.000000
1 0 9.000000 -0.940113 0.317070 -0.000000 -0.314469 -0.947888 -0.000000 -0.127760 0.000000 0.000000 36.000000 1200.000000 0.999512
1 0 14.000000 -0.492181 0.678200 0.000000 -0.454398 -0.734592 0.000000 0.742200 0.000000 0.000000 26.000000 3500.000000 0.999790
1 0 14.000000 0.816325 0.000000 0.000000 0.000000 0.816325 0.000000 0.000000 0.000000 0.577229 8.000000 3500.000000 0.999790
1 0 14.000000 0.000000 0.000000 -0.396576 0.000000 -0.000000 -0.478508 -0.000000 0.000000 -0.783159 0.000000 2000.000000 0.999790
1 0 20.000000 -0.000000 0.000000 -0.291201 -0.000000 -0.000000 -0.954133 -0.000000 0.000000 0.067451 0.000000 3500.000000 0.999858
1 0 16.000000 -0.185830 0.772458 0.132542 -0.543843 -0.263946 0.387895 0.579707 0.000000 0.406385 0.000000 1700.000000 0.999769
1 0 18.000000 -0.491910 0.207218 -0.310964 -0.189178 -0.538818 -0.119590 -0.235585 0.000000 0.745338 0.000000 3000.000000 0.999897
1 0 18.000000 -0.000000 -0.000000 0.557755 -0.000000 0.000000 0.811952 -0.000000 0.000000 -0.171571 0.000000 3000.000000 0.999897
1 0 18.000000 -0.000000 0.000000 -0.163660 -0.000000 -0.000000 -0.068018 -0.000000 0.000000 0.984064 0.000000 1500.000000 0.999897
1 0 14.000000 -0.869203 -0.215457 -0.000000 0.191823 -0.976298 0.000000 -0.455270 0.000000 0.000000 8.000000 3500.000000 0.999790
1 0 18.000000 -0.000000 0.000000 -0.291212 -0.000000 -0.000000 -0.954169 -0.000000 0.000000 0.067454 0.000000 3000.000000 0.999897
1 0 18.000000 -0.156399 0.264847 0.690884 0.080752 0.512953 -0.356715 -0.549803 0.000000 -0.248923 16.000000 3000.000000 0.999897
1 0 18.000000 -0.491910 -0.207218 0.310964 -0.189178 0.538818 0.119590 -0.235585 0.000000 -0.745338 0.000000 3000.000000 0.999897
1 0 9.000000 0.000000 -0.000000 -0.183632 0.000000 0.000000 -0.879841 0.000000 0.000000 0.437246 36.000000 1200.000000 0.999512
1 0 11.000000 -0.000000 -0.000000 -0.340836 0.000000 -0.000000 0.764564 -0.000000 0.000000 0.545578 30.000000 1200.000000 0.999191
1 0 16.000000 0.604178 -0.509069 0.000000 0.357447 0.860457 0.000000 -0.711855 0.000000 0.000000 0.000000 1700.000000 0.999769
1 0 14.000000 -0.000000 0.000000 -0.804753 -0.000000 -0.000000 -0.550936 -0.000000 0.000000 0.220050 8.000000 3500.000000 0.999790
1 0 16.000000 0.775668 -0.246275 0.044980 0.245451 0.778272 0.014233 -0.066719 0.000000 0.575286 0.000000 1000.000000 0.999769
1 0 12.000000 -0.181600 0.564859 -0.000000 -0.124324 -0.825091 -0.000000 -0.975401 0.000000 0.000000 25.000000 2000.000000 0.999921
1 0 16.000000 0.000000 0.000000 0.411554 -0.000000 0.000000 -0.176176 -0.000000 0.000000 0.893937 0.000000 1000.000000 0.999769
1 0 18.000000 0.142723 -0.468234 -0.432786 0.197908 0.337671 -0.600125 0.523189 0.000000 0.345073 0.000000 1500.000000 0.999897
1 0 12.000000 0.000000 -0.000000 -0.088070 0.000000 0.000000 -0.077168 0.000000 0.000000 0.993041 25.000000 2000.000000 0.999921
1 0 9.000000 0.623534 0.780208 0.000000 -0.778702 0.624740 -0.000000 -0.062070 0.000000 0.000000 16.000000 1200.000000 0.999512
1 0 12.000000 0.000000 0.000000 0.000000 0.000000 0.000000 0.000000 0.000000 0.000000 0.000000 0.000000 2000.000000 0.000000
1 0 16.000000 -0.908594 0.383689 -0.000000 -0.377614 -0.923212 -0.000000 -0.177209 0.000000 0.000000 12.000000 2300.000000 0.999769
1 0 14.000000 -0.059174 0.079738 -0.000000 -0.004734 -0.996605 -0.000000 -0.998026 0.000000 0.000000 0.000000 2000.000000 0.999790
1 0 9.000000 -0.227535 0.945821 0.000000 -0.665899 -0.323184 0.000000 0.709811 0.000000 0.000000 0.000000 1200.000000 0.999512
1 0 8.000000 0.815637 0.000000 0.000000 0.000000 0.815637 0.000000 0.000000 0.000000 0.576743 0.000000 1000.000000 0.998948
1 0 12.000000 0.000000 0.000000 0.000000 0.000000 0.000000 0.000000 0.000000 0.000000 0.000000 0.000000 1000.000000 0.000000
1 0 16.000000 0.072959 -0.799089 -0.106047 0.349569 0.166778 -0.508107 0.734055 0.000000 0.252509 0.000000 1700.000000 0.999769
1 0 16.000000 0.000000 -0.000000 -0.088057 0.000000 0.000000 -0.077156 0.000000 0.000000 0.992890 0.000000 1000.000000 0.999769
1 0 18.000000 0.000000 -0.000000 0.375633 0.000000 0.000000 0.536051 -0.000000 0.000000 0.755872 0.000000 1500.000000 0.999897
1 0 14.000000 0.063483 0.997125 0.000000 -0.867605 0.072959 -0.000000 -0.492759 0.000000 0.000000 0.000000 3500.000000 0.999790
1 0 14.000000 0.000000 0.000000 0.000000 0.000000 0.000000 0.000000 0.000000 0.000000 0.000000 26.000000 3500.000000 0.000000
1 0 14.000000 0.821823 0.393450 0.000000 -0.351801 0.919118 -0.000000 -0.447687 0.000000 0.000000 8.000000 3500.000000 0.999790
1 0 12.000000 0.063491 0.997255 0.000000 -0.867718 0.072969 -0.000000 -0.492824 0.000000 0.000000 0.000000 2000.000000 0.999921
1 0 18.000000 -0.000000 -0.000000 0.380851 -0.000000 0.000000 0.146468 -0.000000 0.000000 -0.912849 0.000000 3000.000000 0.999897
1 0 18.000000 0.000000 0.000000 0.000000 0.000000 0.000000 0.000000 0.000000 0.000000 0.000000 16.000000 3000.000000 0.000000
##END
