##LIST_SIZE=451
##LISTDATA
0 0 6.000000 0.000000 0.000000 0.000000 0.000000 0.000000 0.000000 0.000000 0.000000 0.000000 0.000000 3000.000000 0.000000
1 1 20.000000 -0.000000 0.000000 -0.380872 -0.000000 -0.000000 -0.146475 -0.000000 0.000000 0.912898 0.000000 1700.000000 0.999951
1 0 22.000000 0.000000 0.000000 0.000000 0.000000 0.000000 0.000000 0.000000 0.000000 0.000000 0.000000 3000.000000 0.000000
1 1 12.000000 0.000000 0.000000 0.038803 -0.000000 0.000000 -0.048459 -0.000000 0.000000 0.997752 0.000000 3000.000000 0.999681
1 0 12.000000 0.577679 0.000000 0.000000 0.000000 0.577679 0.000000 0.000000 0.000000 0.408481 0.000000 500.000000 0.707509
1 0 20.000000 0.000000 -0.000000 0.433682 0.000000 0.000000 0.256577 -0.000000 0.000000 0.496918 0.000000 1700.000000 0.707700
1 0 17.000000 -0.000000 -0.000000 0.397899 0.000000 -0.000000 -0.456909 0.000000 0.000000 0.365684 0.000000 2400.000000 0.707682
1 1 12.000000 -0.767728 0.258930 -0.069964 -0.256806 -0.774078 -0.023403 -0.104333 0.000000 0.572432 0.000000 1200.000000 0.999681
1 0 17.000000 -0.090836 -0.373179 -0.197101 0.203763 -0.166360 0.442138 -0.342297 0.000000 0.315501 0.000000 2400.000000 0.707682
1 0 20.000000 -0.000000 -0.000000 -0.267001 0.000000 -0.000000 0.572644 -0.000000 0.000000 0.318793 0.000000 1700.000000 0.707700
1 0 12.000000 -0.000000 0.000000 0.162461 -0.000000 -0.000000 0.475453 0.000000 0.000000 0.498117 0.000000 3000.000000 0.707509
1 1 17.000000 -0.339330 -0.754070 0.000000 0.389654 -0.656681 -0.000000 0.856082 0.000000 0.000000 0.000000 2400.000000 0.999925
1 0 17.000000 -0.000000 0.000000 -0.269549 -0.000000 -0.000000 -0.103663 -0.000000 0.000000 0.646073 0.000000 800.000000 0.707682
1 0 12.000000 -0.000000 0.000000 -0.115803 -0.000000 -0.000000 -0.048128 -0.000000 0.000000 0.696306 36.000000 1200.000000 0.707509
1 0 20.000000 0.000000 -0.000000 0.265863 0.000000 0.000000 0.379402 -0.000000 0.000000 0.534986 12.000000 1900.000000 0.707700
1 0 22.000000 -0.138633 -0.308075 0.324835 0.159193 -0.268287 -0.373009 0.349752 0.000000 0.298535 0.000000 3000.000000 0.707577
1 0 20.000000 0.000000 0.000000 0.000000 0.000000 0.000000 0.000000 0.000000 0.000000 0.000000 0.000000 1700.000000 0.000000
1 1 17.000000 0.775790 -0.246313 0.044987 0.245489 0.778394 0.014235 -0.066730 0.000000 0.575376 8.000000 2600.000000 0.999925
1 0 12.000000 0.000000 0.000000 0.027462 -0.000000 0.000000 -0.034296 -0.000000 0.000000 0.706144 0.000000 3000.000000 0.707509
1 0 17.000000 -0.000000 0.000000 0.264050 -0.000000 -0.000000 0.170676 0.000000 0.000000 0.634004 0.000000 2400.000000 0.707682
1 1 20.000000 -0.767935 0.259000 -0.069983 -0.256875 -0.774287 -0.023409 -0.104362 0.000000 0.572586 0.000000 1700.000000 0.999951
1 1 17.000000 -0.233888 -0.761168 -0.127449 0.602915 -0.295280 0.328535 -0.498355 0.000000 0.457280 26.000000 2600.000000 0.999925
1 1 23.000000 -0.000000 0.000000 -0.163659 -0.000000 -0.000000 -0.068017 -0.000000 0.000000 0.984059 0.000000 2500.000000 0.999891
1 1 17.000000 -0.000000 -0.000000 -0.029672 0.000000 -0.000000 0.014503 -0.000000 0.000000 0.999380 0.000000 2400.000000 0.999925
1 1 25.000000 -0.000000 -0.000000 -0.444632 0.000000 -0.000000 0.098125 -0.000000 0.000000 0.890237 0.000000 2900.000000 0.999924
1 0 14.000000 -0.000000 0.000000 -0.085768 -0.000000 -0.000000 -0.028689 -0.000000 0.000000 0.701732 14.000000 1500.000000 0.707536
1 0 20.000000 0.254274 -0.552931 -0.000000 -0.318301 -0.441708 0.000000 -0.578678 0.000000 -0.000000 0.000000 1700.000000 0.707700
1 0 10.000000 0.386513 0.000000 0.000000 0.000000 0.386513 0.000000 0.000000 0.000000 0.273306 0.000000 800.000000 0.473380
1 0 12.000000 -0.000000 0.000000 -0.085765 -0.000000 -0.000000 -0.028688 -0.000000 0.000000 0.701705 0.000000 500.000000 0.707509
1 0 10.000000 0.577188 0.000000 0.000000 0.000000 0.577188 0.000000 0.000000 0.000000 0.408133 10.000000 3500.000000 0.706908
1 0 14.000000 0.219418 0.672651 0.000000 -0.672624 0.219426 -0.000000 -0.006315 0.000000 0.000000 0.000000 2000.000000 0.707536
1 1 14.000000 0.310028 0.950428 0.000000 -0.950390 0.310040 -0.000000 -0.008923 0.000000 0.000000 0.000000 2000.000000 0.999719
1 0 10.000000 0.386513 0.000000 0.000000 0.000000 0.386513 0.000000 0.000000 0.000000 0.273306 10.000000 3500.000000 0.473380
1 0 23.000000 0.000000 -0.000000 -0.375134 0.000000 0.000000 -0.520182 0.000000 0.000000 0.299105 0.000000 2500.000000 0.707657
1 1 17.000000 0.680297 -0.523160 -0.000000 0.417655 0.852147 -0.000000 0.602172 0.000000 0.000000 0.000000 2400.000000 0.999925
1 0 25.000000 0.000000 0.000000 0.274380 -0.000000 0.000000 -0.115605 -0.000000 0.000000 0.641999 0.000000 2500.000000 0.707681
1 1 22.000000 -0.195883 -0.435298 0.458978 0.224933 -0.379079 -0.527046 0.494186 0.000000 0.421818 12.000000 3000.000000 0.999777
1 0 20.000000 -0.191729 0.324675 0.000000 0.098993 0.628828 -0.000000 -0.674002 0.000000 -0.000000 0.000000 1700.000000 0.707700
1 1 12.000000 0.000000 -0.000000 -0.183663 0.000000 0.000000 -0.879990 0.000000 0.000000 0.437320 0.000000 1200.000000 0.999681
1 1 12.000000 -0.000000 0.000000 0.229550 -0.000000 -0.000000 0.671795 0.000000 0.000000 0.703819 0.000000 1200.000000 0.999681
1 1 20.000000 -0.270905 0.458753 0.000000 0.139873 0.888508 -0.000000 -0.952338 0.000000 -0.000000 0.000000 1700.000000 0.999951
1 0 20.000000 -0.643160 0.271600 -0.000000 -0.267299 -0.653508 -0.000000 -0.125440 0.000000 0.000000 12.000000 1900.000000 0.707700
1 0 23.000000 0.000000 -0.000000 0.265847 0.000000 0.000000 0.379380 -0.000000 0.000000 0.534954 0.000000 2500.000000 0.707657
1 0 17.000000 -0.000000 -0.000000 -0.021000 0.000000 -0.000000 0.010264 -0.000000 0.000000 0.707296 0.000000 2400.000000 0.707682
1 0 20.000000 0.000000 0.000000 0.000000 0.000000 0.000000 0.000000 0.000000 0.000000 0.000000 0.000000 1500.000000 0.000000
1 1 17.000000 -0.100715 -0.799877 0.091161 0.492427 -0.163598 -0.445712 0.643381 0.000000 0.355407 8.000000 2600.000000 0.999925
0 0 6.000000 0.000000 0.000000 0.000000 0.000000 0.000000 0.000000 0.000000 0.000000 0.000000 10.000000 800.000000 0.000000
1 0 17.000000 0.000000 0.000000 0.361171 -0.000000 0.000000 -0.452114 -0.000000 0.000000 0.407384 14.000000 800.000000 0.707682
1 0 12.000000 0.000000 -0.000000 -0.129985 0.000000 0.000000 -0.622799 0.000000 0.000000 0.309506 0.000000 500.000000 0.707509
1 1 12.000000 0.000000 0.000000 0.387594 -0.000000 0.000000 -0.163306 -0.000000 0.000000 0.906898 0.000000 1200.000000 0.999681
1 0 20.000000 -0.000000 0.000000 0.598886 0.000000 0.000000 -0.309216 -0.000000 0.000000 -0.215777 0.000000 1700.000000 0.707700
1 1 20.000000 0.639373 0.657479 0.000000 -0.557965 0.753407 -0.000000 -0.528941 0.000000 0.000000 12.000000 1900.000000 0.999951
1 0 10.000000 0.386513 0.000000 0.000000 0.000000 0.386513 0.000000 0.000000 0.000000 0.273306 44.000000 2000.000000 0.473380
1 0 17.000000 -0.000000 0.000000 -0.206106 -0.000000 -0.000000 -0.675318 -0.000000 0.000000 0.047741 0.000000 800.000000 0.707682
1 0 10.000000 0.386513 0.000000 0.000000 0.000000 0.386513 0.000000 0.000000 0.000000 0.273306 10.000000 800.000000 0.473380
1 1 20.000000 0.000000 -0.000000 -0.530081 0.000000 0.000000 -0.735040 0.000000 0.000000 0.422649 12.000000 1900.000000 0.999951
1 1 17.000000 -0.000000 0.000000 0.373092 -0.000000 -0.000000 0.241159 0.000000 0.000000 0.895821 0.000000 2400.000000 0.999925
1 1 12.000000 0.000000 0.000000 -0.556437 -0.000000 0.000000 0.585868 0.000000 0.000000 0.588641 0.000000 1200.000000 0.999681
1 0 20.000000 -0.041886 0.056442 -0.000000 -0.003351 -0.705445 -0.000000 -0.706451 0.000000 0.000000 0.000000 1700.000000 0.707700
1 0 22.000000 0.277935 -0.213737 -0.296502 0.170633 0.348145 -0.182032 0.246017 0.000000 0.461224 12.000000 3000.000000 0.707577
1 1 12.000000 0.000000 0.000000 0.038803 -0.000000 0.000000 -0.048459 -0.000000 0.000000 0.997752 0.000000 1200.000000 0.999681
1 0 12.000000 0.577679 0.000000 0.000000 0.000000 0.577679 0.000000 0.000000 0.000000 0.408481 16.000000 1200.000000 0.707509
1 1 12.000000 -0.000000 0.000000 -0.121182 -0.000000 -0.000000 -0.040536 -0.000000 0.000000 0.991481 0.000000 1200.000000 0.999681
1 0 12.000000 0.452385 0.465195 0.000000 -0.394785 0.533069 -0.000000 -0.374249 0.000000 0.000000 16.000000 1200.000000 0.707509
1 0 12.000000 0.286897 0.513004 -0.000000 -0.302071 0.487233 0.000000 0.571850 0.000000 0.000000 0.000000 1200.000000 0.707509
1 1 20.000000 -0.908759 0.383759 -0.000000 -0.377683 -0.923380 -0.000000 -0.177241 0.000000 0.000000 0.000000 1500.000000 0.999951
1 1 22.000000 -0.000000 -0.000000 0.562131 0.000000 -0.000000 -0.645497 0.000000 0.000000 0.516619 0.000000 3000.000000 0.999777
1 0 20.000000 -0.367700 -0.578175 -0.000000 0.520927 -0.408108 0.000000 -0.307035 0.000000 0.000000 12.000000 1900.000000 0.707700
1 1 20.000000 -0.908759 0.383759 -0.000000 -0.377683 -0.923380 -0.000000 -0.177241 0.000000 0.000000 12.000000 1900.000000 0.999951
1 1 20.000000 -0.000000 0.000000 -0.291227 -0.000000 -0.000000 -0.954221 -0.000000 0.000000 0.067457 0.000000 1700.000000 0.999951
1 1 12.000000 0.306086 0.182845 0.000000 -0.056945 0.982818 -0.000000 -0.949964 0.000000 0.000000 0.000000 1200.000000 0.999681
1 0 12.000000 0.000000 -0.000000 0.265791 0.000000 0.000000 0.379300 -0.000000 0.000000 0.534842 16.000000 1200.000000 0.707509
1 0 14.000000 0.000000 0.000000 0.000000 0.000000 0.000000 0.000000 0.000000 0.000000 0.000000 0.000000 2000.000000 0.000000
1 1 20.000000 -0.000000 0.000000 -0.163669 -0.000000 -0.000000 -0.068021 -0.000000 0.000000 0.984117 12.000000 1900.000000 0.999951
1 0 20.000000 0.254274 0.552931 0.000000 -0.318301 0.441708 -0.000000 -0.578678 0.000000 0.000000 0.000000 1700.000000 0.707700
1 1 20.000000 -0.000000 -0.000000 -0.250175 0.000000 -0.000000 0.354428 -0.000000 0.000000 0.900941 12.000000 1900.000000 0.999951
1 0 20.000000 0.000000 0.000000 0.282052 -0.000000 0.000000 -0.246139 -0.000000 0.000000 0.600584 12.000000 1900.000000 0.707700
1 0 10.000000 0.000000 0.000000 0.000000 0.000000 0.000000 0.000000 0.000000 0.000000 0.000000 0.000000 800.000000 0.000000
1 1 20.000000 0.072972 -0.799234 -0.106066 0.349632 0.166809 -0.508199 0.734189 0.000000 0.252555 0.000000 1700.000000 0.999951
1 0 14.000000 0.000000 -0.000000 0.188654 0.000000 0.000000 0.363574 -0.000000 0.000000 0.576915 0.000000 2000.000000 0.707536
1 0 17.000000 0.000000 0.000000 -0.280708 0.000000 -0.000000 -0.338703 -0.000000 0.000000 -0.554344 14.000000 800.000000 0.707682
1 1 22.000000 0.392711 -0.302001 -0.418945 0.241098 0.491914 -0.257203 0.347612 0.000000 0.651690 0.000000 3000.000000 0.999777
1 1 14.000000 0.816267 0.000000 0.000000 0.000000 0.816267 0.000000 0.000000 0.000000 0.577188 14.000000 1500.000000 0.999719
1 1 17.000000 -0.000000 -0.000000 -0.341086 0.000000 -0.000000 0.765126 -0.000000 0.000000 0.545979 0.000000 2400.000000 0.999925
1 0 17.000000 -0.000000 0.000000 -0.704183 -0.000000 -0.000000 -0.056341 -0.000000 0.000000 0.042019 14.000000 800.000000 0.707682
1 0 12.000000 0.577679 0.000000 0.000000 0.000000 0.577679 0.000000 0.000000 0.000000 0.408481 36.000000 1200.000000 0.707509
1 1 20.000000 0.433796 -0.818906 0.000000 0.619052 0.573842 0.000000 -0.654597 0.000000 0.000000 0.000000 1500.000000 0.999951
1 1 14.000000 0.405389 0.724881 -0.000000 -0.426831 0.688467 0.000000 0.808031 0.000000 0.000000 0.000000 2000.000000 0.999719
1 0 14.000000 0.216636 0.129411 0.000000 -0.040303 0.695600 -0.000000 -0.672348 0.000000 0.000000 0.000000 2000.000000 0.707536
1 0 12.000000 0.000000 0.000000 0.001958 -0.000000 0.000000 -0.006003 -0.000000 0.000000 0.707481 0.000000 1200.000000 0.707509
1 0 10.000000 0.577188 0.000000 0.000000 0.000000 0.577188 0.000000 0.000000 0.000000 0.408133 10.000000 2000.000000 0.706908
1 1 22.000000 0.000000 -0.000000 -0.513101 0.000000 0.000000 -0.315009 0.000000 0.000000 0.798154 0.000000 3000.000000 0.999777
1 0 12.000000 -0.642987 0.271527 -0.000000 -0.267227 -0.653332 -0.000000 -0.125406 0.000000 0.000000 16.000000 1200.000000 0.707509
1 1 20.000000 0.639373 0.657479 0.000000 -0.557965 0.753407 -0.000000 -0.528941 0.000000 0.000000 0.000000 1500.000000 0.999951
1 1 20.000000 0.247217 -0.811048 -0.000000 0.342805 0.584895 -0.000000 0.906239 0.000000 0.000000 0.000000 1500.000000 0.999951
1 0 10.000000 0.000000 0.000000 0.000000 0.000000 0.000000 0.000000 0.000000 0.000000 0.000000 10.000000 800.000000 0.000000
1 0 12.000000 -0.000000 0.000000 0.162461 -0.000000 -0.000000 0.475453 0.000000 0.000000 0.498117 0.000000 500.000000 0.707509
1 0 22.000000 -0.000000 -0.000000 0.000579 0.000000 -0.000000 -0.044813 0.000000 0.000000 0.706156 0.000000 3000.000000 0.707577
1 0 17.000000 -0.000000 0.000000 -0.269549 -0.000000 -0.000000 -0.103663 -0.000000 0.000000 0.646073 14.000000 800.000000 0.707682
1 1 20.000000 0.604288 -0.509161 0.000000 0.357512 0.860614 0.000000 -0.711985 0.000000 0.000000 0.000000 1700.000000 0.999951
1 0 12.000000 -0.367601 -0.578019 -0.000000 0.520787 -0.407999 0.000000 -0.306952 0.000000 0.000000 36.000000 1200.000000 0.707509
1 1 20.000000 0.359279 -0.781269 -0.000000 -0.449746 -0.624116 0.000000 -0.817648 0.000000 -0.000000 0.000000 1700.000000 0.999951
1 0 17.000000 -0.000000 -0.000000 0.394754 -0.000000 0.000000 0.574663 -0.000000 0.000000 -0.121430 0.000000 800.000000 0.707682
1 0 17.000000 0.481470 -0.370258 -0.000000 0.295589 0.603094 -0.000000 0.426178 0.000000 0.000000 0.000000 2400.000000 0.707682
1 0 20.000000 -0.000000 0.000000 -0.704201 -0.000000 -0.000000 -0.056343 -0.000000 0.000000 0.042020 0.000000 1700.000000 0.707700
1 0 17.000000 0.000000 0.000000 0.000000 0.000000 0.000000 0.000000 0.000000 0.000000 0.000000 26.000000 2600.000000 0.000000
1 1 12.000000 0.310016 0.950392 0.000000 -0.950354 0.310029 -0.000000 -0.008922 0.000000 0.000000 0.000000 1200.000000 0.999681
1 0 17.000000 0.000000 0.000000 0.361171 -0.000000 0.000000 -0.452114 -0.000000 0.000000 0.407384 0.000000 800.000000 0.707682
1 0 22.000000 -0.000000 -0.000000 -0.241363 0.000000 -0.000000 0.541426 -0.000000 0.000000 0.386351 0.000000 3000.000000 0.707577
0 0 6.000000 0.000000 0.000000 0.000000 0.000000 0.000000 0.000000 0.000000 0.000000 0.000000 4.000000 1500.000000 0.000000
1 0 14.000000 0.000000 0.000000 0.000000 0.000000 0.000000 0.000000 0.000000 0.000000 0.000000 14.000000 1500.000000 0.000000
1 1 20.000000 -0.019691 0.956400 -0.000000 -0.064519 -0.291892 -0.000000 -0.997673 0.000000 0.000000 0.000000 1700.000000 0.999951
1 1 25.000000 0.000000 0.000000 0.002768 -0.000000 0.000000 -0.008484 -0.000000 0.000000 0.999884 0.000000 2500.000000 0.999924
1 1 20.000000 -0.519545 -0.816938 -0.000000 0.736049 -0.576641 0.000000 -0.433828 0.000000 0.000000 12.000000 1900.000000 0.999951
1 1 14.000000 0.000000 0.000000 0.933974 -0.000000 0.000000 -0.173758 -0.000000 0.000000 0.311350 0.000000 2000.000000 0.999719
1 0 14.000000 0.000000 -0.000000 -0.129990 0.000000 0.000000 -0.622823 0.000000 0.000000 0.309518 14.000000 1500.000000 0.707536
1 1 12.000000 0.000000 -0.000000 0.266551 0.000000 0.000000 0.513695 -0.000000 0.000000 0.815126 0.000000 1200.000000 0.999681
1 0 12.000000 -0.131507 0.546647 0.093797 -0.384863 -0.186788 0.274503 0.410243 0.000000 0.287588 0.000000 1200.000000 0.707509
1 1 14.000000 0.000000 -0.000000 -0.183670 0.000000 0.000000 -0.880023 0.000000 0.000000 0.437336 14.000000 1500.000000 0.999719
1 0 17.000000 -0.138654 -0.308121 0.324883 0.159217 -0.268327 -0.373064 0.349804 0.000000 0.298579 0.000000 2400.000000 0.707682
1 1 17.000000 -0.233888 -0.761168 -0.127449 0.602915 -0.295280 0.328535 -0.498355 0.000000 0.457280 8.000000 2600.000000 0.999925
1 1 14.000000 0.000000 0.000000 0.387609 -0.000000 0.000000 -0.163312 -0.000000 0.000000 0.906933 0.000000 2000.000000 0.999719
1 1 12.000000 0.000000 0.000000 0.038803 -0.000000 0.000000 -0.048459 -0.000000 0.000000 0.997752 0.000000 500.000000 0.999681
1 1 27.000000 0.816442 0.000000 0.000000 0.000000 0.816442 0.000000 0.000000 0.000000 0.577312 0.000000 3000.000000 0.999934
1 1 17.000000 0.775790 -0.246313 0.044987 0.245489 0.778394 0.014235 -0.066730 0.000000 0.575376 26.000000 2600.000000 0.999925
1 1 20.000000 -0.852060 0.358932 -0.000000 -0.327684 -0.933311 -0.000000 -0.408067 0.000000 0.000000 0.000000 1700.000000 0.999951
1 0 20.000000 -0.000000 -0.000000 0.394764 -0.000000 0.000000 0.574678 -0.000000 0.000000 -0.121433 0.000000 1700.000000 0.707700
1 1 14.000000 0.000000 -0.000000 -0.073646 0.000000 0.000000 -0.063740 0.000000 0.000000 0.994963 0.000000 2000.000000 0.999719
1 0 20.000000 -0.068757 -0.583329 0.000000 -0.100093 0.400707 0.000000 -0.697204 0.000000 -0.000000 0.000000 1700.000000 0.707700
1 0 10.000000 0.386513 0.000000 0.000000 0.000000 0.386513 0.000000 0.000000 0.000000 0.273306 44.000000 800.000000 0.473380
1 1 20.000000 0.000000 -0.000000 0.612774 0.000000 0.000000 0.362533 -0.000000 0.000000 0.702125 0.000000 1700.000000 0.999951
1 0 17.000000 -0.635448 -0.310772 -0.000000 0.310602 -0.635794 0.000000 -0.023374 0.000000 0.000000 0.000000 2400.000000 0.707682
1 1 20.000000 0.000000 0.000000 0.398527 -0.000000 0.000000 -0.347785 -0.000000 0.000000 0.848601 12.000000 1900.000000 0.999951
1 0 12.000000 0.174917 -0.573852 -0.000000 0.242550 0.413839 -0.000000 0.641204 0.000000 0.000000 16.000000 1200.000000 0.707509
1 0 17.000000 -0.000000 -0.000000 -0.241398 0.000000 -0.000000 0.541506 -0.000000 0.000000 0.386408 0.000000 2400.000000 0.707682
1 1 22.000000 -0.000000 0.000000 0.373037 -0.000000 -0.000000 0.241123 0.000000 0.000000 0.895688 0.000000 3000.000000 0.999777
1 0 14.000000 0.000000 0.000000 0.027463 -0.000000 0.000000 -0.034298 -0.000000 0.000000 0.706170 14.000000 1500.000000 0.707536
1 0 25.000000 0.000000 0.000000 0.001959 -0.000000 0.000000 -0.006005 -0.000000 0.000000 0.707653 0.000000 2500.000000 0.707681
1 1 22.000000 0.816314 0.000000 0.000000 0.000000 0.816314 0.000000 0.000000 0.000000 0.577221 12.000000 3000.000000 0.999777
1 1 27.000000 -0.000000 -0.000000 -0.341089 0.000000 -0.000000 0.765132 -0.000000 0.000000 0.545983 0.000000 3000.000000 0.999934
1 1 25.000000 0.000000 -0.000000 0.266615 0.000000 0.000000 0.513820 -0.000000 0.000000 0.815324 0.000000 2500.000000 0.999924
1 0 22.000000 0.000000 -0.000000 -0.363139 0.000000 0.000000 -0.222943 0.000000 0.000000 0.564882 0.000000 3000.000000 0.707577
1 1 20.000000 -0.000000 0.000000 -0.995007 -0.000000 -0.000000 -0.079610 -0.000000 0.000000 0.059372 0.000000 1700.000000 0.999951
1 0 12.000000 0.000000 0.000000 0.000000 0.000000 0.000000 0.000000 0.000000 0.000000 0.000000 0.000000 500.000000 0.000000
1 1 22.000000 -0.000000 -0.000000 -0.341035 0.000000 -0.000000 0.765012 -0.000000 0.000000 0.545898 12.000000 3000.000000 0.999777
1 1 22.000000 -0.000000 -0.000000 -0.029667 0.000000 -0.000000 0.014501 -0.000000 0.000000 0.999231 0.000000 3000.000000 0.999777
1 0 25.000000 -0.000000 0.000000 -0.144772 -0.000000 -0.000000 -0.486322 -0.000000 0.000000 0.493299 0.000000 2500.000000 0.707681
1 0 17.000000 0.000000 -0.000000 -0.361171 -0.000000 -0.000000 0.452114 -0.000000 0.000000 -0.407384 14.000000 800.000000 0.707682
1 1 20.000000 -0.185863 0.772598 0.132567 -0.543942 -0.263994 0.387966 0.579812 0.000000 0.406459 0.000000 1700.000000 0.999951
1 0 17.000000 -0.000000 -0.000000 0.269549 -0.000000 0.000000 0.103663 -0.000000 0.000000 -0.646073 0.000000 800.000000 0.707682
1 0 12.000000 0.000000 0.000000 -0.393810 -0.000000 0.000000 0.414639 0.000000 0.000000 0.416602 0.000000 1200.000000 0.707509
1 0 17.000000 -0.366876 -0.179424 -0.017146 0.179326 -0.367076 0.008381 -0.013495 0.000000 0.577505 0.000000 2400.000000 0.707682
1 0 20.000000 0.549067 -0.174329 0.031839 0.173746 0.550910 0.010075 -0.047228 0.000000 0.407224 12.000000 1900.000000 0.707700
1 0 22.000000 0.577734 0.000000 0.000000 0.000000 0.577734 0.000000 0.000000 0.000000 0.408520 12.000000 3000.000000 0.707577
1 0 22.000000 -0.000000 -0.000000 0.000579 0.000000 -0.000000 -0.044813 0.000000 0.000000 0.706156 12.000000 3000.000000 0.707577
1 0 10.000000 0.386513 0.000000 0.000000 0.000000 0.386513 0.000000 0.000000 0.000000 0.273306 10.000000 2000.000000 0.473380
1 1 12.000000 0.000000 0.000000 0.933939 -0.000000 0.000000 -0.173752 -0.000000 0.000000 0.311338 0.000000 1200.000000 0.999681
1 0 25.000000 0.000000 0.000000 -0.393906 -0.000000 0.000000 0.414740 0.000000 0.000000 0.416703 0.000000 2500.000000 0.707681
1 1 20.000000 -0.190349 -0.906280 -0.000000 0.408246 -0.422562 0.000000 -0.892751 0.000000 0.000000 0.000000 1700.000000 0.999951
1 0 12.000000 0.219409 0.672625 0.000000 -0.672599 0.219418 -0.000000 -0.006315 0.000000 0.000000 0.000000 1200.000000 0.707509
1 0 17.000000 -0.000000 -0.000000 0.394754 -0.000000 0.000000 0.574663 -0.000000 0.000000 -0.121430 14.000000 800.000000 0.707682
1 0 12.000000 -0.140711 0.678101 -0.000000 -0.472680 -0.201863 -0.000000 -0.507290 0.000000 0.000000 0.000000 1200.000000 0.707509
1 0 22.000000 -0.090822 -0.373123 -0.197072 0.203733 -0.166335 0.442072 -0.342246 0.000000 0.315454 0.000000 3000.000000 0.707577
1 1 14.000000 0.000000 -0.000000 0.266561 0.000000 0.000000 0.513715 -0.000000 0.000000 0.815157 0.000000 2000.000000 0.999719
1 0 10.000000 0.577188 0.000000 0.000000 0.000000 0.577188 0.000000 0.000000 0.000000 0.408133 0.000000 2000.000000 0.706908
1 1 25.000000 0.000000 0.000000 -0.556572 -0.000000 0.000000 0.586010 0.000000 0.000000 0.588784 0.000000 2500.000000 0.999924
1 0 10.000000 0.577188 0.000000 0.000000 0.000000 0.577188 0.000000 0.000000 0.000000 0.408133 0.000000 800.000000 0.706908
1 1 17.000000 -0.195912 -0.435362 0.459046 0.224967 -0.379135 -0.527125 0.494259 0.000000 0.421881 0.000000 2400.000000 0.999925
1 0 14.000000 0.660185 0.071469 -0.000000 -0.067029 0.703917 0.000000 0.245499 0.000000 0.000000 0.000000 2000.000000 0.707536
1 0 20.000000 0.000000 0.000000 -0.280715 0.000000 -0.000000 -0.338711 -0.000000 0.000000 -0.554358 0.000000 1700.000000 0.707700
1 0 17.000000 -0.005269 -0.408546 0.000473 0.407726 -0.005280 -0.036595 0.025879 0.000000 0.576660 0.000000 2400.000000 0.707682
1 0 12.000000 0.577679 0.000000 0.000000 0.000000 0.577679 0.000000 0.000000 0.000000 0.408481 0.000000 3000.000000 0.707509
1 1 20.000000 0.433796 -0.818906 0.000000 0.619052 0.573842 0.000000 -0.654597 0.000000 0.000000 12.000000 1900.000000 0.999951
1 1 22.000000 -0.000000 -0.000000 0.562131 0.000000 -0.000000 -0.645497 0.000000 0.000000 0.516619 12.000000 3000.000000 0.999777
1 1 22.000000 -0.007444 -0.577173 0.000668 0.576014 -0.007459 -0.051699 0.036560 0.000000 0.814675 0.000000 3000.000000 0.999777
1 1 12.000000 0.405374 0.724853 -0.000000 -0.426815 0.688441 0.000000 0.808000 0.000000 0.000000 0.000000 1200.000000 0.999681
1 1 20.000000 0.247217 -0.811048 -0.000000 0.342805 0.584895 -0.000000 0.906239 0.000000 0.000000 12.000000 1900.000000 0.999951
1 0 20.000000 0.307012 -0.579568 0.000000 0.438125 0.406128 0.000000 -0.463281 0.000000 0.000000 12.000000 1900.000000 0.707700
1 1 22.000000 -0.000000 -0.000000 0.000818 0.000000 -0.000000 -0.063319 0.000000 0.000000 0.997769 12.000000 3000.000000 0.999777
1 1 14.000000 -0.000000 0.000000 0.229559 -0.000000 -0.000000 0.671820 0.000000 0.000000 0.703845 14.000000 1500.000000 0.999719
1 0 22.000000 -0.000000 -0.000000 0.397840 0.000000 -0.000000 -0.456841 0.000000 0.000000 0.365629 12.000000 3000.000000 0.707577
1 0 12.000000 0.000000 0.000000 0.000000 0.000000 0.000000 0.000000 0.000000 0.000000 0.000000 0.000000 1200.000000 0.000000
1 0 20.000000 -0.000000 0.000000 -0.269556 -0.000000 -0.000000 -0.103666 -0.000000 0.000000 0.646090 0.000000 1700.000000 0.707700
1 1 27.000000 0.000000 -0.000000 -0.513181 0.000000 0.000000 -0.315058 0.000000 0.000000 0.798280 0.000000 3000.000000 0.999934
1 0 20.000000 -0.603032 -0.254029 0.000000 -0.231914 0.660536 0.000000 -0.288803 0.000000 -0.000000 0.000000 1700.000000 0.707700
1 1 22.000000 0.816314 0.000000 0.000000 0.000000 0.816314 0.000000 0.000000 0.000000 0.577221 0.000000 3000.000000 0.999777
1 0 25.000000 0.000000 0.000000 0.000000 0.000000 0.000000 0.000000 0.000000 0.000000 0.000000 0.000000 2500.000000 0.000000
1 0 12.000000 -0.642987 0.271527 -0.000000 -0.267227 -0.653332 -0.000000 -0.125406 0.000000 0.000000 36.000000 1200.000000 0.707509
1 1 17.000000 -0.007445 -0.577259 0.000668 0.576100 -0.007460 -0.051707 0.036565 0.000000 0.814796 0.000000 2400.000000 0.999925
1 0 10.000000 0.000000 0.000000 0.000000 0.000000 0.000000 0.000000 0.000000 0.000000 0.000000 44.000000 800.000000 0.000000
1 0 22.000000 -0.005269 -0.408485 0.000473 0.407665 -0.005279 -0.036589 0.025875 0.000000 0.576574 12.000000 3000.000000 0.707577
1 0 25.000000 0.000000 0.000000 -0.244293 -0.000000 0.000000 0.024803 0.000000 0.000000 0.663715 0.000000 2500.000000 0.707681
1 0 12.000000 0.051631 -0.565494 -0.075047 0.247380 0.118024 -0.359573 0.519471 0.000000 0.178694 0.000000 1200.000000 0.707509
1 1 17.000000 -0.000000 -0.000000 0.000818 0.000000 -0.000000 -0.063328 0.000000 0.000000 0.997918 0.000000 2400.000000 0.999925
1 0 20.000000 0.000000 -0.000000 -0.361180 -0.000000 -0.000000 0.452126 -0.000000 0.000000 -0.407395 0.000000 1700.000000 0.707700
1 0 12.000000 0.000000 0.000000 0.000000 0.000000 0.000000 0.000000 0.000000 0.000000 0.000000 0.000000 1200.000000 0.000000
1 0 12.000000 0.000000 -0.000000 -0.129985 0.000000 0.000000 -0.622799 0.000000 0.000000 0.309506 0.000000 1200.000000 0.707509
1 1 20.000000 0.000000 0.000000 -0.396639 0.000000 -0.000000 -0.478585 -0.000000 0.000000 -0.783285 0.000000 1700.000000 0.999951
1 0 20.000000 0.360475 0.451051 0.015860 -0.450181 0.361172 -0.019806 -0.035884 0.000000 0.407802 0.000000 1700.000000 0.707700
1 0 17.000000 -0.000000 -0.000000 0.000579 0.000000 -0.000000 -0.044819 0.000000 0.000000 0.706261 0.000000 2400.000000 0.707682
1 0 22.000000 -0.000000 -0.000000 -0.241363 0.000000 -0.000000 0.541426 -0.000000 0.000000 0.386351 12.000000 3000.000000 0.707577
1 0 12.000000 0.000000 0.000000 -0.244234 -0.000000 0.000000 0.024797 0.000000 0.000000 0.663554 0.000000 1200.000000 0.707509
1 0 25.000000 0.000000 -0.000000 -0.052132 0.000000 0.000000 -0.045121 0.000000 0.000000 0.704314 0.000000 2500.000000 0.707681
1 1 20.000000 -0.000000 -0.000000 0.380872 -0.000000 0.000000 0.146475 -0.000000 0.000000 -0.912898 0.000000 1700.000000 0.999951
1 0 17.000000 -0.000000 0.000000 0.598871 0.000000 0.000000 -0.309208 -0.000000 0.000000 -0.215772 0.000000 800.000000 0.707682
1 0 12.000000 -0.000000 0.000000 0.162461 -0.000000 -0.000000 0.475453 0.000000 0.000000 0.498117 0.000000 1200.000000 0.707509
1 0 17.000000 -0.157332 -0.646364 -0.000000 0.352928 -0.288143 0.000000 -0.592876 0.000000 0.000000 0.000000 2400.000000 0.707682
1 1 25.000000 0.000000 -0.000000 -0.073661 0.000000 0.000000 -0.063754 0.000000 0.000000 0.995167 0.000000 2500.000000 0.999924
1 1 20.000000 -0.519545 -0.816938 -0.000000 0.736049 -0.576641 0.000000 -0.433828 0.000000 0.000000 0.000000 1500.000000 0.999951
1 1 14.000000 0.548453 -0.174134 0.063608 0.173551 0.550294 0.020128 -0.047175 0.000000 0.813536 0.000000 1000.000000 0.999719
1 0 12.000000 0.000000 0.000000 0.281976 -0.000000 0.000000 -0.246073 -0.000000 0.000000 0.600422 16.000000 1200.000000 0.707509
1 0 22.000000 0.277935 -0.213737 -0.296502 0.170633 0.348145 -0.182032 0.246017 0.000000 0.461224 0.000000 3000.000000 0.707577
1 0 12.000000 -0.000000 -0.000000 -0.177010 0.000000 -0.000000 0.250773 -0.000000 0.000000 0.637456 36.000000 1200.000000 0.707509
1 1 22.000000 -0.434298 0.313344 0.304583 -0.280721 -0.484768 0.196876 0.256448 0.000000 0.731326 0.000000 3000.000000 0.999777
1 1 12.000000 0.375428 -0.887337 0.000000 0.723523 0.460429 0.000000 -0.578733 0.000000 0.000000 0.000000 1200.000000 0.999681
1 0 14.000000 0.265713 -0.628023 0.000000 0.512081 0.325874 0.000000 -0.409605 0.000000 0.000000 0.000000 2000.000000 0.707536
1 0 10.000000 0.577188 0.000000 0.000000 0.000000 0.577188 0.000000 0.000000 0.000000 0.408133 10.000000 800.000000 0.706908
1 0 12.000000 0.360378 0.450930 0.015855 -0.450059 0.361075 -0.019801 -0.035874 0.000000 0.407692 0.000000 1200.000000 0.707509
1 0 12.000000 0.577679 0.000000 0.000000 0.000000 0.577679 0.000000 0.000000 0.000000 0.408481 0.000000 1200.000000 0.707509
1 1 20.000000 -0.000000 -0.000000 0.557785 -0.000000 0.000000 0.811996 -0.000000 0.000000 -0.171580 0.000000 1700.000000 0.999951
1 1 25.000000 0.000000 -0.816434 0.000000 0.816434 0.000000 0.000000 0.000000 0.000000 0.577306 0.000000 2500.000000 0.999924
1 1 14.000000 -0.000000 0.000000 -0.121187 -0.000000 -0.000000 -0.040537 -0.000000 0.000000 0.991518 14.000000 1500.000000 0.999719
1 1 12.000000 0.000000 0.000000 0.002767 -0.000000 0.000000 -0.008482 -0.000000 0.000000 0.999641 0.000000 1200.000000 0.999681
1 0 12.000000 0.000000 -0.000000 0.188647 0.000000 0.000000 0.363560 -0.000000 0.000000 0.576893 0.000000 1200.000000 0.707509
1 0 12.000000 -0.367601 -0.578019 -0.000000 0.520787 -0.407999 0.000000 -0.306952 0.000000 0.000000 16.000000 1200.000000 0.707509
0 0 6.000000 0.000000 0.000000 0.000000 0.000000 0.000000 0.000000 0.000000 0.000000 0.000000 0.000000 1500.000000 0.000000
1 0 10.000000 0.577188 0.000000 0.000000 0.000000 0.577188 0.000000 0.000000 0.000000 0.408133 44.000000 800.000000 0.706908
1 1 12.000000 0.072952 -0.799019 -0.106038 0.349538 0.166764 -0.508062 0.733991 0.000000 0.252487 0.000000 1200.000000 0.999681
1 0 22.000000 -0.000000 -0.000000 -0.020996 0.000000 -0.000000 0.010263 -0.000000 0.000000 0.707191 0.000000 3000.000000 0.707577
1 0 12.000000 -0.543348 0.183254 -0.049516 -0.181750 -0.547842 -0.016563 -0.073840 0.000000 0.405130 0.000000 1200.000000 0.707509
1 1 17.000000 0.392770 -0.302046 -0.419007 0.241133 0.491987 -0.257242 0.347664 0.000000 0.651787 0.000000 2400.000000 0.999925
1 1 12.000000 0.932779 0.100979 -0.000000 -0.094706 0.994568 0.000000 0.346867 0.000000 0.000000 0.000000 1200.000000 0.999681
1 1 20.000000 0.359279 0.781269 0.000000 -0.449746 0.624116 -0.000000 -0.817648 0.000000 0.000000 0.000000 1700.000000 0.999951
1 0 12.000000 0.000000 -0.000000 -0.129985 0.000000 0.000000 -0.622799 0.000000 0.000000 0.309506 0.000000 3000.000000 0.707509
1 0 23.000000 0.000000 -0.577800 0.000000 0.577800 0.000000 0.000000 0.000000 0.000000 0.408566 0.000000 2500.000000 0.707657
1 1 12.000000 0.816236 0.000000 0.000000 0.000000 0.816236 0.000000 0.000000 0.000000 0.577166 0.000000 500.000000 0.999681
1 0 10.000000 0.000000 0.000000 0.000000 0.000000 0.000000 0.000000 0.000000 0.000000 0.000000 0.000000 2000.000000 0.000000
1 1 25.000000 -0.233888 -0.761167 -0.127448 0.602914 -0.295279 0.328535 -0.498354 0.000000 0.457279 0.000000 2900.000000 0.999924
1 0 14.000000 0.286908 0.513023 -0.000000 -0.302083 0.487252 0.000000 0.571871 0.000000 0.000000 0.000000 2000.000000 0.707536
1 0 14.000000 0.000000 0.000000 0.001958 -0.000000 0.000000 -0.006003 -0.000000 0.000000 0.707508 0.000000 2000.000000 0.707536
1 0 20.000000 0.000000 0.000000 0.000000 0.000000 0.000000 0.000000 0.000000 0.000000 0.000000 12.000000 1900.000000 0.000000
1 0 14.000000 0.577701 0.000000 0.000000 0.000000 0.577701 0.000000 0.000000 0.000000 0.408496 0.000000 2000.000000 0.707536
1 1 14.000000 0.000000 0.000000 0.002767 -0.000000 0.000000 -0.008483 -0.000000 0.000000 0.999679 0.000000 2000.000000 0.999719
1 1 20.000000 -0.000000 0.000000 0.846202 0.000000 0.000000 -0.436909 -0.000000 0.000000 -0.304884 0.000000 1700.000000 0.999951
1 0 12.000000 -0.000000 0.000000 -0.144737 -0.000000 -0.000000 -0.486204 -0.000000 0.000000 0.493179 0.000000 1200.000000 0.707509
1 0 12.000000 0.000000 0.000000 0.274314 -0.000000 0.000000 -0.115577 -0.000000 0.000000 0.641843 0.000000 1200.000000 0.707509
1 0 22.000000 0.000000 -0.000000 -0.363139 0.000000 0.000000 -0.222943 0.000000 0.000000 0.564882 12.000000 3000.000000 0.707577
1 0 10.000000 0.577188 0.000000 0.000000 0.000000 0.577188 0.000000 0.000000 0.000000 0.408133 44.000000 3500.000000 0.706908
1 0 17.000000 0.000000 0.000000 0.000000 0.000000 0.000000 0.000000 0.000000 0.000000 0.000000 0.000000 800.000000 0.000000
1 0 17.000000 0.000000 -0.000000 -0.361171 -0.000000 -0.000000 0.452114 -0.000000 0.000000 -0.407384 0.000000 800.000000 0.707682
1 0 14.000000 0.591509 0.274719 0.000000 -0.249221 0.652025 -0.000000 -0.297679 0.000000 0.000000 0.000000 2000.000000 0.707536
1 1 20.000000 0.000000 -0.000000 0.375653 0.000000 0.000000 0.536080 -0.000000 0.000000 0.755913 12.000000 1900.000000 0.999951
1 1 20.000000 0.509337 0.637317 0.022409 -0.636087 0.510322 -0.027986 -0.050702 0.000000 0.576207 0.000000 1700.000000 0.999951
1 0 12.000000 0.265703 -0.627999 0.000000 0.512062 0.325862 0.000000 -0.409589 0.000000 0.000000 0.000000 1200.000000 0.707509
1 1 12.000000 0.000000 -0.000000 -0.183663 0.000000 0.000000 -0.879990 0.000000 0.000000 0.437320 0.000000 3000.000000 0.999681
1 1 14.000000 -0.198827 0.958165 -0.000000 -0.667903 -0.285235 -0.000000 -0.716807 0.000000 0.000000 0.000000 2000.000000 0.999719
1 1 14.000000 0.306098 0.182852 0.000000 -0.056947 0.982855 -0.000000 -0.950000 0.000000 0.000000 0.000000 2000.000000 0.999719
1 0 20.000000 -0.000000 -0.000000 -0.177057 0.000000 -0.000000 0.250841 -0.000000 0.000000 0.637627 12.000000 1900.000000 0.707700
1 1 12.000000 -0.000000 0.000000 -0.204508 -0.000000 -0.000000 -0.686986 -0.000000 0.000000 0.696842 0.000000 1200.000000 0.999681
1 0 17.000000 -0.000000 0.000000 -0.206106 -0.000000 -0.000000 -0.675318 -0.000000 0.000000 0.047741 14.000000 800.000000 0.707682
1 1 22.000000 -0.000000 -0.000000 -0.029667 0.000000 -0.000000 0.014501 -0.000000 0.000000 0.999231 12.000000 3000.000000 0.999777
1 0 10.000000 0.000000 0.000000 0.000000 0.000000 0.000000 0.000000 0.000000 0.000000 0.000000 44.000000 3500.000000 0.000000
1 0 10.000000 0.000000 0.000000 0.000000 0.000000 0.000000 0.000000 0.000000 0.000000 0.000000 10.000000 2000.000000 0.000000
1 0 20.000000 -0.000000 0.000000 -0.206112 -0.000000 -0.000000 -0.675335 -0.000000 0.000000 0.047742 0.000000 1700.000000 0.707700
1 1 14.000000 0.835778 0.388166 0.000000 -0.352139 0.921285 -0.000000 -0.420608 0.000000 0.000000 0.000000 2000.000000 0.999719
1 0 17.000000 0.000000 0.000000 0.000000 0.000000 0.000000 0.000000 0.000000 0.000000 0.000000 0.000000 2400.000000 0.000000
0 0 6.000000 0.000000 0.000000 0.000000 0.000000 0.000000 0.000000 0.000000 0.000000 0.000000 10.000000 3000.000000 0.000000
1 0 12.000000 -0.000000 0.000000 -0.085765 -0.000000 -0.000000 -0.028688 -0.000000 0.000000 0.701705 0.000000 3000.000000 0.707509
1 1 17.000000 -0.897861 -0.439107 -0.000000 0.438868 -0.898351 0.000000 -0.033026 0.000000 0.000000 0.000000 2400.000000 0.999925
1 1 25.000000 0.000000 0.000000 0.387688 -0.000000 0.000000 -0.163345 -0.000000 0.000000 0.907118 0.000000 2500.000000 0.999924
1 0 25.000000 0.000000 0.000000 0.661141 -0.000000 0.000000 -0.123000 -0.000000 0.000000 0.220398 0.000000 2500.000000 0.707681
1 0 22.000000 -0.366821 -0.179397 -0.017144 0.179299 -0.367022 0.008380 -0.013493 0.000000 0.577419 0.000000 3000.000000 0.707577
1 0 14.000000 0.000000 0.000000 -0.393825 -0.000000 0.000000 0.414655 0.000000 0.000000 0.416618 0.000000 2000.000000 0.707536
1 1 22.000000 0.000000 -0.000000 -0.513101 0.000000 0.000000 -0.315009 0.000000 0.000000 0.798154 12.000000 3000.000000 0.999777
1 0 22.000000 -0.000000 -0.000000 -0.020996 0.000000 -0.000000 0.010263 -0.000000 0.000000 0.707191 12.000000 3000.000000 0.707577
1 1 17.000000 0.816436 0.000000 0.000000 0.000000 0.816436 0.000000 0.000000 0.000000 0.577307 0.000000 2400.000000 0.999925
1 1 12.000000 -0.000000 0.000000 -0.121182 -0.000000 -0.000000 -0.040536 -0.000000 0.000000 0.991481 0.000000 3000.000000 0.999681
1 1 27.000000 -0.000000 -0.000000 0.000818 0.000000 -0.000000 -0.063328 0.000000 0.000000 0.997926 0.000000 3000.000000 0.999934
1 0 20.000000 -0.131542 0.546794 0.093822 -0.384967 -0.186838 0.274577 0.410353 0.000000 0.287665 0.000000 1700.000000 0.707700
1 0 12.000000 0.000000 -0.000000 -0.375056 0.000000 0.000000 -0.520073 0.000000 0.000000 0.299043 16.000000 1200.000000 0.707509
1 0 17.000000 -0.000000 0.000000 -0.704183 -0.000000 -0.000000 -0.056341 -0.000000 0.000000 0.042019 0.000000 800.000000 0.707682
1 0 12.000000 0.591487 0.274708 0.000000 -0.249212 0.652000 -0.000000 -0.297668 0.000000 0.000000 0.000000 1200.000000 0.707509
1 0 22.000000 -0.307368 0.221764 0.215564 -0.198676 -0.343087 0.139336 0.181497 0.000000 0.517585 12.000000 3000.000000 0.707577
1 1 12.000000 -0.000000 0.000000 0.229550 -0.000000 -0.000000 0.671795 0.000000 0.000000 0.703819 0.000000 3000.000000 0.999681
1 1 14.000000 -0.165350 -0.538116 -0.180202 0.426237 -0.208751 0.464523 -0.352317 0.000000 0.646558 0.000000 1000.000000 0.999719
1 0 20.000000 -0.013936 0.676877 -0.000000 -0.045663 -0.206582 -0.000000 -0.706088 0.000000 0.000000 0.000000 1700.000000 0.707700
1 1 12.000000 0.000000 0.000000 -0.345092 -0.000000 0.000000 0.035037 0.000000 0.000000 0.937575 0.000000 1200.000000 0.999681
1 0 12.000000 0.000000 0.000000 0.000000 0.000000 0.000000 0.000000 0.000000 0.000000 0.000000 0.000000 3000.000000 0.000000
0 0 6.000000 0.000000 0.000000 0.000000 0.000000 0.000000 0.000000 0.000000 0.000000 0.000000 4.000000 800.000000 0.000000
1 0 10.000000 0.000000 0.000000 0.000000 0.000000 0.000000 0.000000 0.000000 0.000000 0.000000 10.000000 3500.000000 0.000000
1 1 17.000000 -0.434363 0.313390 0.304628 -0.280762 -0.484840 0.196905 0.256486 0.000000 0.731435 0.000000 2400.000000 0.999925
1 1 25.000000 0.000000 0.000000 -0.345176 -0.000000 0.000000 0.035046 0.000000 0.000000 0.937802 0.000000 2500.000000 0.999924
1 0 22.000000 -0.000000 -0.000000 0.397840 0.000000 -0.000000 -0.456841 0.000000 0.000000 0.365629 0.000000 3000.000000 0.707577
1 0 17.000000 -0.307414 0.221797 0.215596 -0.198705 -0.343138 0.139357 0.181524 0.000000 0.517662 0.000000 2400.000000 0.707682
1 1 22.000000 -0.434298 0.313344 0.304583 -0.280721 -0.484768 0.196876 0.256448 0.000000 0.731326 12.000000 3000.000000 0.999777
1 0 14.000000 0.000000 0.000000 0.274324 -0.000000 0.000000 -0.115581 -0.000000 0.000000 0.641868 0.000000 2000.000000 0.707536
1 0 22.000000 0.000000 0.000000 0.000000 0.000000 0.000000 0.000000 0.000000 0.000000 0.000000 12.000000 3000.000000 0.000000
1 1 12.000000 0.000000 -0.000000 -0.073643 0.000000 0.000000 -0.063738 0.000000 0.000000 0.994926 0.000000 1200.000000 0.999681
1 1 20.000000 0.000000 0.000000 0.510332 -0.000000 0.000000 -0.638835 -0.000000 0.000000 0.575632 0.000000 1700.000000 0.999951
1 0 17.000000 0.000000 -0.000000 0.433671 0.000000 0.000000 0.256571 -0.000000 0.000000 0.496905 14.000000 800.000000 0.707682
1 0 17.000000 0.000000 -0.000000 -0.363193 0.000000 0.000000 -0.222976 0.000000 0.000000 0.564966 0.000000 2400.000000 0.707682
1 0 17.000000 -0.009127 -0.707623 0.000000 0.706202 -0.009145 -0.000000 0.044823 0.000000 0.000000 0.000000 2400.000000 0.707682
1 1 17.000000 -0.222303 -0.913286 -0.000000 0.498672 -0.407135 0.000000 -0.837710 0.000000 0.000000 0.000000 2400.000000 0.999925
1 1 14.000000 0.752316 -0.654244 -0.000000 0.651132 0.755912 -0.000000 0.097399 0.000000 0.000000 0.000000 2000.000000 0.999719
1 0 12.000000 0.000000 -0.000000 0.265791 0.000000 0.000000 0.379300 -0.000000 0.000000 0.534842 36.000000 1200.000000 0.707509
0 0 6.000000 0.000000 0.000000 0.000000 0.000000 0.000000 0.000000 0.000000 0.000000 0.000000 10.000000 1500.000000 0.000000
1 0 10.000000 0.577188 0.000000 0.000000 0.000000 0.577188 0.000000 0.000000 0.000000 0.408133 44.000000 2000.000000 0.706908
1 1 20.000000 0.000000 -0.000000 -0.510332 -0.000000 -0.000000 0.638835 -0.000000 0.000000 -0.575632 0.000000 1700.000000 0.999951
1 1 22.000000 -0.128328 -0.527208 -0.278454 0.287866 -0.235024 0.624630 -0.483580 0.000000 0.445724 12.000000 3000.000000 0.999777
1 0 17.000000 -0.000000 -0.000000 -0.266994 0.000000 -0.000000 0.572629 -0.000000 0.000000 0.318785 0.000000 800.000000 0.707682
1 0 10.000000 0.000000 0.000000 0.000000 0.000000 0.000000 0.000000 0.000000 0.000000 0.000000 44.000000 2000.000000 0.000000
1 1 23.000000 0.000000 -0.816408 0.000000 0.816408 0.000000 0.000000 0.000000 0.000000 0.577287 0.000000 2500.000000 0.999891
1 0 17.000000 0.000000 0.000000 0.000000 0.000000 0.000000 0.000000 0.000000 0.000000 0.000000 8.000000 2600.000000 0.000000
1 0 12.000000 0.000000 0.000000 0.281976 -0.000000 0.000000 -0.246073 -0.000000 0.000000 0.600422 36.000000 1200.000000 0.707509
1 1 23.000000 0.816408 0.000000 0.000000 0.000000 0.816408 0.000000 0.000000 0.000000 0.577287 0.000000 2500.000000 0.999891
1 1 25.000000 0.775788 -0.246313 0.044987 0.245489 0.778393 0.014235 -0.066730 0.000000 0.575375 0.000000 2900.000000 0.999924
1 1 12.000000 0.816236 0.000000 0.000000 0.000000 0.816236 0.000000 0.000000 0.000000 0.577166 0.000000 1200.000000 0.999681
1 0 17.000000 0.277977 -0.213769 -0.296546 0.170659 0.348196 -0.182059 0.246054 0.000000 0.461292 0.000000 2400.000000 0.707682
1 1 17.000000 -0.100715 -0.799877 0.091161 0.492427 -0.163598 -0.445712 0.643381 0.000000 0.355407 26.000000 2600.000000 0.999925
1 0 17.000000 0.000000 0.000000 0.000000 0.000000 0.000000 0.000000 0.000000 0.000000 0.000000 14.000000 800.000000 0.000000
1 1 12.000000 -0.185813 0.772390 0.132531 -0.543796 -0.263923 0.387861 0.579656 0.000000 0.406350 0.000000 1200.000000 0.999681
1 0 12.000000 0.660160 0.071466 -0.000000 -0.067026 0.703890 0.000000 0.245490 0.000000 0.000000 0.000000 1200.000000 0.707509
1 0 12.000000 0.000000 0.000000 0.000000 0.000000 0.000000 0.000000 0.000000 0.000000 0.000000 36.000000 1200.000000 0.000000
1 1 12.000000 -0.000000 0.000000 -0.121182 -0.000000 -0.000000 -0.040536 -0.000000 0.000000 0.991481 0.000000 500.000000 0.999681
1 0 14.000000 0.000000 0.000000 0.000000 0.000000 0.000000 0.000000 0.000000 0.000000 0.000000 0.000000 1000.000000 0.000000
1 0 10.000000 0.386513 0.000000 0.000000 0.000000 0.386513 0.000000 0.000000 0.000000 0.273306 0.000000 2000.000000 0.473380
1 0 12.000000 0.306930 -0.579412 0.000000 0.438007 0.406018 0.000000 -0.463156 0.000000 0.000000 36.000000 1200.000000 0.707509
1 1 17.000000 -0.128347 -0.527286 -0.278496 0.287909 -0.235059 0.624723 -0.483652 0.000000 0.445790 0.000000 2400.000000 0.999925
1 0 17.000000 0.577820 0.000000 0.000000 0.000000 0.577820 0.000000 0.000000 0.000000 0.408580 0.000000 2400.000000 0.707682
1 0 20.000000 0.427676 -0.360351 0.000000 0.253024 0.609086 0.000000 -0.503896 0.000000 0.000000 0.000000 1700.000000 0.707700
1 1 20.000000 -0.097150 -0.824220 0.000000 -0.141427 0.566182 0.000000 -0.985120 0.000000 -0.000000 0.000000 1700.000000 0.999951
1 0 14.000000 0.000000 0.000000 0.661006 -0.000000 0.000000 -0.122975 -0.000000 0.000000 0.220353 0.000000 2000.000000 0.707536
1 1 14.000000 0.816267 0.000000 0.000000 0.000000 0.816267 0.000000 0.000000 0.000000 0.577188 0.000000 2000.000000 0.999719
1 0 20.000000 0.452507 0.465321 0.000000 -0.394891 0.533212 -0.000000 -0.374350 0.000000 0.000000 12.000000 1900.000000 0.707700
1 1 17.000000 -0.518380 -0.253519 -0.024227 0.253380 -0.518663 0.011842 -0.019068 0.000000 0.815990 0.000000 2400.000000 0.999925
1 0 22.000000 -0.366821 -0.179397 -0.017144 0.179299 -0.367022 0.008380 -0.013493 0.000000 0.577419 12.000000 3000.000000 0.707577
1 0 10.000000 0.577188 0.000000 0.000000 0.000000 0.577188 0.000000 0.000000 0.000000 0.408133 0.000000 3500.000000 0.706908
1 0 14.000000 0.000000 0.000000 -0.244243 -0.000000 0.000000 0.024798 0.000000 0.000000 0.663579 0.000000 2000.000000 0.707536
1 1 25.000000 0.000000 0.000000 0.411618 -0.000000 0.000000 -0.176203 -0.000000 0.000000 0.894075 0.000000 2900.000000 0.999924
1 0 12.000000 0.532420 -0.463014 -0.000000 0.460811 0.534965 -0.000000 0.068930 0.000000 0.000000 0.000000 1200.000000 0.707509
1 0 17.000000 -0.000000 -0.000000 -0.266994 0.000000 -0.000000 0.572629 -0.000000 0.000000 0.318785 14.000000 800.000000 0.707682
1 0 10.000000 0.000000 0.000000 0.000000 0.000000 0.000000 0.000000 0.000000 0.000000 0.000000 0.000000 3500.000000 0.000000
1 0 14.000000 -0.140717 0.678126 -0.000000 -0.472698 -0.201870 -0.000000 -0.507309 0.000000 0.000000 0.000000 2000.000000 0.707536
1 0 20.000000 -0.134716 -0.641405 -0.000000 0.288930 -0.299062 0.000000 -0.631831 0.000000 0.000000 0.000000 1700.000000 0.707700
1 0 12.000000 -0.000000 0.000000 -0.115803 -0.000000 -0.000000 -0.048128 -0.000000 0.000000 0.696306 16.000000 1200.000000 0.707509
1 0 22.000000 0.577734 0.000000 0.000000 0.000000 0.577734 0.000000 0.000000 0.000000 0.408520 0.000000 3000.000000 0.707577
1 0 12.000000 0.000000 -0.000000 -0.052120 0.000000 0.000000 -0.045110 0.000000 0.000000 0.704143 0.000000 1200.000000 0.707509
1 0 20.000000 -0.071282 -0.566115 0.064519 0.348516 -0.115787 -0.315454 0.455355 0.000000 0.251540 12.000000 1900.000000 0.707700
1 0 14.000000 0.000000 -0.000000 -0.052122 0.000000 0.000000 -0.045111 0.000000 0.000000 0.704170 0.000000 2000.000000 0.707536
1 1 22.000000 -0.518303 -0.253481 -0.024223 0.253343 -0.518586 0.011840 -0.019065 0.000000 0.815869 0.000000 3000.000000 0.999777
1 1 25.000000 -0.100715 -0.799876 0.091161 0.492426 -0.163598 -0.445711 0.643380 0.000000 0.355406 0.000000 2900.000000 0.999924
1 1 25.000000 -0.000000 0.000000 0.545401 -0.000000 -0.000000 0.503532 0.000000 0.000000 0.669955 0.000000 2900.000000 0.999924
1 0 20.000000 0.174964 -0.574007 -0.000000 0.242615 0.413951 -0.000000 0.641377 0.000000 0.000000 12.000000 1900.000000 0.707700
1 1 17.000000 -0.752338 0.542808 0.000000 -0.486295 -0.839768 0.000000 0.444247 0.000000 0.000000 0.000000 2400.000000 0.999925
1 1 25.000000 0.816434 0.000000 0.000000 0.000000 0.816434 0.000000 0.000000 0.000000 0.577306 0.000000 2500.000000 0.999924
1 1 22.000000 -0.518303 -0.253481 -0.024223 0.253343 -0.518586 0.011840 -0.019065 0.000000 0.815869 12.000000 3000.000000 0.999777
1 0 14.000000 0.532440 -0.463031 -0.000000 0.460828 0.534985 -0.000000 0.068932 0.000000 0.000000 0.000000 2000.000000 0.707536
1 0 20.000000 0.000000 -0.000000 -0.375157 0.000000 0.000000 -0.520213 0.000000 0.000000 0.299123 12.000000 1900.000000 0.707700
1 1 12.000000 0.816236 0.000000 0.000000 0.000000 0.816236 0.000000 0.000000 0.000000 0.577166 0.000000 3000.000000 0.999681
1 1 20.000000 -0.059183 0.079751 -0.000000 -0.004735 -0.996765 -0.000000 -0.998186 0.000000 0.000000 0.000000 1700.000000 0.999951
0 0 6.000000 0.000000 0.000000 0.000000 0.000000 0.000000 0.000000 0.000000 0.000000 0.000000 4.000000 3000.000000 0.000000
1 0 20.000000 -0.603032 0.254029 -0.000000 -0.231914 -0.660536 -0.000000 -0.288803 0.000000 0.000000 0.000000 1700.000000 0.707700
1 0 17.000000 -0.000000 0.000000 0.598871 0.000000 0.000000 -0.309208 -0.000000 0.000000 -0.215772 14.000000 800.000000 0.707682
1 0 12.000000 0.174917 -0.573852 -0.000000 0.242550 0.413839 -0.000000 0.641204 0.000000 0.000000 36.000000 1200.000000 0.707509
1 1 14.000000 0.932814 0.100983 -0.000000 -0.094709 0.994606 0.000000 0.346880 0.000000 0.000000 0.000000 2000.000000 0.999719
1 1 23.000000 -0.000000 -0.000000 -0.250160 0.000000 -0.000000 0.354406 -0.000000 0.000000 0.900887 0.000000 2500.000000 0.999891
1 0 22.000000 -0.090822 -0.373123 -0.197072 0.203733 -0.166335 0.442072 -0.342246 0.000000 0.315454 12.000000 3000.000000 0.707577
1 0 12.000000 0.216628 0.129406 0.000000 -0.040302 0.695574 -0.000000 -0.672322 0.000000 0.000000 0.000000 1200.000000 0.707509
1 0 12.000000 0.000000 0.000000 0.027462 -0.000000 0.000000 -0.034296 -0.000000 0.000000 0.706144 0.000000 500.000000 0.707509
1 1 22.000000 -0.000000 -0.000000 0.000818 0.000000 -0.000000 -0.063319 0.000000 0.000000 0.997769 0.000000 3000.000000 0.999777
1 1 17.000000 -0.000000 -0.000000 0.562214 0.000000 -0.000000 -0.645593 0.000000 0.000000 0.516696 0.000000 2400.000000 0.999925
1 0 23.000000 -0.000000 -0.000000 -0.177047 0.000000 -0.000000 0.250826 -0.000000 0.000000 0.637589 0.000000 2500.000000 0.707657
1 0 12.000000 0.000000 0.000000 0.027462 -0.000000 0.000000 -0.034296 -0.000000 0.000000 0.706144 0.000000 1200.000000 0.707509
1 0 12.000000 0.306930 -0.579412 0.000000 0.438007 0.406018 0.000000 -0.463156 0.000000 0.000000 16.000000 1200.000000 0.707509
1 1 14.000000 0.000000 0.000000 -0.345106 -0.000000 0.000000 0.035039 0.000000 0.000000 0.937610 0.000000 2000.000000 0.999719
1 0 10.000000 0.386513 0.000000 0.000000 0.000000 0.386513 0.000000 0.000000 0.000000 0.273306 0.000000 3500.000000 0.473380
1 1 12.000000 0.000000 -0.000000 -0.183663 0.000000 0.000000 -0.879990 0.000000 0.000000 0.437320 0.000000 500.000000 0.999681
0 0 6.000000 0.000000 0.000000 0.000000 0.000000 0.000000 0.000000 0.000000 0.000000 0.000000 0.000000 800.000000 0.000000
1 1 20.000000 -0.100718 -0.799897 0.091163 0.492439 -0.163602 -0.445723 0.643397 0.000000 0.355416 12.000000 1900.000000 0.999951
1 0 12.000000 -0.000000 -0.000000 -0.177010 0.000000 -0.000000 0.250773 -0.000000 0.000000 0.637456 16.000000 1200.000000 0.707509
1 0 20.000000 -0.165535 -0.538719 -0.090202 0.426714 -0.208985 0.232522 -0.352712 0.000000 0.323641 12.000000 1900.000000 0.707700
1 0 23.000000 -0.000000 0.000000 -0.115827 -0.000000 -0.000000 -0.048138 -0.000000 0.000000 0.696452 0.000000 2500.000000 0.707657
1 1 27.000000 -0.000000 0.000000 0.373095 -0.000000 -0.000000 0.241160 0.000000 0.000000 0.895828 0.000000 3000.000000 0.999934
1 0 27.000000 0.000000 0.000000 0.000000 0.000000 0.000000 0.000000 0.000000 0.000000 0.000000 0.000000 3000.000000 0.000000
1 0 12.000000 0.000000 -0.000000 -0.375056 0.000000 0.000000 -0.520073 0.000000 0.000000 0.299043 36.000000 1200.000000 0.707509
1 1 25.000000 0.000000 0.000000 0.035964 -0.000000 0.000000 -0.491511 -0.000000 0.000000 0.870041 0.000000 2900.000000 0.999924
1 1 22.000000 -0.007444 -0.577173 0.000668 0.576014 -0.007459 -0.051699 0.036560 0.000000 0.814675 12.000000 3000.000000 0.999777
1 1 12.000000 -0.000000 0.000000 0.229550 -0.000000 -0.000000 0.671795 0.000000 0.000000 0.703819 0.000000 500.000000 0.999681
1 0 22.000000 -0.005269 -0.408485 0.000473 0.407665 -0.005279 -0.036589 0.025875 0.000000 0.576574 0.000000 3000.000000 0.707577
1 0 22.000000 -0.307368 0.221764 0.215564 -0.198676 -0.343087 0.139336 0.181497 0.000000 0.517585 0.000000 3000.000000 0.707577
1 0 25.000000 0.577819 0.000000 0.000000 0.000000 0.577819 0.000000 0.000000 0.000000 0.408580 0.000000 2500.000000 0.707681
1 1 14.000000 0.000000 0.000000 0.038805 -0.000000 0.000000 -0.048461 -0.000000 0.000000 0.997790 14.000000 1500.000000 0.999719
1 0 12.000000 0.452385 0.465195 0.000000 -0.394785 0.533069 -0.000000 -0.374249 0.000000 0.000000 36.000000 1200.000000 0.707509
1 0 17.000000 -0.240155 -0.533681 0.000000 0.275772 -0.464756 -0.000000 0.605879 0.000000 0.000000 0.000000 2400.000000 0.707682
1 0 14.000000 0.577701 0.000000 0.000000 0.000000 0.577701 0.000000 0.000000 0.000000 0.408496 14.000000 1500.000000 0.707536
1 1 25.000000 0.000000 0.000000 0.934165 -0.000000 0.000000 -0.173794 -0.000000 0.000000 0.311414 0.000000 2500.000000 0.999924
1 1 25.000000 -0.000000 0.000000 -0.804861 -0.000000 -0.000000 -0.551010 -0.000000 0.000000 0.220080 0.000000 2900.000000 0.999924
1 1 12.000000 0.752288 -0.654219 -0.000000 0.651107 0.755883 -0.000000 0.097395 0.000000 0.000000 0.000000 1200.000000 0.999681
1 0 22.000000 -0.138633 -0.308075 0.324835 0.159193 -0.268287 -0.373009 0.349752 0.000000 0.298535 12.000000 3000.000000 0.707577
1 1 12.000000 0.835746 0.388151 0.000000 -0.352126 0.921250 -0.000000 -0.420592 0.000000 0.000000 0.000000 1200.000000 0.999681
1 1 22.000000 -0.128328 -0.527208 -0.278454 0.287866 -0.235024 0.624630 -0.483580 0.000000 0.445724 0.000000 3000.000000 0.999777
1 0 14.000000 -0.000000 0.000000 -0.144743 -0.000000 -0.000000 -0.486222 -0.000000 0.000000 0.493198 0.000000 2000.000000 0.707536
1 0 17.000000 0.000000 -0.000000 0.433671 0.000000 0.000000 0.256571 -0.000000 0.000000 0.496905 0.000000 800.000000 0.707682
1 0 12.000000 -0.000000 0.000000 -0.085765 -0.000000 -0.000000 -0.028688 -0.000000 0.000000 0.701705 0.000000 1200.000000 0.707509
1 0 25.000000 0.000000 -0.000000 0.188693 0.000000 0.000000 0.363648 -0.000000 0.000000 0.577033 0.000000 2500.000000 0.707681
1 0 20.000000 0.051645 -0.565646 -0.075067 0.247447 0.118056 -0.359670 0.519611 0.000000 0.178742 0.000000 1700.000000 0.707700
1 1 20.000000 -0.852060 -0.358932 0.000000 -0.327684 0.933311 0.000000 -0.408067 0.000000 -0.000000 0.000000 1700.000000 0.999951
1 0 20.000000 -0.000000 0.000000 -0.115834 -0.000000 -0.000000 -0.048141 -0.000000 0.000000 0.696494 12.000000 1900.000000 0.707700
1 0 20.000000 0.353742 0.544890 -0.000000 0.426825 -0.451591 -0.000000 -0.439916 0.000000 -0.000000 0.000000 1700.000000 0.707700
1 1 14.000000 -0.000000 0.000000 -0.204516 -0.000000 -0.000000 -0.687012 -0.000000 0.000000 0.696869 0.000000 2000.000000 0.999719
1 1 25.000000 0.000000 -0.000000 -0.088070 0.000000 0.000000 -0.077168 0.000000 0.000000 0.993044 0.000000 2900.000000 0.999924
1 1 22.000000 0.392711 -0.302001 -0.418945 0.241098 0.491914 -0.257203 0.347612 0.000000 0.651690 12.000000 3000.000000 0.999777
1 1 27.000000 -0.000000 -0.000000 0.562219 0.000000 -0.000000 -0.645599 0.000000 0.000000 0.516700 0.000000 3000.000000 0.999934
1 0 14.000000 -0.000000 0.000000 0.162467 -0.000000 -0.000000 0.475471 0.000000 0.000000 0.498136 14.000000 1500.000000 0.707536
1 1 20.000000 -0.000000 -0.000000 -0.377261 0.000000 -0.000000 0.809122 -0.000000 0.000000 0.450441 0.000000 1700.000000 0.999951
1 0 12.000000 0.000000 0.000000 0.660981 -0.000000 0.000000 -0.122970 -0.000000 0.000000 0.220345 0.000000 1200.000000 0.707509
1 1 25.000000 0.000000 0.000000 -0.114007 -0.000000 0.000000 0.391791 0.000000 0.000000 0.912880 0.000000 2900.000000 0.999924
1 0 17.000000 -0.532456 0.384164 0.000000 -0.344168 -0.594333 0.000000 0.314409 0.000000 0.000000 0.000000 2400.000000 0.707682
1 0 23.000000 0.577800 0.000000 0.000000 0.000000 0.577800 0.000000 0.000000 0.000000 0.408566 0.000000 2500.000000 0.707657
1 1 23.000000 0.000000 0.000000 0.398504 -0.000000 0.000000 -0.347764 -0.000000 0.000000 0.848550 0.000000 2500.000000 0.999891
1 1 14.000000 -0.071202 -0.565482 0.128894 0.348127 -0.115657 -0.630202 0.454845 0.000000 0.502517 0.000000 1000.000000 0.999719
1 0 25.000000 0.000000 0.000000 0.000000 0.000000 0.000000 0.000000 0.000000 0.000000 0.000000 0.000000 2900.000000 0.000000
1 1 14.000000 0.000000 0.000000 -0.556458 -0.000000 0.000000 0.585890 0.000000 0.000000 0.588664 0.000000 2000.000000 0.999719
1 1 14.000000 0.375442 -0.887371 0.000000 0.723550 0.460447 0.000000 -0.578755 0.000000 0.000000 0.000000 2000.000000 0.999719
1 1 22.000000 -0.000000 -0.000000 -0.341035 0.000000 -0.000000 0.765012 -0.000000 0.000000 0.545898 0.000000 3000.000000 0.999777
1 1 12.000000 0.509200 0.637145 0.022403 -0.635915 0.510184 -0.027978 -0.050689 0.000000 0.576052 0.000000 1200.000000 0.999681
1 1 17.000000 0.000000 -0.000000 -0.513177 0.000000 0.000000 -0.315055 0.000000 0.000000 0.798273 0.000000 2400.000000 0.999925
1 0 23.000000 0.000000 0.000000 0.282035 -0.000000 0.000000 -0.246125 -0.000000 0.000000 0.600548 0.000000 2500.000000 0.707657
1 1 20.000000 0.775809 -0.246319 0.044988 0.245495 0.778413 0.014236 -0.066732 0.000000 0.575390 12.000000 1900.000000 0.999951
1 1 17.000000 -0.012896 -0.999842 0.000000 0.997834 -0.012922 -0.000000 0.063333 0.000000 0.000000 0.000000 2400.000000 0.999925
1 1 20.000000 0.499822 0.769907 -0.000000 0.603086 -0.638079 -0.000000 -0.621584 0.000000 -0.000000 0.000000 1700.000000 0.999951
1 0 20.000000 -0.000000 -0.000000 0.269556 -0.000000 0.000000 0.103666 -0.000000 0.000000 -0.646090 0.000000 1700.000000 0.707700
1 0 22.000000 -0.000000 0.000000 0.264011 -0.000000 -0.000000 0.170651 0.000000 0.000000 0.633909 12.000000 3000.000000 0.707577
1 0 25.000000 0.000000 -0.577819 0.000000 0.577819 0.000000 0.000000 0.000000 0.000000 0.408580 0.000000 2500.000000 0.707681
1 1 27.000000 -0.000000 -0.000000 -0.029672 0.000000 -0.000000 0.014503 -0.000000 0.000000 0.999388 0.000000 3000.000000 0.999934
1 1 12.000000 -0.198819 0.958128 -0.000000 -0.667877 -0.285224 -0.000000 -0.716780 0.000000 0.000000 0.000000 1200.000000 0.999681
1 1 23.000000 0.000000 -0.000000 -0.530049 0.000000 0.000000 -0.734996 0.000000 0.000000 0.422624 0.000000 2500.000000 0.999891
1 0 20.000000 0.000000 0.000000 0.361180 -0.000000 0.000000 -0.452126 -0.000000 0.000000 0.407395 0.000000 1700.000000 0.707700
1 0 17.000000 -0.000000 -0.000000 0.269549 -0.000000 0.000000 0.103663 -0.000000 0.000000 -0.646073 14.000000 800.000000 0.707682
1 1 22.000000 -0.000000 0.000000 0.373037 -0.000000 -0.000000 0.241123 0.000000 0.000000 0.895688 12.000000 3000.000000 0.999777
1 0 10.000000 0.386513 0.000000 0.000000 0.000000 0.386513 0.000000 0.000000 0.000000 0.273306 44.000000 3500.000000 0.473380
1 0 22.000000 -0.000000 0.000000 0.264011 -0.000000 -0.000000 0.170651 0.000000 0.000000 0.633909 0.000000 3000.000000 0.707577
1 0 12.000000 0.000000 0.000000 0.000000 0.000000 0.000000 0.000000 0.000000 0.000000 0.000000 16.000000 1200.000000 0.000000
1 1 25.000000 -0.000000 0.000000 -0.204558 -0.000000 -0.000000 -0.687153 -0.000000 0.000000 0.697011 0.000000 2500.000000 0.999924
1 0 23.000000 0.000000 0.000000 0.000000 0.000000 0.000000 0.000000 0.000000 0.000000 0.000000 0.000000 2500.000000 0.000000
1 0 20.000000 -0.543494 0.183303 -0.049530 -0.181799 -0.547990 -0.016568 -0.073860 0.000000 0.405239 0.000000 1700.000000 0.707700
1 1 27.000000 0.000000 -0.816442 0.000000 0.816442 0.000000 0.000000 0.000000 0.000000 0.577312 0.000000 3000.000000 0.999934
1 1 22.000000 -0.195883 -0.435298 0.458978 0.224933 -0.379079 -0.527046 0.494186 0.000000 0.421818 0.000000 3000.000000 0.999777
1 1 23.000000 0.000000 -0.000000 0.375631 0.000000 0.000000 0.536048 -0.000000 0.000000 0.755868 0.000000 2500.000000 0.999891
1 1 20.000000 -0.233894 -0.761188 -0.127452 0.602930 -0.295287 0.328544 -0.498367 0.000000 0.457291 12.000000 1900.000000 0.999951
1 0 17.000000 0.000000 0.000000 -0.280708 0.000000 -0.000000 -0.338703 -0.000000 0.000000 -0.554344 0.000000 800.000000 0.707682
##END
