##TITLE= dor1 radial a cnst1=34.577
##JCAMP-DX= 5.00 Bruker JCAMP library
##DATA TYPE= Shape Data
##ORIGIN= Bruker Analytik GmbH
##OWNER= <nmrsu>
##DATE= xx
##TIME= xx
##MINX= 0
##MAXX= 1
##MINY= 0
##MAXY= 1
##$SHAPE_EXMODE= Gradient
##$SHAPE_TOTROT= 0
##$SHAPE_BWFAC= 0
##$SHAPE_INTEGFAC= 0
##$SHAPE_MODE= 0
##NPOINTS=1000
##XYDATA= (X++(Y..Y))
0.000000
0.027047
0.054015
0.080825
0.107397
0.133654
0.159520
0.184917
0.209772
0.234012
0.257565
0.280363
0.302339
0.323427
0.343568
0.362700
0.380768
0.397720
0.413504
0.428076
0.441392
0.453412
0.464103
0.473431
0.481369
0.487894
0.492985
0.496628
0.498811
0.499709
0.499848
0.499710
0.499412
0.498931
0.498264
0.497411
0.496370
0.495138
0.493714
0.492095
0.490279
0.488262
0.486043
0.483618
0.480983
0.478134
0.475069
0.471782
0.468269
0.464526
0.460547
0.456329
0.451864
0.447149
0.442177
0.436942
0.431439
0.425661
0.419604
0.413259
0.406623
0.399688
0.392448
0.384899
0.377035
0.368850
0.360339
0.351498
0.342322
0.332809
0.322954
0.312754
0.302209
0.291315
0.280072
0.268481
0.256542
0.244256
0.231626
0.218655
0.205346
0.191706
0.177741
0.163456
0.148860
0.133963
0.118773
0.103302
0.087563
0.071566
0.055327
0.038860
0.022181
0.005305
-0.011750
-0.028965
-0.046324
-0.063805
-0.081391
-0.099059
-0.116791
-0.134564
-0.152357
-0.170149
-0.187918
-0.205643
-0.223301
-0.240871
-0.258332
-0.275663
-0.292843
-0.309852
-0.326670
-0.343278
-0.359657
-0.375790
-0.391659
-0.407249
-0.422544
-0.437531
-0.452196
-0.466527
-0.480513
-0.494144
-0.507411
-0.520308
-0.532828
-0.544966
-0.556718
-0.568082
-0.579056
-0.589641
-0.599838
-0.609649
-0.619077
-0.628129
-0.636809
-0.645125
-0.653085
-0.660698
-0.667975
-0.674926
-0.681564
-0.687902
-0.693954
-0.699734
-0.705258
-0.710542
-0.715602
-0.720460
-0.725139
-0.729658
-0.734020
-0.738225
-0.742271
-0.746158
-0.749885
-0.753450
-0.756854
-0.760096
-0.763174
-0.766089
-0.768839
-0.771424
-0.773843
-0.776096
-0.778183
-0.780103
-0.781855
-0.783439
-0.784855
-0.786103
-0.787182
-0.788092
-0.788833
-0.789404
-0.789806
-0.790038
-0.790101
-0.789994
-0.789718
-0.789272
-0.788657
-0.787872
-0.786919
-0.785796
-0.784505
-0.783045
-0.781417
-0.779621
-0.777658
-0.775529
-0.773232
-0.770770
-0.768142
-0.765349
-0.762392
-0.759272
-0.755988
-0.752542
-0.748935
-0.745166
-0.741238
-0.737151
-0.732905
-0.728502
-0.723943
-0.719228
-0.714359
-0.709337
-0.704162
-0.698836
-0.693361
-0.687736
-0.681963
-0.676045
-0.669981
-0.663773
-0.657423
-0.650932
-0.644301
-0.637531
-0.630625
-0.623584
-0.616408
-0.609100
-0.601662
-0.594094
-0.586399
-0.578578
-0.570633
-0.562565
-0.554376
-0.546069
-0.537644
-0.529104
-0.520450
-0.511685
-0.502809
-0.493826
-0.484737
-0.475543
-0.466248
-0.456852
-0.447359
-0.437769
-0.428086
-0.418310
-0.408445
-0.398492
-0.388454
-0.378332
-0.368129
-0.357847
-0.347488
-0.337054
-0.326548
-0.315972
-0.305328
-0.294619
-0.283846
-0.273013
-0.262121
-0.251172
-0.240170
-0.229116
-0.218013
-0.206863
-0.195669
-0.184433
-0.173157
-0.161844
-0.150496
-0.139116
-0.127706
-0.116269
-0.104806
-0.093322
-0.081817
-0.070294
-0.058757
-0.047207
-0.035647
-0.024079
-0.012506
-0.000930
0.010646
0.022220
0.033789
0.045350
0.056902
0.068442
0.079967
0.091475
0.102963
0.114429
0.125871
0.137285
0.148670
0.160023
0.171342
0.182624
0.193867
0.205068
0.216225
0.227336
0.238398
0.249409
0.260366
0.271267
0.282110
0.292893
0.303612
0.314267
0.324854
0.335371
0.345817
0.356188
0.366482
0.376698
0.386833
0.396885
0.406852
0.416732
0.426522
0.436220
0.445825
0.455334
0.464745
0.474057
0.483267
0.492373
0.501373
0.510266
0.519049
0.527721
0.536280
0.544723
0.553050
0.561257
0.569345
0.577310
0.585151
0.592867
0.600455
0.607914
0.615243
0.622440
0.629503
0.636431
0.643222
0.649876
0.656390
0.662763
0.668993
0.675080
0.681022
0.686818
0.692467
0.697967
0.703317
0.708516
0.713563
0.718457
0.723196
0.727781
0.732209
0.736479
0.740592
0.744546
0.748340
0.751973
0.755445
0.758755
0.761902
0.764885
0.767704
0.770359
0.772848
0.775171
0.777328
0.779317
0.781140
0.782795
0.784281
0.785600
0.786750
0.787730
0.788542
0.789185
0.789658
0.789961
0.790095
0.790060
0.789855
0.789480
0.788936
0.788222
0.787339
0.786288
0.785067
0.783678
0.782121
0.780395
0.778503
0.776443
0.774216
0.771823
0.769265
0.766541
0.763653
0.760601
0.757386
0.754008
0.750468
0.746767
0.742906
0.738886
0.734706
0.730369
0.725876
0.721226
0.716422
0.711463
0.706352
0.701090
0.695677
0.690114
0.684404
0.678546
0.672543
0.666396
0.660105
0.653673
0.647100
0.640389
0.633540
0.626555
0.619436
0.612183
0.604799
0.597286
0.589644
0.581875
0.573982
0.565966
0.557827
0.549570
0.541194
0.532702
0.524096
0.515377
0.506547
0.497609
0.488564
0.479414
0.470161
0.460808
0.451355
0.441805
0.432161
0.422424
0.412596
0.402680
0.392677
0.382590
0.372420
0.362171
0.351844
0.341442
0.330966
0.320419
0.309804
0.299121
0.288375
0.277567
0.266699
0.255774
0.244794
0.233761
0.222679
0.211548
0.200372
0.189153
0.177894
0.166596
0.155263
0.143896
0.132498
0.121072
0.109620
0.098144
0.086647
0.075132
0.063601
0.052055
0.040499
0.028934
0.017363
0.005788
-0.005788
-0.017363
-0.028934
-0.040499
-0.052055
-0.063601
-0.075132
-0.086647
-0.098144
-0.109620
-0.121072
-0.132498
-0.143896
-0.155263
-0.166596
-0.177894
-0.189153
-0.200372
-0.211548
-0.222679
-0.233761
-0.244794
-0.255774
-0.266699
-0.277567
-0.288375
-0.299121
-0.309804
-0.320419
-0.330966
-0.341442
-0.351844
-0.362171
-0.372420
-0.382590
-0.392677
-0.402680
-0.412596
-0.422424
-0.432161
-0.441805
-0.451355
-0.460808
-0.470161
-0.479414
-0.488564
-0.497609
-0.506547
-0.515377
-0.524096
-0.532702
-0.541194
-0.549570
-0.557827
-0.565966
-0.573982
-0.581875
-0.589644
-0.597286
-0.604799
-0.612183
-0.619436
-0.626555
-0.633540
-0.640389
-0.647100
-0.653673
-0.660105
-0.666396
-0.672543
-0.678546
-0.684404
-0.690114
-0.695677
-0.701090
-0.706352
-0.711463
-0.716422
-0.721226
-0.725876
-0.730369
-0.734706
-0.738886
-0.742906
-0.746767
-0.750468
-0.754008
-0.757386
-0.760601
-0.763653
-0.766541
-0.769265
-0.771823
-0.774216
-0.776443
-0.778503
-0.780395
-0.782121
-0.783678
-0.785067
-0.786288
-0.787339
-0.788222
-0.788936
-0.789480
-0.789855
-0.790060
-0.790095
-0.789961
-0.789658
-0.789185
-0.788542
-0.787730
-0.786750
-0.785600
-0.784281
-0.782795
-0.781140
-0.779317
-0.777328
-0.775171
-0.772848
-0.770359
-0.767704
-0.764885
-0.761902
-0.758755
-0.755445
-0.751973
-0.748340
-0.744546
-0.740592
-0.736479
-0.732209
-0.727781
-0.723196
-0.718457
-0.713563
-0.708516
-0.703317
-0.697967
-0.692467
-0.686818
-0.681022
-0.675080
-0.668993
-0.662763
-0.656390
-0.649876
-0.643222
-0.636431
-0.629503
-0.622440
-0.615243
-0.607914
-0.600455
-0.592867
-0.585151
-0.577310
-0.569345
-0.561257
-0.553050
-0.544723
-0.536280
-0.527721
-0.519049
-0.510266
-0.501373
-0.492373
-0.483267
-0.474057
-0.464745
-0.455334
-0.445825
-0.436220
-0.426522
-0.416732
-0.406852
-0.396885
-0.386833
-0.376698
-0.366482
-0.356188
-0.345817
-0.335371
-0.324854
-0.314267
-0.303612
-0.292893
-0.282110
-0.271267
-0.260366
-0.249409
-0.238398
-0.227336
-0.216225
-0.205068
-0.193867
-0.182624
-0.171342
-0.160023
-0.148670
-0.137285
-0.125871
-0.114429
-0.102963
-0.091475
-0.079967
-0.068442
-0.056902
-0.045350
-0.033789
-0.022220
-0.010646
0.000930
0.012506
0.024079
0.035647
0.047207
0.058757
0.070294
0.081817
0.093322
0.104806
0.116269
0.127706
0.139116
0.150496
0.161844
0.173157
0.184433
0.195669
0.206863
0.218013
0.229116
0.240170
0.251172
0.262121
0.273013
0.283846
0.294619
0.305328
0.315972
0.326548
0.337054
0.347488
0.357847
0.368129
0.378332
0.388454
0.398492
0.408445
0.418310
0.428086
0.437769
0.447359
0.456852
0.466248
0.475543
0.484737
0.493826
0.502809
0.511685
0.520450
0.529104
0.537644
0.546069
0.554376
0.562565
0.570633
0.578578
0.586399
0.594094
0.601662
0.609100
0.616408
0.623584
0.630625
0.637531
0.644301
0.650932
0.657423
0.663773
0.669981
0.676045
0.681963
0.687736
0.693361
0.698836
0.704162
0.709337
0.714359
0.719228
0.723943
0.728502
0.732905
0.737151
0.741238
0.745166
0.748935
0.752542
0.755988
0.759272
0.762392
0.765349
0.768142
0.770770
0.773232
0.775529
0.777658
0.779621
0.781417
0.783045
0.784505
0.785796
0.786919
0.787872
0.788657
0.789272
0.789718
0.789994
0.790101
0.790038
0.789806
0.789404
0.788833
0.788092
0.787182
0.786103
0.784855
0.783439
0.781855
0.780103
0.778183
0.776096
0.773843
0.771424
0.768839
0.766089
0.763174
0.760096
0.756854
0.753450
0.749885
0.746158
0.742271
0.738225
0.734020
0.729658
0.725139
0.720460
0.715602
0.710542
0.705258
0.699734
0.693954
0.687902
0.681564
0.674926
0.667975
0.660698
0.653085
0.645125
0.636809
0.628129
0.619077
0.609649
0.599838
0.589641
0.579056
0.568082
0.556718
0.544966
0.532828
0.520308
0.507411
0.494144
0.480513
0.466527
0.452196
0.437531
0.422544
0.407249
0.391659
0.375790
0.359657
0.343278
0.326670
0.309852
0.292843
0.275663
0.258332
0.240871
0.223301
0.205643
0.187918
0.170149
0.152357
0.134564
0.116791
0.099059
0.081391
0.063805
0.046324
0.028965
0.011750
-0.005305
-0.022181
-0.038860
-0.055327
-0.071566
-0.087563
-0.103302
-0.118773
-0.133963
-0.148860
-0.163456
-0.177741
-0.191706
-0.205346
-0.218655
-0.231626
-0.244256
-0.256542
-0.268481
-0.280072
-0.291315
-0.302209
-0.312754
-0.322954
-0.332809
-0.342322
-0.351498
-0.360339
-0.368850
-0.377035
-0.384899
-0.392448
-0.399688
-0.406623
-0.413259
-0.419604
-0.425661
-0.431439
-0.436942
-0.442177
-0.447149
-0.451864
-0.456329
-0.460547
-0.464526
-0.468269
-0.471782
-0.475069
-0.478134
-0.480983
-0.483618
-0.486043
-0.488262
-0.490279
-0.492095
-0.493714
-0.495138
-0.496370
-0.497411
-0.498264
-0.498931
-0.499412
-0.499710
-0.499848
-0.499709
-0.498811
-0.496628
-0.492985
-0.487894
-0.481369
-0.473431
-0.464103
-0.453412
-0.441392
-0.428076
-0.413504
-0.397720
-0.380768
-0.362700
-0.343568
-0.323427
-0.302339
-0.280363
-0.257565
-0.234012
-0.209772
-0.184917
-0.159520
-0.133654
-0.107397
-0.080825
-0.054015
-0.027047
0.000000
##END
