##TITLE= dor1 radial b cnst1=34.577
##JCAMP-DX= 5.00 Bruker JCAMP library
##DATA TYPE= Shape Data
##ORIGIN= Bruker Analytik GmbH
##OWNER= <nmrsu>
##DATE= xx
##TIME= xx
##MINX= 0
##MAXX= 1
##MINY= 0
##MAXY= 1
##$SHAPE_EXMODE= Gradient
##$SHAPE_TOTROT= 0
##$SHAPE_BWFAC= 0
##$SHAPE_INTEGFAC= 0
##$SHAPE_MODE= 0
##NPOINTS=1000
##XYDATA= (X++(Y..Y))
0.000000
0.000000
0.000000
0.000000
0.000000
0.000001
0.000002
0.000006
0.000012
0.000024
0.000044
0.000075
0.000124
0.000195
0.000297
0.000437
0.000627
0.000877
0.001199
0.001608
0.002119
0.002745
0.003504
0.004410
0.005479
0.006726
0.008164
0.009806
0.011661
0.013738
0.016049
0.018608
0.021427
0.024516
0.027885
0.031546
0.035506
0.039774
0.044359
0.049266
0.054503
0.060075
0.065987
0.072242
0.078843
0.085792
0.093091
0.100739
0.108734
0.117075
0.125759
0.134782
0.144137
0.153819
0.163820
0.174132
0.184745
0.195648
0.206829
0.218275
0.229973
0.241908
0.254063
0.266421
0.278966
0.291677
0.304536
0.317522
0.330614
0.343789
0.357026
0.370300
0.383589
0.396867
0.410111
0.423295
0.436393
0.449381
0.462232
0.474921
0.487422
0.499710
0.511759
0.523544
0.535040
0.546223
0.557068
0.567554
0.577657
0.587356
0.596629
0.605457
0.613821
0.621703
0.629086
0.635954
0.642293
0.648090
0.653334
0.658013
0.662120
0.665647
0.668587
0.670937
0.672693
0.673854
0.674421
0.674394
0.673778
0.672576
0.670795
0.668442
0.665526
0.662059
0.658050
0.653514
0.648463
0.642914
0.636883
0.630387
0.623445
0.616074
0.608296
0.600130
0.591599
0.582723
0.573526
0.564029
0.554255
0.544227
0.533969
0.523504
0.512855
0.502045
0.491096
0.480032
0.468874
0.457645
0.446365
0.435056
0.423737
0.412428
0.401148
0.389914
0.378744
0.367655
0.356660
0.345776
0.335014
0.324361
0.313744
0.303087
0.292364
0.281578
0.270732
0.259828
0.248868
0.237855
0.226790
0.215677
0.204518
0.193315
0.182070
0.170786
0.159466
0.148111
0.136724
0.125308
0.113866
0.102398
0.090909
0.079400
0.067875
0.056334
0.044782
0.033220
0.021650
0.010077
-0.001499
-0.013075
-0.024648
-0.036215
-0.047775
-0.059325
-0.070862
-0.082383
-0.093887
-0.105371
-0.116832
-0.128268
-0.139677
-0.151055
-0.162401
-0.173713
-0.184987
-0.196221
-0.207413
-0.218561
-0.229661
-0.240713
-0.251712
-0.262658
-0.273547
-0.284378
-0.295147
-0.305854
-0.316494
-0.327067
-0.337569
-0.347999
-0.358354
-0.368632
-0.378832
-0.388949
-0.398984
-0.408932
-0.418793
-0.428564
-0.438243
-0.447828
-0.457317
-0.466708
-0.475998
-0.485186
-0.494270
-0.503248
-0.512118
-0.520878
-0.529527
-0.538061
-0.546480
-0.554782
-0.562965
-0.571026
-0.578966
-0.586780
-0.594469
-0.602031
-0.609463
-0.616764
-0.623933
-0.630968
-0.637868
-0.644630
-0.651254
-0.657739
-0.664082
-0.670283
-0.676339
-0.682251
-0.688016
-0.693633
-0.699102
-0.704420
-0.709588
-0.714602
-0.719464
-0.724171
-0.728723
-0.733118
-0.737356
-0.741435
-0.745356
-0.749116
-0.752715
-0.756153
-0.759429
-0.762542
-0.765491
-0.768275
-0.770895
-0.773349
-0.775637
-0.777759
-0.779714
-0.781501
-0.783121
-0.784572
-0.785855
-0.786969
-0.787915
-0.788691
-0.789298
-0.789736
-0.790004
-0.790102
-0.790031
-0.789790
-0.789380
-0.788800
-0.788051
-0.787133
-0.786045
-0.784789
-0.783365
-0.781772
-0.780012
-0.778084
-0.775989
-0.773728
-0.771300
-0.768707
-0.765949
-0.763026
-0.759940
-0.756691
-0.753279
-0.749705
-0.745970
-0.742076
-0.738022
-0.733809
-0.729439
-0.724913
-0.720231
-0.715394
-0.710403
-0.705261
-0.699966
-0.694522
-0.688928
-0.683187
-0.677299
-0.671265
-0.665088
-0.658767
-0.652305
-0.645704
-0.638963
-0.632086
-0.625072
-0.617925
-0.610645
-0.603233
-0.595693
-0.588024
-0.580229
-0.572310
-0.564268
-0.556104
-0.547822
-0.539421
-0.530905
-0.522275
-0.513533
-0.504681
-0.495720
-0.486653
-0.477481
-0.468207
-0.458832
-0.449359
-0.439789
-0.430125
-0.420369
-0.410522
-0.400588
-0.390567
-0.380463
-0.370276
-0.360011
-0.349668
-0.339250
-0.328759
-0.318197
-0.307567
-0.296872
-0.286112
-0.275291
-0.264411
-0.253474
-0.242483
-0.231440
-0.220347
-0.209207
-0.198022
-0.186794
-0.175526
-0.164221
-0.152880
-0.141507
-0.130103
-0.118671
-0.107214
-0.095733
-0.084233
-0.072714
-0.061179
-0.049631
-0.038073
-0.026507
-0.014934
-0.003359
0.008217
0.019791
0.031362
0.042925
0.054479
0.066022
0.077550
0.089062
0.100554
0.112025
0.123472
0.134892
0.146284
0.157644
0.168970
0.180260
0.191511
0.202721
0.213888
0.225008
0.236081
0.247102
0.258071
0.268984
0.279840
0.290635
0.301368
0.312037
0.322638
0.333170
0.343631
0.354018
0.364328
0.374561
0.384713
0.394783
0.404768
0.414666
0.424475
0.434193
0.443817
0.453347
0.462779
0.472111
0.481343
0.490471
0.499494
0.508409
0.517216
0.525911
0.534493
0.542961
0.551312
0.559545
0.567658
0.575649
0.583516
0.591258
0.598873
0.606360
0.613716
0.620941
0.628032
0.634989
0.641809
0.648491
0.655034
0.661437
0.667698
0.673815
0.679788
0.685614
0.691294
0.696825
0.702207
0.707437
0.712516
0.717442
0.722214
0.726831
0.731292
0.735596
0.739742
0.743730
0.747557
0.751224
0.754730
0.758074
0.761255
0.764273
0.767127
0.769816
0.772339
0.774697
0.776889
0.778914
0.780771
0.782461
0.783983
0.785337
0.786522
0.787539
0.788386
0.789064
0.789573
0.789912
0.790081
0.790081
0.789912
0.789573
0.789064
0.788386
0.787539
0.786522
0.785337
0.783983
0.782461
0.780771
0.778914
0.776889
0.774697
0.772339
0.769816
0.767127
0.764273
0.761255
0.758074
0.754730
0.751224
0.747557
0.743730
0.739742
0.735596
0.731292
0.726831
0.722214
0.717442
0.712516
0.707437
0.702207
0.696825
0.691294
0.685614
0.679788
0.673815
0.667698
0.661437
0.655034
0.648491
0.641809
0.634989
0.628032
0.620941
0.613716
0.606360
0.598873
0.591258
0.583516
0.575649
0.567658
0.559545
0.551312
0.542961
0.534493
0.525911
0.517216
0.508409
0.499494
0.490471
0.481343
0.472111
0.462779
0.453347
0.443817
0.434193
0.424475
0.414666
0.404768
0.394783
0.384713
0.374561
0.364328
0.354018
0.343631
0.333170
0.322638
0.312037
0.301368
0.290635
0.279840
0.268984
0.258071
0.247102
0.236081
0.225008
0.213888
0.202721
0.191511
0.180260
0.168970
0.157644
0.146284
0.134892
0.123472
0.112025
0.100554
0.089062
0.077550
0.066022
0.054479
0.042925
0.031362
0.019791
0.008217
-0.003359
-0.014934
-0.026507
-0.038073
-0.049631
-0.061179
-0.072714
-0.084233
-0.095733
-0.107214
-0.118671
-0.130103
-0.141507
-0.152880
-0.164221
-0.175526
-0.186794
-0.198022
-0.209207
-0.220347
-0.231440
-0.242483
-0.253474
-0.264411
-0.275291
-0.286112
-0.296872
-0.307567
-0.318197
-0.328759
-0.339250
-0.349668
-0.360011
-0.370276
-0.380463
-0.390567
-0.400588
-0.410522
-0.420369
-0.430125
-0.439789
-0.449359
-0.458832
-0.468207
-0.477481
-0.486653
-0.495720
-0.504681
-0.513533
-0.522275
-0.530905
-0.539421
-0.547822
-0.556104
-0.564268
-0.572310
-0.580229
-0.588024
-0.595693
-0.603233
-0.610645
-0.617925
-0.625072
-0.632086
-0.638963
-0.645704
-0.652305
-0.658767
-0.665088
-0.671265
-0.677299
-0.683187
-0.688928
-0.694522
-0.699966
-0.705261
-0.710403
-0.715394
-0.720231
-0.724913
-0.729439
-0.733809
-0.738022
-0.742076
-0.745970
-0.749705
-0.753279
-0.756691
-0.759940
-0.763026
-0.765949
-0.768707
-0.771300
-0.773728
-0.775989
-0.778084
-0.780012
-0.781772
-0.783365
-0.784789
-0.786045
-0.787133
-0.788051
-0.788800
-0.789380
-0.789790
-0.790031
-0.790102
-0.790004
-0.789736
-0.789298
-0.788691
-0.787915
-0.786969
-0.785855
-0.784572
-0.783121
-0.781501
-0.779714
-0.777759
-0.775637
-0.773349
-0.770895
-0.768275
-0.765491
-0.762542
-0.759429
-0.756153
-0.752715
-0.749116
-0.745356
-0.741435
-0.737356
-0.733118
-0.728723
-0.724171
-0.719464
-0.714602
-0.709588
-0.704420
-0.699102
-0.693633
-0.688016
-0.682251
-0.676339
-0.670283
-0.664082
-0.657739
-0.651254
-0.644630
-0.637868
-0.630968
-0.623933
-0.616764
-0.609463
-0.602031
-0.594469
-0.586780
-0.578966
-0.571026
-0.562965
-0.554782
-0.546480
-0.538061
-0.529527
-0.520878
-0.512118
-0.503248
-0.494270
-0.485186
-0.475998
-0.466708
-0.457317
-0.447828
-0.438243
-0.428564
-0.418793
-0.408932
-0.398984
-0.388949
-0.378832
-0.368632
-0.358354
-0.347999
-0.337569
-0.327067
-0.316494
-0.305854
-0.295147
-0.284378
-0.273547
-0.262658
-0.251712
-0.240713
-0.229661
-0.218561
-0.207413
-0.196221
-0.184987
-0.173713
-0.162401
-0.151055
-0.139677
-0.128268
-0.116832
-0.105371
-0.093887
-0.082383
-0.070862
-0.059325
-0.047775
-0.036215
-0.024648
-0.013075
-0.001499
0.010077
0.021650
0.033220
0.044782
0.056334
0.067875
0.079400
0.090909
0.102398
0.113866
0.125308
0.136724
0.148111
0.159466
0.170786
0.182070
0.193315
0.204518
0.215677
0.226790
0.237855
0.248868
0.259828
0.270732
0.281578
0.292364
0.303087
0.313744
0.324361
0.335014
0.345776
0.356660
0.367655
0.378744
0.389914
0.401148
0.412428
0.423737
0.435056
0.446365
0.457645
0.468874
0.480032
0.491096
0.502045
0.512855
0.523504
0.533969
0.544227
0.554255
0.564029
0.573526
0.582723
0.591599
0.600130
0.608296
0.616074
0.623445
0.630387
0.636883
0.642914
0.648463
0.653514
0.658050
0.662059
0.665526
0.668442
0.670795
0.672576
0.673778
0.674394
0.674421
0.673854
0.672693
0.670937
0.668587
0.665647
0.662120
0.658013
0.653334
0.648090
0.642293
0.635954
0.629086
0.621703
0.613821
0.605457
0.596629
0.587356
0.577657
0.567554
0.557068
0.546223
0.535040
0.523544
0.511759
0.499710
0.487422
0.474921
0.462232
0.449381
0.436393
0.423295
0.410111
0.396867
0.383589
0.370300
0.357026
0.343789
0.330614
0.317522
0.304536
0.291677
0.278966
0.266421
0.254063
0.241908
0.229973
0.218275
0.206829
0.195648
0.184745
0.174132
0.163820
0.153819
0.144137
0.134782
0.125759
0.117075
0.108734
0.100739
0.093091
0.085792
0.078843
0.072242
0.065987
0.060075
0.054503
0.049266
0.044359
0.039774
0.035506
0.031546
0.027885
0.024516
0.021427
0.018608
0.016049
0.013738
0.011661
0.009806
0.008164
0.006726
0.005479
0.004410
0.003504
0.002745
0.002119
0.001608
0.001199
0.000877
0.000627
0.000437
0.000297
0.000195
0.000124
0.000075
0.000044
0.000024
0.000012
0.000006
0.000002
0.000001
0.000000
0.000000
0.000000
0.000000
0.000000
##END
