##TITLE= dor1 axial c cnst1=34.577
##JCAMP-DX= 5.00 Bruker JCAMP library
##DATA TYPE= Shape Data
##ORIGIN= Bruker Analytik GmbH
##OWNER= <nmrsu>
##DATE= xx
##TIME= xx
##MINX= 0
##MAXX= 1
##MINY= 0
##MAXY= 1
##$SHAPE_EXMODE= Gradient
##$SHAPE_TOTROT= 0
##$SHAPE_BWFAC= 0
##$SHAPE_INTEGFAC= 0
##$SHAPE_MODE= 0
##NPOINTS=1000
##XYDATA= (X++(Y..Y))
0.000000
0.054103
0.108048
0.161676
0.214829
0.267352
0.319091
0.369895
0.419613
0.468100
0.515215
0.560818
0.604776
0.646960
0.687247
0.725518
0.761660
0.795569
0.827144
0.856293
0.882930
0.906977
0.928364
0.947027
0.962912
0.975972
0.986168
0.993471
0.997859
0.999685
1.000000
0.999772
0.999236
0.998348
0.997109
0.995519
0.993578
0.991285
0.988643
0.985651
0.982310
0.978621
0.974585
0.970203
0.965476
0.960406
0.954993
0.949240
0.943148
0.936718
0.929952
0.922853
0.915421
0.907660
0.899570
0.891156
0.882417
0.873358
0.863981
0.854289
0.844284
0.833969
0.823348
0.812425
0.801202
0.789683
0.777873
0.765776
0.753396
0.740738
0.727807
0.714608
0.701148
0.687431
0.673464
0.659254
0.644807
0.630131
0.615233
0.600121
0.584804
0.569290
0.553588
0.537707
0.521658
0.505450
0.489094
0.472601
0.455982
0.439248
0.422411
0.405484
0.388478
0.371407
0.354283
0.337120
0.319930
0.302729
0.285528
0.268343
0.251187
0.234074
0.217019
0.200036
0.183138
0.166340
0.149656
0.133099
0.116685
0.100426
0.084336
0.068428
0.052714
0.037209
0.021924
0.006871
-0.007938
-0.022492
-0.036781
-0.050792
-0.064518
-0.077948
-0.091073
-0.103886
-0.116378
-0.128541
-0.140370
-0.151859
-0.163001
-0.173792
-0.184228
-0.194305
-0.204019
-0.213370
-0.222355
-0.230973
-0.239223
-0.247106
-0.254623
-0.261774
-0.268563
-0.274992
-0.281064
-0.286783
-0.292154
-0.297182
-0.301872
-0.306230
-0.310265
-0.314018
-0.317605
-0.321138
-0.324654
-0.328153
-0.331634
-0.335097
-0.338542
-0.341970
-0.345378
-0.348768
-0.352140
-0.355492
-0.358826
-0.362140
-0.365435
-0.368710
-0.371966
-0.375201
-0.378416
-0.381611
-0.384786
-0.387940
-0.391073
-0.394185
-0.397276
-0.400345
-0.403393
-0.406420
-0.409424
-0.412407
-0.415368
-0.418306
-0.421222
-0.424115
-0.426985
-0.429833
-0.432657
-0.435458
-0.438236
-0.440991
-0.443721
-0.446428
-0.449111
-0.451770
-0.454404
-0.457015
-0.459600
-0.462161
-0.464697
-0.467209
-0.469695
-0.472156
-0.474591
-0.477001
-0.479386
-0.481745
-0.484078
-0.486385
-0.488666
-0.490920
-0.493149
-0.495350
-0.497526
-0.499674
-0.501796
-0.503891
-0.505958
-0.507999
-0.510012
-0.511998
-0.513957
-0.515888
-0.517791
-0.519666
-0.521514
-0.523334
-0.525125
-0.526888
-0.528623
-0.530330
-0.532008
-0.533658
-0.535279
-0.536871
-0.538435
-0.539969
-0.541475
-0.542951
-0.544399
-0.545817
-0.547206
-0.548565
-0.549895
-0.551196
-0.552467
-0.553708
-0.554920
-0.556102
-0.557254
-0.558376
-0.559468
-0.560530
-0.561562
-0.562564
-0.563535
-0.564477
-0.565388
-0.566269
-0.567119
-0.567939
-0.568729
-0.569488
-0.570216
-0.570914
-0.571581
-0.572217
-0.572823
-0.573398
-0.573943
-0.574456
-0.574939
-0.575390
-0.575811
-0.576201
-0.576560
-0.576889
-0.577186
-0.577452
-0.577687
-0.577891
-0.578064
-0.578207
-0.578318
-0.578398
-0.578447
-0.578465
-0.578452
-0.578408
-0.578333
-0.578227
-0.578089
-0.577921
-0.577722
-0.577492
-0.577231
-0.576938
-0.576615
-0.576261
-0.575876
-0.575460
-0.575013
-0.574536
-0.574027
-0.573488
-0.572918
-0.572317
-0.571685
-0.571023
-0.570330
-0.569607
-0.568853
-0.568068
-0.567253
-0.566407
-0.565531
-0.564625
-0.563689
-0.562722
-0.561725
-0.560698
-0.559640
-0.558553
-0.557436
-0.556289
-0.555112
-0.553905
-0.552668
-0.551402
-0.550106
-0.548781
-0.547426
-0.546042
-0.544628
-0.543186
-0.541714
-0.540213
-0.538683
-0.537124
-0.535537
-0.533920
-0.532275
-0.530602
-0.528899
-0.527169
-0.525410
-0.523623
-0.521808
-0.519965
-0.518094
-0.516195
-0.514269
-0.512315
-0.510333
-0.508324
-0.506288
-0.504225
-0.502134
-0.500017
-0.497873
-0.495702
-0.493504
-0.491280
-0.489030
-0.486753
-0.484450
-0.482121
-0.479767
-0.477386
-0.474980
-0.472549
-0.470092
-0.467610
-0.465102
-0.462570
-0.460013
-0.457432
-0.454825
-0.452195
-0.449540
-0.446861
-0.444158
-0.441431
-0.438680
-0.435906
-0.433109
-0.430288
-0.427444
-0.424578
-0.421688
-0.418776
-0.415841
-0.412884
-0.409905
-0.406904
-0.403881
-0.400836
-0.397770
-0.394683
-0.391574
-0.388444
-0.385294
-0.382123
-0.378931
-0.375719
-0.372487
-0.369234
-0.365962
-0.362671
-0.359360
-0.356029
-0.352680
-0.349311
-0.345924
-0.342518
-0.339094
-0.335652
-0.332192
-0.328713
-0.325218
-0.321704
-0.318174
-0.314626
-0.311062
-0.307480
-0.303883
-0.300269
-0.296639
-0.292993
-0.289331
-0.285653
-0.281961
-0.278253
-0.274530
-0.270793
-0.267041
-0.263275
-0.259494
-0.255700
-0.251892
-0.248070
-0.244236
-0.240388
-0.236527
-0.232653
-0.228767
-0.224869
-0.220958
-0.217036
-0.213102
-0.209157
-0.205200
-0.201232
-0.197254
-0.193265
-0.189266
-0.185256
-0.181237
-0.177207
-0.173169
-0.169121
-0.165064
-0.160998
-0.156923
-0.152840
-0.148749
-0.144650
-0.140543
-0.136428
-0.132307
-0.128178
-0.124042
-0.119900
-0.115751
-0.111596
-0.107434
-0.103268
-0.099095
-0.094918
-0.090735
-0.086547
-0.082355
-0.078158
-0.073957
-0.069752
-0.065544
-0.061331
-0.057116
-0.052898
-0.048676
-0.044452
-0.040226
-0.035997
-0.031767
-0.027535
-0.023301
-0.019066
-0.014830
-0.010594
-0.006356
-0.002119
0.002119
0.006356
0.010594
0.014830
0.019066
0.023301
0.027535
0.031767
0.035997
0.040226
0.044452
0.048676
0.052898
0.057116
0.061331
0.065544
0.069752
0.073957
0.078158
0.082355
0.086547
0.090735
0.094918
0.099095
0.103268
0.107434
0.111596
0.115751
0.119900
0.124042
0.128178
0.132307
0.136428
0.140543
0.144650
0.148749
0.152840
0.156923
0.160998
0.165064
0.169121
0.173169
0.177207
0.181237
0.185256
0.189266
0.193265
0.197254
0.201232
0.205200
0.209157
0.213102
0.217036
0.220958
0.224869
0.228767
0.232653
0.236527
0.240388
0.244236
0.248070
0.251892
0.255700
0.259494
0.263275
0.267041
0.270793
0.274530
0.278253
0.281961
0.285653
0.289331
0.292993
0.296639
0.300269
0.303883
0.307480
0.311062
0.314626
0.318174
0.321704
0.325218
0.328713
0.332192
0.335652
0.339094
0.342518
0.345924
0.349311
0.352680
0.356029
0.359360
0.362671
0.365962
0.369234
0.372487
0.375719
0.378931
0.382123
0.385294
0.388444
0.391574
0.394683
0.397770
0.400836
0.403881
0.406904
0.409905
0.412884
0.415841
0.418776
0.421688
0.424578
0.427444
0.430288
0.433109
0.435906
0.438680
0.441431
0.444158
0.446861
0.449540
0.452195
0.454825
0.457432
0.460013
0.462570
0.465102
0.467610
0.470092
0.472549
0.474980
0.477386
0.479767
0.482121
0.484450
0.486753
0.489030
0.491280
0.493504
0.495702
0.497873
0.500017
0.502134
0.504225
0.506288
0.508324
0.510333
0.512315
0.514269
0.516195
0.518094
0.519965
0.521808
0.523623
0.525410
0.527169
0.528899
0.530602
0.532275
0.533920
0.535537
0.537124
0.538683
0.540213
0.541714
0.543186
0.544628
0.546042
0.547426
0.548781
0.550106
0.551402
0.552668
0.553905
0.555112
0.556289
0.557436
0.558553
0.559640
0.560698
0.561725
0.562722
0.563689
0.564625
0.565531
0.566407
0.567253
0.568068
0.568853
0.569607
0.570330
0.571023
0.571685
0.572317
0.572918
0.573488
0.574027
0.574536
0.575013
0.575460
0.575876
0.576261
0.576615
0.576938
0.577231
0.577492
0.577722
0.577921
0.578089
0.578227
0.578333
0.578408
0.578452
0.578465
0.578447
0.578398
0.578318
0.578207
0.578064
0.577891
0.577687
0.577452
0.577186
0.576889
0.576560
0.576201
0.575811
0.575390
0.574939
0.574456
0.573943
0.573398
0.572823
0.572217
0.571581
0.570914
0.570216
0.569488
0.568729
0.567939
0.567119
0.566269
0.565388
0.564477
0.563535
0.562564
0.561562
0.560530
0.559468
0.558376
0.557254
0.556102
0.554920
0.553708
0.552467
0.551196
0.549895
0.548565
0.547206
0.545817
0.544399
0.542951
0.541475
0.539969
0.538435
0.536871
0.535279
0.533658
0.532008
0.530330
0.528623
0.526888
0.525125
0.523334
0.521514
0.519666
0.517791
0.515888
0.513957
0.511998
0.510012
0.507999
0.505958
0.503891
0.501796
0.499674
0.497526
0.495350
0.493149
0.490920
0.488666
0.486385
0.484078
0.481745
0.479386
0.477001
0.474591
0.472156
0.469695
0.467209
0.464697
0.462161
0.459600
0.457015
0.454404
0.451770
0.449111
0.446428
0.443721
0.440991
0.438236
0.435458
0.432657
0.429833
0.426985
0.424115
0.421222
0.418306
0.415368
0.412407
0.409424
0.406420
0.403393
0.400345
0.397276
0.394185
0.391073
0.387940
0.384786
0.381611
0.378416
0.375201
0.371966
0.368710
0.365435
0.362140
0.358826
0.355492
0.352140
0.348768
0.345378
0.341970
0.338542
0.335097
0.331634
0.328153
0.324654
0.321138
0.317605
0.314018
0.310265
0.306230
0.301872
0.297182
0.292154
0.286783
0.281064
0.274992
0.268563
0.261774
0.254623
0.247106
0.239223
0.230973
0.222355
0.213370
0.204019
0.194305
0.184228
0.173792
0.163001
0.151859
0.140370
0.128541
0.116378
0.103886
0.091073
0.077948
0.064518
0.050792
0.036781
0.022492
0.007938
-0.006871
-0.021924
-0.037209
-0.052714
-0.068428
-0.084336
-0.100426
-0.116685
-0.133099
-0.149656
-0.166340
-0.183138
-0.200036
-0.217019
-0.234074
-0.251187
-0.268343
-0.285528
-0.302729
-0.319930
-0.337120
-0.354283
-0.371407
-0.388478
-0.405484
-0.422411
-0.439248
-0.455982
-0.472601
-0.489094
-0.505450
-0.521658
-0.537707
-0.553588
-0.569290
-0.584804
-0.600121
-0.615233
-0.630131
-0.644807
-0.659254
-0.673464
-0.687431
-0.701148
-0.714608
-0.727807
-0.740738
-0.753396
-0.765776
-0.777873
-0.789683
-0.801202
-0.812425
-0.823348
-0.833969
-0.844284
-0.854289
-0.863981
-0.873358
-0.882417
-0.891156
-0.899570
-0.907660
-0.915421
-0.922853
-0.929952
-0.936718
-0.943148
-0.949240
-0.954993
-0.960406
-0.965476
-0.970203
-0.974585
-0.978621
-0.982310
-0.985651
-0.988643
-0.991285
-0.993578
-0.995519
-0.997109
-0.998348
-0.999236
-0.999772
-1.000000
-0.999685
-0.997859
-0.993471
-0.986168
-0.975972
-0.962912
-0.947027
-0.928364
-0.906977
-0.882930
-0.856293
-0.827144
-0.795569
-0.761660
-0.725518
-0.687247
-0.646960
-0.604776
-0.560818
-0.515215
-0.468100
-0.419613
-0.369895
-0.319091
-0.267352
-0.214829
-0.161676
-0.108048
-0.054103
0.000000
##END
