##TITLE= Waveform for axisymmetric diffusion encoding. b_delta = 0.5
##JCAMP-DX= 5.00 Bruker JCAMP library
##DATA TYPE= Shape Data
##ORIGIN= Bruker Analytik GmbH
##OWNER= <nmrsu>
##DATE= 2020-12-23
##TIME= 10:10:15
##MINX= 0
##MAXX= 1
##MINY= 0
##MAXY= 1
##$SHAPE_EXMODE= Gradient
##$SHAPE_TOTROT= 0
##$SHAPE_BWFAC= 0
##$SHAPE_INTEGFAC= 0
##$SHAPE_MODE= 0
##BFACTOR=2370797422.4438
##DURATION=0.015
##DIRECTIONVEC= 0 0 1
##NPOINTS=500
##XYDATA= (T X Y Z)
0.000000 0.000000 0.000000
0.015517 0.000000 0.021944
0.031017 0.000000 0.043865
0.046486 0.000000 0.065742
0.061907 0.000000 0.087550
0.077265 0.000000 0.109269
0.092543 0.000001 0.130876
0.107726 0.000001 0.152348
0.122798 0.000003 0.173663
0.137744 0.000005 0.194800
0.152549 0.000010 0.215737
0.167197 0.000018 0.236452
0.181673 0.000029 0.256924
0.195962 0.000047 0.277132
0.210050 0.000072 0.297056
0.223922 0.000108 0.316674
0.237564 0.000158 0.335967
0.250962 0.000225 0.354914
0.264102 0.000314 0.373497
0.276971 0.000430 0.391696
0.289555 0.000578 0.409493
0.301841 0.000766 0.426869
0.313817 0.001001 0.443806
0.325471 0.001291 0.460287
0.336789 0.001645 0.476295
0.347762 0.002074 0.491814
0.358376 0.002588 0.506827
0.368622 0.003199 0.521319
0.378488 0.003920 0.535276
0.387963 0.004764 0.548683
0.397039 0.005745 0.561526
0.405704 0.006878 0.573792
0.413950 0.008178 0.585468
0.421767 0.009662 0.596543
0.429146 0.011346 0.607005
0.436078 0.013247 0.616843
0.442555 0.015382 0.626047
0.448569 0.017767 0.634608
0.454111 0.020421 0.642517
0.459174 0.023360 0.649765
0.463749 0.026600 0.656346
0.467828 0.030158 0.662253
0.471405 0.034050 0.667479
0.474470 0.038289 0.672019
0.477017 0.042889 0.675868
0.479037 0.047864 0.679023
0.480522 0.053223 0.681480
0.481465 0.058977 0.683237
0.481857 0.065134 0.684292
0.481690 0.071699 0.684644
0.481205 0.078688 0.684644
0.480421 0.086110 0.684336
0.479113 0.093961 0.683411
0.477270 0.102241 0.681871
0.474885 0.110948 0.679720
0.471947 0.120077 0.676961
0.468449 0.129621 0.673598
0.464381 0.139571 0.669639
0.459735 0.149914 0.665090
0.454504 0.160636 0.659959
0.448679 0.171719 0.654256
0.442254 0.183144 0.647990
0.435222 0.194887 0.641174
0.427579 0.206922 0.633819
0.419318 0.219222 0.625939
0.410437 0.231755 0.617548
0.400932 0.244490 0.608661
0.390801 0.257389 0.599294
0.380046 0.270417 0.589463
0.368667 0.283532 0.579188
0.356668 0.296694 0.568485
0.344053 0.309860 0.557376
0.330828 0.322984 0.545878
0.317004 0.336023 0.534014
0.302591 0.348929 0.521804
0.287603 0.361655 0.509271
0.272054 0.374154 0.496437
0.255964 0.386379 0.483325
0.239352 0.398283 0.469959
0.222242 0.409820 0.456363
0.204659 0.420943 0.442562
0.186632 0.431610 0.428580
0.168190 0.441777 0.414442
0.149367 0.451405 0.400175
0.130197 0.460454 0.385803
0.110718 0.468889 0.371353
0.090969 0.476678 0.356851
0.070991 0.483789 0.342322
0.050826 0.490197 0.327793
0.030518 0.495877 0.313291
0.010113 0.500812 0.298841
-0.010344 0.504984 0.284469
-0.030805 0.508383 0.270202
-0.051225 0.511000 0.256064
-0.071556 0.512832 0.242082
-0.091752 0.513880 0.228281
-0.111765 0.514148 0.214685
-0.131552 0.513645 0.201319
-0.151068 0.512385 0.188207
-0.170270 0.510383 0.175373
-0.189118 0.507661 0.162840
-0.207573 0.504242 0.150630
-0.225599 0.500154 0.138766
-0.243161 0.495429 0.127268
-0.260228 0.490099 0.116159
-0.276773 0.484202 0.105456
-0.292770 0.477775 0.095181
-0.308197 0.470861 0.085350
-0.323036 0.463502 0.075983
-0.337271 0.455742 0.067096
-0.350892 0.447626 0.058705
-0.363890 0.439202 0.050825
-0.376262 0.430516 0.043470
-0.388006 0.421614 0.036654
-0.399126 0.412545 0.030388
-0.409627 0.403355 0.024685
-0.419521 0.394089 0.019554
-0.428819 0.384793 0.015005
-0.437539 0.375510 0.011046
-0.445700 0.366283 0.007683
-0.453324 0.357151 0.004924
-0.460437 0.348155 0.002773
-0.467066 0.339329 0.001233
-0.473242 0.330709 0.000308
-0.478998 0.322326 0.000000
-0.484482 0.314022 0.000000
-0.489823 0.305626 0.000000
-0.495017 0.297138 0.000000
-0.500065 0.288562 0.000000
-0.504964 0.279901 0.000000
-0.509713 0.271156 0.000000
-0.514311 0.262331 0.000000
-0.518756 0.253428 0.000000
-0.523047 0.244449 0.000000
-0.527182 0.235398 0.000000
-0.531161 0.226277 0.000000
-0.534982 0.217089 0.000000
-0.538644 0.207836 0.000000
-0.542146 0.198522 0.000000
-0.545487 0.189148 0.000000
-0.548666 0.179719 0.000000
-0.551682 0.170236 0.000000
-0.554534 0.160702 0.000000
-0.557221 0.151121 0.000000
-0.559743 0.141495 0.000000
-0.562099 0.131826 0.000000
-0.564287 0.122119 0.000000
-0.566308 0.112375 0.000000
-0.568161 0.102598 0.000000
-0.569845 0.092791 0.000000
-0.571359 0.082955 0.000000
-0.572704 0.073096 0.000000
-0.573879 0.063214 0.000000
-0.574883 0.053314 0.000000
-0.575717 0.043398 0.000000
-0.576379 0.033469 0.000000
-0.576870 0.023530 0.000000
-0.577190 0.013584 0.000000
-0.577339 0.003634 0.000000
-0.577316 -0.006317 0.000000
-0.577121 -0.016266 0.000000
-0.576755 -0.026210 0.000000
-0.576217 -0.036147 0.000000
-0.575509 -0.046073 0.000000
-0.574629 -0.055985 0.000000
-0.573579 -0.065880 0.000000
-0.572358 -0.075756 0.000000
-0.570968 -0.085610 0.000000
-0.569407 -0.095438 0.000000
-0.567678 -0.105237 0.000000
-0.565780 -0.115006 0.000000
-0.563714 -0.124740 0.000000
-0.561480 -0.134437 0.000000
-0.559080 -0.144094 0.000000
-0.556513 -0.153709 0.000000
-0.553781 -0.163277 0.000000
-0.550885 -0.172798 0.000000
-0.547825 -0.182266 0.000000
-0.544602 -0.191681 0.000000
-0.541218 -0.201039 0.000000
-0.537672 -0.210337 0.000000
-0.533967 -0.219573 0.000000
-0.530104 -0.228743 0.000000
-0.526082 -0.237845 0.000000
-0.521905 -0.246877 0.000000
-0.517572 -0.255836 0.000000
-0.513086 -0.264718 0.000000
-0.508448 -0.273522 0.000000
-0.503658 -0.282244 0.000000
-0.498719 -0.290883 0.000000
-0.493631 -0.299435 0.000000
-0.488397 -0.307899 0.000000
-0.483018 -0.316270 0.000000
-0.477495 -0.324548 0.000000
-0.471830 -0.332730 0.000000
-0.466026 -0.340812 0.000000
-0.460083 -0.348794 0.000000
-0.454003 -0.356672 0.000000
-0.447788 -0.364443 0.000000
-0.441440 -0.372107 0.000000
-0.434961 -0.379660 0.000000
-0.428353 -0.387100 0.000000
-0.421618 -0.394425 0.000000
-0.414757 -0.401633 0.000000
-0.407774 -0.408722 0.000000
-0.400669 -0.415689 0.000000
-0.393445 -0.422533 0.000000
-0.386104 -0.429252 0.000000
-0.378648 -0.435842 0.000000
-0.371080 -0.442304 0.000000
-0.363402 -0.448634 0.000000
-0.355616 -0.454830 0.000000
-0.347724 -0.460892 0.000000
-0.339729 -0.466816 0.000000
-0.331633 -0.472602 0.000000
-0.323438 -0.478248 0.000000
-0.315147 -0.483751 0.000000
-0.306763 -0.489111 0.000000
-0.298288 -0.494325 0.000000
-0.289723 -0.499393 0.000000
-0.281073 -0.504312 0.000000
-0.272340 -0.509082 0.000000
-0.263525 -0.513700 0.000000
-0.254632 -0.518165 0.000000
-0.245664 -0.522477 0.000000
-0.236622 -0.526633 0.000000
-0.227511 -0.530633 0.000000
-0.218331 -0.534476 0.000000
-0.209087 -0.538159 0.000000
-0.199781 -0.541683 0.000000
-0.190415 -0.545046 0.000000
-0.180993 -0.548247 0.000000
-0.171517 -0.551285 0.000000
-0.161990 -0.554159 0.000000
-0.152415 -0.556869 0.000000
-0.142795 -0.559413 0.000000
-0.133132 -0.561791 0.000000
-0.123430 -0.564002 0.000000
-0.113691 -0.566045 0.000000
-0.103918 -0.567921 0.000000
-0.094114 -0.569627 0.000000
-0.084283 -0.571165 0.000000
-0.074426 -0.572533 0.000000
-0.064547 -0.573730 0.000000
-0.054650 -0.574758 0.000000
-0.044735 -0.575614 0.000000
-0.034808 -0.576300 0.000000
-0.024870 -0.576814 0.000000
-0.014925 -0.577157 0.000000
-0.004976 -0.577328 0.000000
0.004976 -0.577328 0.000000
0.014925 -0.577157 0.000000
0.024870 -0.576814 0.000000
0.034808 -0.576300 0.000000
0.044735 -0.575614 0.000000
0.054650 -0.574758 0.000000
0.064547 -0.573730 0.000000
0.074426 -0.572533 0.000000
0.084283 -0.571165 0.000000
0.094114 -0.569627 0.000000
0.103918 -0.567921 0.000000
0.113691 -0.566045 0.000000
0.123430 -0.564002 0.000000
0.133132 -0.561791 0.000000
0.142795 -0.559413 0.000000
0.152415 -0.556869 0.000000
0.161990 -0.554159 0.000000
0.171517 -0.551285 0.000000
0.180993 -0.548247 0.000000
0.190415 -0.545046 0.000000
0.199781 -0.541683 0.000000
0.209087 -0.538159 0.000000
0.218331 -0.534476 0.000000
0.227511 -0.530633 0.000000
0.236622 -0.526633 0.000000
0.245664 -0.522477 0.000000
0.254632 -0.518165 0.000000
0.263525 -0.513700 0.000000
0.272340 -0.509082 0.000000
0.281073 -0.504312 0.000000
0.289723 -0.499393 0.000000
0.298288 -0.494325 0.000000
0.306763 -0.489111 0.000000
0.315147 -0.483751 0.000000
0.323438 -0.478248 0.000000
0.331633 -0.472602 0.000000
0.339729 -0.466816 0.000000
0.347724 -0.460892 0.000000
0.355616 -0.454830 0.000000
0.363402 -0.448634 0.000000
0.371080 -0.442304 0.000000
0.378648 -0.435842 0.000000
0.386104 -0.429252 0.000000
0.393445 -0.422533 0.000000
0.400669 -0.415689 0.000000
0.407774 -0.408722 0.000000
0.414757 -0.401633 0.000000
0.421618 -0.394425 0.000000
0.428353 -0.387100 0.000000
0.434961 -0.379660 0.000000
0.441440 -0.372107 0.000000
0.447788 -0.364443 0.000000
0.454003 -0.356672 0.000000
0.460083 -0.348794 0.000000
0.466026 -0.340812 0.000000
0.471830 -0.332730 0.000000
0.477495 -0.324548 0.000000
0.483018 -0.316270 0.000000
0.488397 -0.307899 0.000000
0.493631 -0.299435 0.000000
0.498719 -0.290883 0.000000
0.503658 -0.282244 0.000000
0.508448 -0.273522 0.000000
0.513086 -0.264718 0.000000
0.517572 -0.255836 0.000000
0.521905 -0.246877 0.000000
0.526082 -0.237845 0.000000
0.530104 -0.228743 0.000000
0.533967 -0.219573 0.000000
0.537672 -0.210337 0.000000
0.541218 -0.201039 0.000000
0.544602 -0.191681 0.000000
0.547825 -0.182266 0.000000
0.550885 -0.172798 0.000000
0.553781 -0.163277 0.000000
0.556513 -0.153709 0.000000
0.559080 -0.144094 0.000000
0.561480 -0.134437 0.000000
0.563714 -0.124740 0.000000
0.565780 -0.115006 0.000000
0.567678 -0.105237 0.000000
0.569407 -0.095438 0.000000
0.570968 -0.085610 0.000000
0.572358 -0.075756 0.000000
0.573579 -0.065880 0.000000
0.574629 -0.055985 0.000000
0.575509 -0.046073 0.000000
0.576217 -0.036147 0.000000
0.576755 -0.026210 0.000000
0.577121 -0.016266 0.000000
0.577316 -0.006317 0.000000
0.577339 0.003634 0.000000
0.577190 0.013584 0.000000
0.576870 0.023530 0.000000
0.576379 0.033469 0.000000
0.575717 0.043398 0.000000
0.574883 0.053314 0.000000
0.573879 0.063214 0.000000
0.572704 0.073096 0.000000
0.571359 0.082955 0.000000
0.569845 0.092791 0.000000
0.568161 0.102598 0.000000
0.566308 0.112375 0.000000
0.564287 0.122119 0.000000
0.562099 0.131826 0.000000
0.559743 0.141495 0.000000
0.557221 0.151121 0.000000
0.554534 0.160702 0.000000
0.551682 0.170236 0.000000
0.548666 0.179719 0.000000
0.545487 0.189148 0.000000
0.542146 0.198522 0.000000
0.538644 0.207836 0.000000
0.534982 0.217089 0.000000
0.531161 0.226277 0.000000
0.527182 0.235398 0.000000
0.523047 0.244449 0.000000
0.518756 0.253428 0.000000
0.514311 0.262331 0.000000
0.509713 0.271156 0.000000
0.504964 0.279901 0.000000
0.500065 0.288562 0.000000
0.495017 0.297138 0.000000
0.489823 0.305626 0.000000
0.484482 0.314022 0.000000
0.478998 0.322326 0.000000
0.473242 0.330709 -0.000308
0.467066 0.339329 -0.001233
0.460437 0.348155 -0.002773
0.453324 0.357151 -0.004924
0.445700 0.366283 -0.007683
0.437539 0.375510 -0.011046
0.428819 0.384793 -0.015005
0.419521 0.394089 -0.019554
0.409627 0.403355 -0.024685
0.399126 0.412545 -0.030388
0.388006 0.421614 -0.036654
0.376262 0.430516 -0.043470
0.363890 0.439202 -0.050825
0.350892 0.447626 -0.058705
0.337271 0.455742 -0.067096
0.323036 0.463502 -0.075983
0.308197 0.470861 -0.085350
0.292770 0.477775 -0.095181
0.276773 0.484202 -0.105456
0.260228 0.490099 -0.116159
0.243161 0.495429 -0.127268
0.225599 0.500154 -0.138766
0.207573 0.504242 -0.150630
0.189118 0.507661 -0.162840
0.170270 0.510383 -0.175373
0.151068 0.512385 -0.188207
0.131552 0.513645 -0.201319
0.111765 0.514148 -0.214685
0.091752 0.513880 -0.228281
0.071556 0.512832 -0.242082
0.051225 0.511000 -0.256064
0.030805 0.508383 -0.270202
0.010344 0.504984 -0.284469
-0.010113 0.500812 -0.298841
-0.030518 0.495877 -0.313291
-0.050826 0.490197 -0.327793
-0.070991 0.483789 -0.342322
-0.090969 0.476678 -0.356851
-0.110718 0.468889 -0.371353
-0.130197 0.460454 -0.385803
-0.149367 0.451405 -0.400175
-0.168190 0.441777 -0.414442
-0.186632 0.431610 -0.428580
-0.204659 0.420943 -0.442562
-0.222242 0.409820 -0.456363
-0.239352 0.398283 -0.469959
-0.255964 0.386379 -0.483325
-0.272054 0.374154 -0.496437
-0.287603 0.361655 -0.509271
-0.302591 0.348929 -0.521804
-0.317004 0.336023 -0.534014
-0.330828 0.322984 -0.545878
-0.344053 0.309860 -0.557376
-0.356668 0.296694 -0.568485
-0.368667 0.283532 -0.579188
-0.380046 0.270417 -0.589463
-0.390801 0.257389 -0.599294
-0.400932 0.244490 -0.608661
-0.410437 0.231755 -0.617548
-0.419318 0.219222 -0.625939
-0.427579 0.206922 -0.633819
-0.435222 0.194887 -0.641174
-0.442254 0.183144 -0.647990
-0.448679 0.171719 -0.654256
-0.454504 0.160636 -0.659959
-0.459735 0.149914 -0.665090
-0.464381 0.139571 -0.669639
-0.468449 0.129621 -0.673598
-0.471947 0.120077 -0.676961
-0.474885 0.110948 -0.679720
-0.477270 0.102241 -0.681871
-0.479113 0.093961 -0.683411
-0.480421 0.086110 -0.684336
-0.481205 0.078688 -0.684644
-0.481690 0.071699 -0.684644
-0.481857 0.065134 -0.684292
-0.481465 0.058977 -0.683237
-0.480522 0.053223 -0.681480
-0.479037 0.047864 -0.679023
-0.477017 0.042889 -0.675868
-0.474470 0.038289 -0.672019
-0.471405 0.034050 -0.667479
-0.467828 0.030158 -0.662253
-0.463749 0.026600 -0.656346
-0.459174 0.023360 -0.649765
-0.454111 0.020421 -0.642517
-0.448569 0.017767 -0.634608
-0.442555 0.015382 -0.626047
-0.436078 0.013247 -0.616843
-0.429146 0.011346 -0.607005
-0.421767 0.009662 -0.596543
-0.413950 0.008178 -0.585468
-0.405704 0.006878 -0.573792
-0.397039 0.005745 -0.561526
-0.387963 0.004764 -0.548683
-0.378488 0.003920 -0.535276
-0.368622 0.003199 -0.521319
-0.358376 0.002588 -0.506827
-0.347762 0.002074 -0.491814
-0.336789 0.001645 -0.476295
-0.325471 0.001291 -0.460287
-0.313817 0.001001 -0.443806
-0.301841 0.000766 -0.426869
-0.289555 0.000578 -0.409493
-0.276971 0.000430 -0.391696
-0.264102 0.000314 -0.373497
-0.250962 0.000225 -0.354914
-0.237564 0.000158 -0.335967
-0.223922 0.000108 -0.316674
-0.210050 0.000072 -0.297056
-0.195962 0.000047 -0.277132
-0.181673 0.000029 -0.256924
-0.167197 0.000018 -0.236452
-0.152549 0.000010 -0.215737
-0.137744 0.000005 -0.194800
-0.122798 0.000003 -0.173663
-0.107726 0.000001 -0.152348
-0.092543 0.000001 -0.130876
-0.077265 0.000000 -0.109269
-0.061907 0.000000 -0.087550
-0.046486 0.000000 -0.065742
-0.031017 0.000000 -0.043865
-0.015517 0.000000 -0.021944
0.000000 0.000000 0.000000
##END
