##TITLE= Waveform for axisymmetric diffusion encoding. b_delta = 1.11e-16
##JCAMP-DX= 5.00 Bruker JCAMP library
##DATA TYPE= Shape Data
##ORIGIN= Bruker Analytik GmbH
##OWNER= <nmrsu>
##DATE= 2020-12-23
##TIME= 10:09:44
##MINX= 0
##MAXX= 1
##MINY= 0
##MAXY= 1
##$SHAPE_EXMODE= Gradient
##$SHAPE_TOTROT= 0
##$SHAPE_BWFAC= 0
##$SHAPE_INTEGFAC= 0
##$SHAPE_MODE= 0
##BFACTOR=2370815227.7833
##DURATION=0.015
##DIRECTIONVEC= 0 0 1
##NPOINTS=500
##XYDATA= (T X Y Z)
0.000000 0.000000 0.000000
0.021944 0.000000 0.015517
0.043865 0.000000 0.031017
0.065742 0.000000 0.046486
0.087550 0.000000 0.061907
0.109269 0.000001 0.077265
0.130876 0.000001 0.092543
0.152348 0.000002 0.107726
0.173663 0.000004 0.122798
0.194800 0.000008 0.137744
0.215737 0.000014 0.152549
0.236452 0.000025 0.167197
0.256924 0.000041 0.181673
0.277132 0.000066 0.195962
0.297056 0.000102 0.210050
0.316674 0.000153 0.223922
0.335967 0.000223 0.237564
0.354914 0.000318 0.250962
0.373497 0.000444 0.264102
0.391696 0.000608 0.276971
0.409492 0.000818 0.289555
0.426868 0.001084 0.301842
0.443805 0.001416 0.313818
0.460285 0.001826 0.325472
0.476292 0.002327 0.336791
0.491809 0.002933 0.347765
0.506821 0.003660 0.358381
0.521310 0.004524 0.368628
0.535262 0.005544 0.378497
0.548663 0.006737 0.387977
0.561498 0.008124 0.397059
0.573753 0.009726 0.405732
0.585414 0.011566 0.413989
0.596468 0.013664 0.421820
0.606904 0.016046 0.429217
0.616708 0.018734 0.436174
0.625868 0.021753 0.442682
0.634373 0.025127 0.448736
0.642210 0.028880 0.454328
0.649370 0.033036 0.459453
0.655840 0.037619 0.464107
0.661609 0.042650 0.468283
0.666667 0.048154 0.471979
0.671002 0.054149 0.475189
0.674604 0.060655 0.477911
0.677460 0.067690 0.480142
0.679561 0.075269 0.481879
0.680895 0.083407 0.483122
0.681449 0.092113 0.483868
0.681213 0.101397 0.484116
0.680526 0.111281 0.484116
0.679418 0.121778 0.483898
0.677568 0.132881 0.483244
0.674962 0.144591 0.482156
0.671589 0.156904 0.480635
0.667434 0.169814 0.478683
0.662487 0.183312 0.476306
0.656734 0.197383 0.473506
0.650163 0.212010 0.470289
0.642765 0.227174 0.466661
0.634528 0.242848 0.462629
0.625442 0.259005 0.458198
0.615498 0.275611 0.453378
0.604688 0.292632 0.448178
0.593005 0.310026 0.442606
0.580445 0.327752 0.436672
0.567003 0.345761 0.430388
0.552677 0.364003 0.423765
0.537466 0.382427 0.416814
0.521374 0.400975 0.409548
0.504404 0.419589 0.401980
0.486564 0.438208 0.394124
0.467862 0.456769 0.385994
0.448312 0.475208 0.377605
0.427929 0.493460 0.368971
0.406732 0.511457 0.360109
0.384743 0.529134 0.351034
0.361988 0.546423 0.341762
0.338495 0.563258 0.332311
0.314298 0.579572 0.322697
0.289432 0.595304 0.312938
0.263938 0.610389 0.303052
0.237857 0.624767 0.293055
0.211237 0.638383 0.282966
0.184127 0.651180 0.272804
0.156579 0.663110 0.262586
0.128650 0.674124 0.252331
0.100396 0.684181 0.242058
0.071879 0.693243 0.231785
0.043159 0.701277 0.221530
0.014302 0.708255 0.211313
-0.014628 0.714156 0.201150
-0.043566 0.718962 0.191062
-0.072444 0.722663 0.181065
-0.101196 0.725254 0.171178
-0.129756 0.726736 0.161419
-0.158060 0.727115 0.151805
-0.186043 0.726404 0.142354
-0.213642 0.724621 0.133083
-0.240798 0.721790 0.124008
-0.267453 0.717940 0.115145
-0.293553 0.713106 0.106512
-0.319045 0.707325 0.098122
-0.343881 0.700642 0.089992
-0.368019 0.693105 0.082136
-0.391416 0.684764 0.074569
-0.414039 0.675676 0.067303
-0.435856 0.665898 0.060352
-0.456841 0.655490 0.053728
-0.476973 0.644516 0.047444
-0.496236 0.633039 0.041511
-0.514619 0.621125 0.035939
-0.532115 0.608841 0.030738
-0.548723 0.596253 0.025918
-0.564449 0.583427 0.021488
-0.579300 0.570430 0.017455
-0.593292 0.557326 0.013827
-0.606442 0.544179 0.010610
-0.618773 0.531051 0.007811
-0.630314 0.518002 0.005433
-0.641097 0.505088 0.003482
-0.651156 0.492365 0.001961
-0.660531 0.479884 0.000872
-0.669266 0.467693 0.000218
-0.677406 0.455838 0.000000
-0.685162 0.444095 0.000000
-0.692714 0.432220 0.000000
-0.700060 0.420217 0.000000
-0.707199 0.408089 0.000000
-0.714127 0.395839 0.000000
-0.720844 0.383473 0.000000
-0.727346 0.370992 0.000000
-0.733632 0.358401 0.000000
-0.739700 0.345703 0.000000
-0.745548 0.332903 0.000000
-0.751175 0.320004 0.000000
-0.756579 0.307010 0.000000
-0.761758 0.293925 0.000000
-0.766710 0.280752 0.000000
-0.771435 0.267496 0.000000
-0.775931 0.254161 0.000000
-0.780196 0.240750 0.000000
-0.784230 0.227267 0.000000
-0.788030 0.213717 0.000000
-0.791597 0.200104 0.000000
-0.794928 0.186431 0.000000
-0.798023 0.172702 0.000000
-0.800881 0.158923 0.000000
-0.803501 0.145096 0.000000
-0.805882 0.131226 0.000000
-0.808024 0.117317 0.000000
-0.809926 0.103373 0.000000
-0.811588 0.089398 0.000000
-0.813008 0.075397 0.000000
-0.814187 0.061374 0.000000
-0.815123 0.047332 0.000000
-0.815818 0.033276 0.000000
-0.816270 0.019211 0.000000
-0.816480 0.005139 0.000000
-0.816448 -0.008934 0.000000
-0.816172 -0.023004 0.000000
-0.815655 -0.037067 0.000000
-0.814895 -0.051120 0.000000
-0.813892 -0.065157 0.000000
-0.812649 -0.079175 0.000000
-0.811163 -0.093169 0.000000
-0.809437 -0.107136 0.000000
-0.807470 -0.121070 0.000000
-0.805264 -0.134969 0.000000
-0.802818 -0.148828 0.000000
-0.800134 -0.162643 0.000000
-0.797212 -0.176409 0.000000
-0.794053 -0.190123 0.000000
-0.790658 -0.203780 0.000000
-0.787028 -0.217377 0.000000
-0.783165 -0.230909 0.000000
-0.779069 -0.244373 0.000000
-0.774741 -0.257764 0.000000
-0.770184 -0.271078 0.000000
-0.765397 -0.284312 0.000000
-0.760383 -0.297462 0.000000
-0.755144 -0.310523 0.000000
-0.749680 -0.323491 0.000000
-0.743993 -0.336364 0.000000
-0.738085 -0.349137 0.000000
-0.731958 -0.361806 0.000000
-0.725613 -0.374368 0.000000
-0.719053 -0.386818 0.000000
-0.712280 -0.399154 0.000000
-0.705294 -0.411371 0.000000
-0.698100 -0.423465 0.000000
-0.690698 -0.435434 0.000000
-0.683090 -0.447274 0.000000
-0.675280 -0.458981 0.000000
-0.667269 -0.470551 0.000000
-0.659060 -0.481981 0.000000
-0.650655 -0.493269 0.000000
-0.642057 -0.504410 0.000000
-0.633268 -0.515401 0.000000
-0.624291 -0.526239 0.000000
-0.615128 -0.536920 0.000000
-0.605783 -0.547442 0.000000
-0.596258 -0.557802 0.000000
-0.586555 -0.567995 0.000000
-0.576679 -0.578020 0.000000
-0.566631 -0.587874 0.000000
-0.556415 -0.597552 0.000000
-0.546033 -0.607053 0.000000
-0.535489 -0.616374 0.000000
-0.524787 -0.625512 0.000000
-0.513928 -0.634464 0.000000
-0.502917 -0.643227 0.000000
-0.491756 -0.651799 0.000000
-0.480449 -0.660178 0.000000
-0.468999 -0.668360 0.000000
-0.457410 -0.676344 0.000000
-0.445686 -0.684127 0.000000
-0.433828 -0.691707 0.000000
-0.421842 -0.699082 0.000000
-0.409731 -0.706248 0.000000
-0.397498 -0.713205 0.000000
-0.385146 -0.719950 0.000000
-0.372681 -0.726481 0.000000
-0.360105 -0.732796 0.000000
-0.347421 -0.738894 0.000000
-0.334635 -0.744772 0.000000
-0.321749 -0.750429 0.000000
-0.308767 -0.755863 0.000000
-0.295694 -0.761072 0.000000
-0.282533 -0.766056 0.000000
-0.269288 -0.770811 0.000000
-0.255963 -0.775338 0.000000
-0.242562 -0.779634 0.000000
-0.229089 -0.783699 0.000000
-0.215547 -0.787531 0.000000
-0.201942 -0.791129 0.000000
-0.188277 -0.794492 0.000000
-0.174556 -0.797619 0.000000
-0.160783 -0.800509 0.000000
-0.146962 -0.803161 0.000000
-0.133098 -0.805575 0.000000
-0.119194 -0.807749 0.000000
-0.105255 -0.809684 0.000000
-0.091284 -0.811377 0.000000
-0.077286 -0.812830 0.000000
-0.063265 -0.814041 0.000000
-0.049226 -0.815011 0.000000
-0.035172 -0.815738 0.000000
-0.021107 -0.816223 0.000000
-0.007036 -0.816466 0.000000
0.007036 -0.816466 0.000000
0.021107 -0.816223 0.000000
0.035172 -0.815738 0.000000
0.049226 -0.815011 0.000000
0.063265 -0.814041 0.000000
0.077286 -0.812830 0.000000
0.091284 -0.811377 0.000000
0.105255 -0.809684 0.000000
0.119194 -0.807749 0.000000
0.133098 -0.805575 0.000000
0.146962 -0.803161 0.000000
0.160783 -0.800509 0.000000
0.174556 -0.797619 0.000000
0.188277 -0.794492 0.000000
0.201942 -0.791129 0.000000
0.215547 -0.787531 0.000000
0.229089 -0.783699 0.000000
0.242562 -0.779634 0.000000
0.255963 -0.775338 0.000000
0.269288 -0.770811 0.000000
0.282533 -0.766056 0.000000
0.295694 -0.761072 0.000000
0.308767 -0.755863 0.000000
0.321749 -0.750429 0.000000
0.334635 -0.744772 0.000000
0.347421 -0.738894 0.000000
0.360105 -0.732796 0.000000
0.372681 -0.726481 0.000000
0.385146 -0.719950 0.000000
0.397498 -0.713205 0.000000
0.409731 -0.706248 0.000000
0.421842 -0.699082 0.000000
0.433828 -0.691707 0.000000
0.445686 -0.684127 0.000000
0.457410 -0.676344 0.000000
0.468999 -0.668360 0.000000
0.480449 -0.660178 0.000000
0.491756 -0.651799 0.000000
0.502917 -0.643227 0.000000
0.513928 -0.634464 0.000000
0.524787 -0.625512 0.000000
0.535489 -0.616374 0.000000
0.546033 -0.607053 0.000000
0.556415 -0.597552 0.000000
0.566631 -0.587874 0.000000
0.576679 -0.578020 0.000000
0.586555 -0.567995 0.000000
0.596258 -0.557802 0.000000
0.605783 -0.547442 0.000000
0.615128 -0.536920 0.000000
0.624291 -0.526239 0.000000
0.633268 -0.515401 0.000000
0.642057 -0.504410 0.000000
0.650655 -0.493269 0.000000
0.659060 -0.481981 0.000000
0.667269 -0.470551 0.000000
0.675280 -0.458981 0.000000
0.683090 -0.447274 0.000000
0.690698 -0.435434 0.000000
0.698100 -0.423465 0.000000
0.705294 -0.411371 0.000000
0.712280 -0.399154 0.000000
0.719053 -0.386818 0.000000
0.725613 -0.374368 0.000000
0.731958 -0.361806 0.000000
0.738085 -0.349137 0.000000
0.743993 -0.336364 0.000000
0.749680 -0.323491 0.000000
0.755144 -0.310523 0.000000
0.760383 -0.297462 0.000000
0.765397 -0.284312 0.000000
0.770184 -0.271078 0.000000
0.774741 -0.257764 0.000000
0.779069 -0.244373 0.000000
0.783165 -0.230909 0.000000
0.787028 -0.217377 0.000000
0.790658 -0.203780 0.000000
0.794053 -0.190123 0.000000
0.797212 -0.176409 0.000000
0.800134 -0.162643 0.000000
0.802818 -0.148828 0.000000
0.805264 -0.134969 0.000000
0.807470 -0.121070 0.000000
0.809437 -0.107136 0.000000
0.811163 -0.093169 0.000000
0.812649 -0.079175 0.000000
0.813892 -0.065157 0.000000
0.814895 -0.051120 0.000000
0.815655 -0.037067 0.000000
0.816172 -0.023004 0.000000
0.816448 -0.008934 0.000000
0.816480 0.005139 0.000000
0.816270 0.019211 0.000000
0.815818 0.033276 0.000000
0.815123 0.047332 0.000000
0.814187 0.061374 0.000000
0.813008 0.075397 0.000000
0.811588 0.089398 0.000000
0.809926 0.103373 0.000000
0.808024 0.117317 0.000000
0.805882 0.131226 0.000000
0.803501 0.145096 0.000000
0.800881 0.158923 0.000000
0.798023 0.172702 0.000000
0.794928 0.186431 0.000000
0.791597 0.200104 0.000000
0.788030 0.213717 0.000000
0.784230 0.227267 0.000000
0.780196 0.240750 0.000000
0.775931 0.254161 0.000000
0.771435 0.267496 0.000000
0.766710 0.280752 0.000000
0.761758 0.293925 0.000000
0.756579 0.307010 0.000000
0.751175 0.320004 0.000000
0.745548 0.332903 0.000000
0.739700 0.345703 0.000000
0.733632 0.358401 0.000000
0.727346 0.370992 0.000000
0.720844 0.383473 0.000000
0.714127 0.395839 0.000000
0.707199 0.408089 0.000000
0.700060 0.420217 0.000000
0.692714 0.432220 0.000000
0.685162 0.444095 0.000000
0.677406 0.455838 0.000000
0.669266 0.467693 -0.000218
0.660531 0.479884 -0.000872
0.651156 0.492365 -0.001961
0.641097 0.505088 -0.003482
0.630314 0.518002 -0.005433
0.618773 0.531051 -0.007811
0.606442 0.544179 -0.010610
0.593292 0.557326 -0.013827
0.579300 0.570430 -0.017455
0.564449 0.583427 -0.021488
0.548723 0.596253 -0.025918
0.532115 0.608841 -0.030738
0.514619 0.621125 -0.035939
0.496236 0.633039 -0.041511
0.476973 0.644516 -0.047444
0.456841 0.655490 -0.053728
0.435856 0.665898 -0.060352
0.414039 0.675676 -0.067303
0.391416 0.684764 -0.074569
0.368019 0.693105 -0.082136
0.343881 0.700642 -0.089992
0.319045 0.707325 -0.098122
0.293553 0.713106 -0.106512
0.267453 0.717940 -0.115145
0.240798 0.721790 -0.124008
0.213642 0.724621 -0.133083
0.186043 0.726404 -0.142354
0.158060 0.727115 -0.151805
0.129756 0.726736 -0.161419
0.101196 0.725254 -0.171178
0.072444 0.722663 -0.181065
0.043566 0.718962 -0.191062
0.014628 0.714156 -0.201150
-0.014302 0.708255 -0.211313
-0.043159 0.701277 -0.221530
-0.071879 0.693243 -0.231785
-0.100396 0.684181 -0.242058
-0.128650 0.674124 -0.252331
-0.156579 0.663110 -0.262586
-0.184127 0.651180 -0.272804
-0.211237 0.638383 -0.282966
-0.237857 0.624767 -0.293055
-0.263938 0.610389 -0.303052
-0.289432 0.595304 -0.312938
-0.314298 0.579572 -0.322697
-0.338495 0.563258 -0.332311
-0.361988 0.546423 -0.341762
-0.384743 0.529134 -0.351034
-0.406732 0.511457 -0.360109
-0.427929 0.493460 -0.368971
-0.448312 0.475208 -0.377605
-0.467862 0.456769 -0.385994
-0.486564 0.438208 -0.394124
-0.504404 0.419589 -0.401980
-0.521374 0.400975 -0.409548
-0.537466 0.382427 -0.416814
-0.552677 0.364003 -0.423765
-0.567003 0.345761 -0.430388
-0.580445 0.327752 -0.436672
-0.593005 0.310026 -0.442606
-0.604688 0.292632 -0.448178
-0.615498 0.275611 -0.453378
-0.625442 0.259005 -0.458198
-0.634528 0.242848 -0.462629
-0.642765 0.227174 -0.466661
-0.650163 0.212010 -0.470289
-0.656734 0.197383 -0.473506
-0.662487 0.183312 -0.476306
-0.667434 0.169814 -0.478683
-0.671589 0.156904 -0.480635
-0.674962 0.144591 -0.482156
-0.677568 0.132881 -0.483244
-0.679418 0.121778 -0.483898
-0.680526 0.111281 -0.484116
-0.681213 0.101397 -0.484116
-0.681449 0.092113 -0.483868
-0.680895 0.083407 -0.483122
-0.679561 0.075269 -0.481879
-0.677460 0.067690 -0.480142
-0.674604 0.060655 -0.477911
-0.671002 0.054149 -0.475189
-0.666667 0.048154 -0.471979
-0.661609 0.042650 -0.468283
-0.655840 0.037619 -0.464107
-0.649370 0.033036 -0.459453
-0.642210 0.028880 -0.454328
-0.634373 0.025127 -0.448736
-0.625868 0.021753 -0.442682
-0.616708 0.018734 -0.436174
-0.606904 0.016046 -0.429217
-0.596468 0.013664 -0.421820
-0.585414 0.011566 -0.413989
-0.573753 0.009726 -0.405732
-0.561498 0.008124 -0.397059
-0.548663 0.006737 -0.387977
-0.535262 0.005544 -0.378497
-0.521310 0.004524 -0.368628
-0.506821 0.003660 -0.358381
-0.491809 0.002933 -0.347765
-0.476292 0.002327 -0.336791
-0.460285 0.001826 -0.325472
-0.443805 0.001416 -0.313818
-0.426868 0.001084 -0.301842
-0.409492 0.000818 -0.289555
-0.391696 0.000608 -0.276971
-0.373497 0.000444 -0.264102
-0.354914 0.000318 -0.250962
-0.335967 0.000223 -0.237564
-0.316674 0.000153 -0.223922
-0.297056 0.000102 -0.210050
-0.277132 0.000066 -0.195962
-0.256924 0.000041 -0.181673
-0.236452 0.000025 -0.167197
-0.215737 0.000014 -0.152549
-0.194800 0.000008 -0.137744
-0.173663 0.000004 -0.122798
-0.152348 0.000002 -0.107726
-0.130876 0.000001 -0.092543
-0.109269 0.000001 -0.077265
-0.087550 0.000000 -0.061907
-0.065742 0.000000 -0.046486
-0.043865 0.000000 -0.031017
-0.021944 0.000000 -0.015517
0.000000 0.000000 0.000000
##END
