##TITLE= Waveform for axisymmetric diffusion encoding. b_delta = 0.5
##JCAMP-DX= 5.00 Bruker JCAMP library
##DATA TYPE= Shape Data
##ORIGIN= Bruker Analytik GmbH
##OWNER= <nmrsu>
##DATE= 2020-12-22
##TIME= 17:10:58
##MINX= 0
##MAXX= 1
##MINY= 0
##MAXY= 1
##$SHAPE_EXMODE= Gradient
##$SHAPE_TOTROT= 0
##$SHAPE_BWFAC= 0
##$SHAPE_INTEGFAC= 0
##$SHAPE_MODE= 0
##BFACTOR=2370277337.8266
##DURATION=0.015
##DIRECTIONVEC= 0 0 1
##NPOINTS=1000
##XYDATA= (T X Y Z)
0.000000 0.000000 0.000000
0.007673 0.000000 0.010851
0.015343 0.000000 0.021699
0.023010 0.000000 0.032541
0.030671 0.000000 0.043376
0.038325 0.000000 0.054199
0.045968 0.000000 0.065009
0.053601 0.000000 0.075803
0.061219 0.000000 0.086577
0.068822 0.000000 0.097330
0.076408 0.000000 0.108058
0.083975 0.000000 0.118759
0.091521 0.000001 0.129430
0.099043 0.000001 0.140068
0.106541 0.000001 0.150671
0.114011 0.000002 0.161236
0.121453 0.000003 0.171761
0.128865 0.000004 0.182242
0.136244 0.000005 0.192678
0.143589 0.000007 0.203065
0.150897 0.000010 0.213401
0.158168 0.000013 0.223683
0.165398 0.000017 0.233909
0.172588 0.000022 0.244076
0.179733 0.000028 0.254181
0.186834 0.000036 0.264223
0.193887 0.000045 0.274198
0.200892 0.000056 0.284104
0.207846 0.000070 0.293938
0.214747 0.000086 0.303699
0.221595 0.000104 0.313383
0.228387 0.000127 0.322988
0.235121 0.000153 0.332512
0.241796 0.000183 0.341952
0.248411 0.000218 0.351306
0.254962 0.000258 0.360571
0.261450 0.000304 0.369746
0.267872 0.000356 0.378828
0.274226 0.000416 0.387814
0.280511 0.000484 0.396703
0.286726 0.000560 0.405492
0.292868 0.000646 0.414178
0.298937 0.000742 0.422761
0.304930 0.000850 0.431237
0.310847 0.000970 0.439605
0.316685 0.001103 0.447861
0.322443 0.001251 0.456005
0.328121 0.001415 0.464035
0.333715 0.001595 0.471947
0.339226 0.001794 0.479741
0.344651 0.002012 0.487414
0.349989 0.002250 0.494964
0.355239 0.002511 0.502390
0.360399 0.002796 0.509689
0.365469 0.003105 0.516860
0.370446 0.003441 0.523900
0.375329 0.003806 0.530809
0.380118 0.004201 0.537584
0.384811 0.004627 0.544224
0.389407 0.005087 0.550727
0.393904 0.005582 0.557091
0.398301 0.006114 0.563315
0.402598 0.006685 0.569397
0.406793 0.007297 0.575336
0.410884 0.007952 0.581130
0.414871 0.008652 0.586778
0.418753 0.009399 0.592278
0.422528 0.010195 0.597628
0.426196 0.011042 0.602829
0.429755 0.011942 0.607877
0.433205 0.012897 0.612773
0.436543 0.013910 0.617514
0.439770 0.014982 0.622100
0.442884 0.016115 0.626530
0.445885 0.017313 0.630801
0.448770 0.018576 0.634914
0.451540 0.019907 0.638867
0.454193 0.021309 0.642659
0.456728 0.022783 0.646289
0.459144 0.024331 0.649757
0.461441 0.025955 0.653061
0.463617 0.027658 0.656200
0.465671 0.029441 0.659175
0.467603 0.031307 0.661983
0.469411 0.033257 0.664625
0.471094 0.035293 0.667100
0.472652 0.037416 0.669406
0.474083 0.039630 0.671544
0.475387 0.041934 0.673513
0.476562 0.044331 0.675313
0.477608 0.046823 0.676942
0.478524 0.049411 0.678401
0.479308 0.052095 0.679689
0.479959 0.054878 0.680806
0.480477 0.057760 0.681752
0.480860 0.060743 0.682526
0.481108 0.063827 0.683129
0.481219 0.067013 0.683559
0.481193 0.070302 0.683817
0.481027 0.073694 0.683903
0.480783 0.077193 0.683903
0.480466 0.080800 0.683827
0.480020 0.084513 0.683599
0.479446 0.088332 0.683219
0.478741 0.092258 0.682688
0.477905 0.096291 0.682005
0.476936 0.100430 0.681171
0.475834 0.104676 0.680186
0.474598 0.109027 0.679050
0.473225 0.113483 0.677765
0.471716 0.118044 0.676331
0.470068 0.122708 0.674747
0.468282 0.127475 0.673016
0.466355 0.132343 0.671138
0.464288 0.137311 0.669113
0.462078 0.142377 0.666943
0.459725 0.147540 0.664629
0.457228 0.152798 0.662171
0.454586 0.158149 0.659571
0.451798 0.163590 0.656829
0.448863 0.169120 0.653948
0.445781 0.174735 0.650928
0.442549 0.180434 0.647770
0.439168 0.186213 0.644477
0.435638 0.192069 0.641049
0.431956 0.197999 0.637488
0.428123 0.204000 0.633795
0.424137 0.210068 0.629973
0.419999 0.216199 0.626023
0.415708 0.222391 0.621947
0.411264 0.228638 0.617746
0.406665 0.234936 0.613423
0.401913 0.241282 0.608979
0.397006 0.247671 0.604416
0.391945 0.254099 0.599737
0.386729 0.260560 0.594942
0.381359 0.267051 0.590036
0.375834 0.273566 0.585019
0.370156 0.280099 0.579894
0.364324 0.286647 0.574664
0.358339 0.293203 0.569330
0.352201 0.299763 0.563894
0.345912 0.306321 0.558361
0.339472 0.312871 0.552730
0.332881 0.319409 0.547007
0.326142 0.325927 0.541192
0.319255 0.332422 0.535288
0.312221 0.338886 0.529299
0.305043 0.345314 0.523226
0.297721 0.351701 0.517073
0.290258 0.358040 0.510842
0.282656 0.364325 0.504536
0.274915 0.370552 0.498157
0.267040 0.376713 0.491709
0.259031 0.382804 0.485195
0.250893 0.388817 0.478617
0.242626 0.394748 0.471978
0.234234 0.400591 0.465281
0.225721 0.406341 0.458529
0.217089 0.411990 0.451726
0.208341 0.417535 0.444874
0.199481 0.422969 0.437976
0.190512 0.428287 0.431035
0.181439 0.433484 0.424055
0.172265 0.438555 0.417039
0.162994 0.443494 0.409988
0.153630 0.448297 0.402908
0.144178 0.452960 0.395801
0.134642 0.457477 0.388669
0.125027 0.461844 0.381517
0.115337 0.466056 0.374347
0.105577 0.470111 0.367163
0.095752 0.474003 0.359968
0.085867 0.477729 0.352765
0.075928 0.481285 0.345556
0.065938 0.484669 0.338347
0.055905 0.487877 0.331139
0.045833 0.490906 0.323935
0.035728 0.493753 0.316740
0.025595 0.496416 0.309556
0.015439 0.498894 0.302386
0.005268 0.501183 0.295234
-0.004915 0.503282 0.288103
-0.015102 0.505190 0.280995
-0.025289 0.506905 0.273915
-0.035469 0.508427 0.266865
-0.045637 0.509754 0.259848
-0.055787 0.510887 0.252868
-0.065913 0.511824 0.245927
-0.076009 0.512566 0.239029
-0.086069 0.513114 0.232177
-0.096089 0.513468 0.225374
-0.106061 0.513628 0.218622
-0.115982 0.513595 0.211925
-0.125844 0.513372 0.205287
-0.135643 0.512959 0.198708
-0.145373 0.512359 0.192194
-0.155030 0.511572 0.185746
-0.164607 0.510603 0.179368
-0.174100 0.509452 0.173061
-0.183503 0.508123 0.166830
-0.192813 0.506618 0.160677
-0.202024 0.504942 0.154604
-0.211132 0.503097 0.148615
-0.220132 0.501086 0.142711
-0.229020 0.498914 0.136896
-0.237793 0.496584 0.131173
-0.246446 0.494101 0.125543
-0.254975 0.491469 0.120009
-0.263377 0.488693 0.114574
-0.271649 0.485776 0.109240
-0.279787 0.482724 0.104009
-0.287789 0.479541 0.098884
-0.295651 0.476233 0.093867
-0.303372 0.472805 0.088961
-0.310949 0.469262 0.084167
-0.318379 0.465610 0.079487
-0.325661 0.461853 0.074924
-0.332793 0.457998 0.070480
-0.339774 0.454049 0.066157
-0.346603 0.450013 0.061956
-0.353277 0.445896 0.057880
-0.359798 0.441703 0.053930
-0.366163 0.437439 0.050108
-0.372373 0.433111 0.046415
-0.378427 0.428725 0.042855
-0.384325 0.424286 0.039427
-0.390069 0.419800 0.036133
-0.395658 0.415273 0.032976
-0.401093 0.410710 0.029956
-0.406374 0.406118 0.027074
-0.411504 0.401502 0.024333
-0.416483 0.396868 0.021732
-0.421314 0.392221 0.019274
-0.425997 0.387567 0.016960
-0.430534 0.382911 0.014790
-0.434929 0.378258 0.012765
-0.439183 0.373614 0.010887
-0.443298 0.368984 0.009156
-0.447278 0.364374 0.007573
-0.451126 0.359787 0.006138
-0.454843 0.355228 0.004853
-0.458435 0.350704 0.003718
-0.461903 0.346217 0.002733
-0.465251 0.341772 0.001898
-0.468484 0.337374 0.001215
-0.471605 0.333027 0.000684
-0.474618 0.328734 0.000304
-0.477527 0.324500 0.000076
-0.480337 0.320328 0.000000
-0.483079 0.316177 0.000000
-0.485786 0.312001 0.000000
-0.488457 0.307803 0.000000
-0.491092 0.303582 0.000000
-0.493690 0.299338 0.000000
-0.496252 0.295072 0.000000
-0.498776 0.290784 0.000000
-0.501264 0.286475 0.000000
-0.503714 0.282144 0.000000
-0.506127 0.277792 0.000000
-0.508503 0.273420 0.000000
-0.510840 0.269027 0.000000
-0.513140 0.264615 0.000000
-0.515401 0.260182 0.000000
-0.517624 0.255731 0.000000
-0.519809 0.251260 0.000000
-0.521955 0.246771 0.000000
-0.524063 0.242263 0.000000
-0.526131 0.237738 0.000000
-0.528161 0.233194 0.000000
-0.530151 0.228634 0.000000
-0.532102 0.224056 0.000000
-0.534013 0.219462 0.000000
-0.535884 0.214852 0.000000
-0.537716 0.210225 0.000000
-0.539508 0.205583 0.000000
-0.541260 0.200926 0.000000
-0.542971 0.196253 0.000000
-0.544643 0.191566 0.000000
-0.546273 0.186865 0.000000
-0.547864 0.182150 0.000000
-0.549413 0.177422 0.000000
-0.550922 0.172680 0.000000
-0.552390 0.167926 0.000000
-0.553816 0.163159 0.000000
-0.555202 0.158380 0.000000
-0.556546 0.153589 0.000000
-0.557849 0.148787 0.000000
-0.559111 0.143973 0.000000
-0.560331 0.139149 0.000000
-0.561509 0.134315 0.000000
-0.562646 0.129471 0.000000
-0.563741 0.124617 0.000000
-0.564794 0.119753 0.000000
-0.565805 0.114881 0.000000
-0.566774 0.110001 0.000000
-0.567701 0.105112 0.000000
-0.568586 0.100215 0.000000
-0.569429 0.095311 0.000000
-0.570229 0.090400 0.000000
-0.570987 0.085482 0.000000
-0.571702 0.080558 0.000000
-0.572376 0.075628 0.000000
-0.573006 0.070692 0.000000
-0.573594 0.065751 0.000000
-0.574139 0.060805 0.000000
-0.574642 0.055855 0.000000
-0.575102 0.050900 0.000000
-0.575519 0.045942 0.000000
-0.575894 0.040980 0.000000
-0.576226 0.036015 0.000000
-0.576515 0.031047 0.000000
-0.576761 0.026078 0.000000
-0.576964 0.021106 0.000000
-0.577125 0.016133 0.000000
-0.577242 0.011158 0.000000
-0.577317 0.006183 0.000000
-0.577349 0.001207 0.000000
-0.577338 -0.003769 0.000000
-0.577284 -0.008745 0.000000
-0.577187 -0.013720 0.000000
-0.577048 -0.018694 0.000000
-0.576865 -0.023666 0.000000
-0.576640 -0.028637 0.000000
-0.576371 -0.033606 0.000000
-0.576060 -0.038572 0.000000
-0.575707 -0.043535 0.000000
-0.575310 -0.048495 0.000000
-0.574871 -0.053452 0.000000
-0.574389 -0.058404 0.000000
-0.573864 -0.063352 0.000000
-0.573297 -0.068296 0.000000
-0.572687 -0.073234 0.000000
-0.572034 -0.078167 0.000000
-0.571339 -0.083094 0.000000
-0.570602 -0.088015 0.000000
-0.569822 -0.092930 0.000000
-0.569000 -0.097837 0.000000
-0.568136 -0.102737 0.000000
-0.567229 -0.107630 0.000000
-0.566281 -0.112515 0.000000
-0.565290 -0.117391 0.000000
-0.564257 -0.122259 0.000000
-0.563183 -0.127117 0.000000
-0.562066 -0.131966 0.000000
-0.560908 -0.136805 0.000000
-0.559708 -0.141634 0.000000
-0.558466 -0.146453 0.000000
-0.557184 -0.151261 0.000000
-0.555859 -0.156057 0.000000
-0.554494 -0.160842 0.000000
-0.553087 -0.165615 0.000000
-0.551639 -0.170375 0.000000
-0.550150 -0.175123 0.000000
-0.548620 -0.179858 0.000000
-0.547050 -0.184580 0.000000
-0.545439 -0.189288 0.000000
-0.543787 -0.193982 0.000000
-0.542095 -0.198661 0.000000
-0.540363 -0.203326 0.000000
-0.538590 -0.207975 0.000000
-0.536778 -0.212609 0.000000
-0.534926 -0.217228 0.000000
-0.533034 -0.221830 0.000000
-0.531102 -0.226415 0.000000
-0.529131 -0.230984 0.000000
-0.527121 -0.235536 0.000000
-0.525071 -0.240070 0.000000
-0.522982 -0.244587 0.000000
-0.520855 -0.249085 0.000000
-0.518689 -0.253564 0.000000
-0.516484 -0.258025 0.000000
-0.514241 -0.262467 0.000000
-0.511960 -0.266889 0.000000
-0.509641 -0.271292 0.000000
-0.507284 -0.275674 0.000000
-0.504889 -0.280036 0.000000
-0.502457 -0.284377 0.000000
-0.499988 -0.288697 0.000000
-0.497481 -0.292995 0.000000
-0.494937 -0.297272 0.000000
-0.492357 -0.301526 0.000000
-0.489740 -0.305758 0.000000
-0.487087 -0.309968 0.000000
-0.484397 -0.314154 0.000000
-0.481671 -0.318317 0.000000
-0.478910 -0.322457 0.000000
-0.476113 -0.326572 0.000000
-0.473281 -0.330663 0.000000
-0.470414 -0.334730 0.000000
-0.467511 -0.338772 0.000000
-0.464574 -0.342788 0.000000
-0.461603 -0.346780 0.000000
-0.458597 -0.350745 0.000000
-0.455557 -0.354684 0.000000
-0.452483 -0.358597 0.000000
-0.449376 -0.362484 0.000000
-0.446235 -0.366343 0.000000
-0.443061 -0.370176 0.000000
-0.439855 -0.373980 0.000000
-0.436615 -0.377757 0.000000
-0.433343 -0.381506 0.000000
-0.430039 -0.385227 0.000000
-0.426703 -0.388919 0.000000
-0.423335 -0.392582 0.000000
-0.419936 -0.396216 0.000000
-0.416506 -0.399820 0.000000
-0.413044 -0.403395 0.000000
-0.409552 -0.406940 0.000000
-0.406030 -0.410454 0.000000
-0.402478 -0.413939 0.000000
-0.398895 -0.417392 0.000000
-0.395283 -0.420814 0.000000
-0.391642 -0.424205 0.000000
-0.387971 -0.427565 0.000000
-0.384272 -0.430893 0.000000
-0.380544 -0.434189 0.000000
-0.376788 -0.437452 0.000000
-0.373003 -0.440683 0.000000
-0.369192 -0.443882 0.000000
-0.365352 -0.447047 0.000000
-0.361486 -0.450179 0.000000
-0.357593 -0.453278 0.000000
-0.353673 -0.456343 0.000000
-0.349727 -0.459374 0.000000
-0.345755 -0.462371 0.000000
-0.341757 -0.465334 0.000000
-0.337734 -0.468262 0.000000
-0.333685 -0.471155 0.000000
-0.329612 -0.474014 0.000000
-0.325515 -0.476837 0.000000
-0.321393 -0.479624 0.000000
-0.317248 -0.482377 0.000000
-0.313079 -0.485093 0.000000
-0.308886 -0.487773 0.000000
-0.304671 -0.490417 0.000000
-0.300433 -0.493025 0.000000
-0.296173 -0.495596 0.000000
-0.291890 -0.498130 0.000000
-0.287586 -0.500627 0.000000
-0.283261 -0.503087 0.000000
-0.278915 -0.505509 0.000000
-0.274548 -0.507894 0.000000
-0.270160 -0.510242 0.000000
-0.265753 -0.512551 0.000000
-0.261325 -0.514823 0.000000
-0.256879 -0.517056 0.000000
-0.252413 -0.519250 0.000000
-0.247928 -0.521406 0.000000
-0.243426 -0.523524 0.000000
-0.238905 -0.525602 0.000000
-0.234366 -0.527642 0.000000
-0.229810 -0.529642 0.000000
-0.225236 -0.531603 0.000000
-0.220646 -0.533524 0.000000
-0.216040 -0.535406 0.000000
-0.211418 -0.537248 0.000000
-0.206780 -0.539050 0.000000
-0.202126 -0.540813 0.000000
-0.197458 -0.542535 0.000000
-0.192775 -0.544216 0.000000
-0.188077 -0.545857 0.000000
-0.183366 -0.547458 0.000000
-0.178641 -0.549018 0.000000
-0.173902 -0.550537 0.000000
-0.169151 -0.552016 0.000000
-0.164387 -0.553453 0.000000
-0.159611 -0.554849 0.000000
-0.154823 -0.556204 0.000000
-0.150024 -0.557518 0.000000
-0.145213 -0.558790 0.000000
-0.140392 -0.560021 0.000000
-0.135560 -0.561210 0.000000
-0.130719 -0.562357 0.000000
-0.125867 -0.563463 0.000000
-0.121006 -0.564527 0.000000
-0.116136 -0.565549 0.000000
-0.111258 -0.566529 0.000000
-0.106371 -0.567467 0.000000
-0.101477 -0.568362 0.000000
-0.096574 -0.569216 0.000000
-0.091665 -0.570027 0.000000
-0.086749 -0.570796 0.000000
-0.081826 -0.571522 0.000000
-0.076898 -0.572206 0.000000
-0.071963 -0.572848 0.000000
-0.067024 -0.573447 0.000000
-0.062079 -0.574003 0.000000
-0.057130 -0.574517 0.000000
-0.052176 -0.574988 0.000000
-0.047218 -0.575416 0.000000
-0.042258 -0.575802 0.000000
-0.037293 -0.576144 0.000000
-0.032327 -0.576444 0.000000
-0.027357 -0.576702 0.000000
-0.022386 -0.576916 0.000000
-0.017413 -0.577088 0.000000
-0.012439 -0.577216 0.000000
-0.007464 -0.577302 0.000000
-0.002488 -0.577345 0.000000
0.002488 -0.577345 0.000000
0.007464 -0.577302 0.000000
0.012439 -0.577216 0.000000
0.017413 -0.577088 0.000000
0.022386 -0.576916 0.000000
0.027357 -0.576702 0.000000
0.032327 -0.576444 0.000000
0.037293 -0.576144 0.000000
0.042258 -0.575802 0.000000
0.047218 -0.575416 0.000000
0.052176 -0.574988 0.000000
0.057130 -0.574517 0.000000
0.062079 -0.574003 0.000000
0.067024 -0.573447 0.000000
0.071963 -0.572848 0.000000
0.076898 -0.572206 0.000000
0.081826 -0.571522 0.000000
0.086749 -0.570796 0.000000
0.091665 -0.570027 0.000000
0.096574 -0.569216 0.000000
0.101477 -0.568362 0.000000
0.106371 -0.567467 0.000000
0.111258 -0.566529 0.000000
0.116136 -0.565549 0.000000
0.121006 -0.564527 0.000000
0.125867 -0.563463 0.000000
0.130719 -0.562357 0.000000
0.135560 -0.561210 0.000000
0.140392 -0.560021 0.000000
0.145213 -0.558790 0.000000
0.150024 -0.557518 0.000000
0.154823 -0.556204 0.000000
0.159611 -0.554849 0.000000
0.164387 -0.553453 0.000000
0.169151 -0.552016 0.000000
0.173902 -0.550537 0.000000
0.178641 -0.549018 0.000000
0.183366 -0.547458 0.000000
0.188077 -0.545857 0.000000
0.192775 -0.544216 0.000000
0.197458 -0.542535 0.000000
0.202126 -0.540813 0.000000
0.206780 -0.539050 0.000000
0.211418 -0.537248 0.000000
0.216040 -0.535406 0.000000
0.220646 -0.533524 0.000000
0.225236 -0.531603 0.000000
0.229810 -0.529642 0.000000
0.234366 -0.527642 0.000000
0.238905 -0.525602 0.000000
0.243426 -0.523524 0.000000
0.247928 -0.521406 0.000000
0.252413 -0.519250 0.000000
0.256879 -0.517056 0.000000
0.261325 -0.514823 0.000000
0.265753 -0.512551 0.000000
0.270160 -0.510242 0.000000
0.274548 -0.507894 0.000000
0.278915 -0.505509 0.000000
0.283261 -0.503087 0.000000
0.287586 -0.500627 0.000000
0.291890 -0.498130 0.000000
0.296173 -0.495596 0.000000
0.300433 -0.493025 0.000000
0.304671 -0.490417 0.000000
0.308886 -0.487773 0.000000
0.313079 -0.485093 0.000000
0.317248 -0.482377 0.000000
0.321393 -0.479624 0.000000
0.325515 -0.476837 0.000000
0.329612 -0.474014 0.000000
0.333685 -0.471155 0.000000
0.337734 -0.468262 0.000000
0.341757 -0.465334 0.000000
0.345755 -0.462371 0.000000
0.349727 -0.459374 0.000000
0.353673 -0.456343 0.000000
0.357593 -0.453278 0.000000
0.361486 -0.450179 0.000000
0.365352 -0.447047 0.000000
0.369192 -0.443882 0.000000
0.373003 -0.440683 0.000000
0.376788 -0.437452 0.000000
0.380544 -0.434189 0.000000
0.384272 -0.430893 0.000000
0.387971 -0.427565 0.000000
0.391642 -0.424205 0.000000
0.395283 -0.420814 0.000000
0.398895 -0.417392 0.000000
0.402478 -0.413939 0.000000
0.406030 -0.410454 0.000000
0.409552 -0.406940 0.000000
0.413044 -0.403395 0.000000
0.416506 -0.399820 0.000000
0.419936 -0.396216 0.000000
0.423335 -0.392582 0.000000
0.426703 -0.388919 0.000000
0.430039 -0.385227 0.000000
0.433343 -0.381506 0.000000
0.436615 -0.377757 0.000000
0.439855 -0.373980 0.000000
0.443061 -0.370176 0.000000
0.446235 -0.366343 0.000000
0.449376 -0.362484 0.000000
0.452483 -0.358597 0.000000
0.455557 -0.354684 0.000000
0.458597 -0.350745 0.000000
0.461603 -0.346780 0.000000
0.464574 -0.342788 0.000000
0.467511 -0.338772 0.000000
0.470414 -0.334730 0.000000
0.473281 -0.330663 0.000000
0.476113 -0.326572 0.000000
0.478910 -0.322457 0.000000
0.481671 -0.318317 0.000000
0.484397 -0.314154 0.000000
0.487087 -0.309968 0.000000
0.489740 -0.305758 0.000000
0.492357 -0.301526 0.000000
0.494937 -0.297272 0.000000
0.497481 -0.292995 0.000000
0.499988 -0.288697 0.000000
0.502457 -0.284377 0.000000
0.504889 -0.280036 0.000000
0.507284 -0.275674 0.000000
0.509641 -0.271292 0.000000
0.511960 -0.266889 0.000000
0.514241 -0.262467 0.000000
0.516484 -0.258025 0.000000
0.518689 -0.253564 0.000000
0.520855 -0.249085 0.000000
0.522982 -0.244587 0.000000
0.525071 -0.240070 0.000000
0.527121 -0.235536 0.000000
0.529131 -0.230984 0.000000
0.531102 -0.226415 0.000000
0.533034 -0.221830 0.000000
0.534926 -0.217228 0.000000
0.536778 -0.212609 0.000000
0.538590 -0.207975 0.000000
0.540363 -0.203326 0.000000
0.542095 -0.198661 0.000000
0.543787 -0.193982 0.000000
0.545439 -0.189288 0.000000
0.547050 -0.184580 0.000000
0.548620 -0.179858 0.000000
0.550150 -0.175123 0.000000
0.551639 -0.170375 0.000000
0.553087 -0.165615 0.000000
0.554494 -0.160842 0.000000
0.555859 -0.156057 0.000000
0.557184 -0.151261 0.000000
0.558466 -0.146453 0.000000
0.559708 -0.141634 0.000000
0.560908 -0.136805 0.000000
0.562066 -0.131966 0.000000
0.563183 -0.127117 0.000000
0.564257 -0.122259 0.000000
0.565290 -0.117391 0.000000
0.566281 -0.112515 0.000000
0.567229 -0.107630 0.000000
0.568136 -0.102737 0.000000
0.569000 -0.097837 0.000000
0.569822 -0.092930 0.000000
0.570602 -0.088015 0.000000
0.571339 -0.083094 0.000000
0.572034 -0.078167 0.000000
0.572687 -0.073234 0.000000
0.573297 -0.068296 0.000000
0.573864 -0.063352 0.000000
0.574389 -0.058404 0.000000
0.574871 -0.053452 0.000000
0.575310 -0.048495 0.000000
0.575707 -0.043535 0.000000
0.576060 -0.038572 0.000000
0.576371 -0.033606 0.000000
0.576640 -0.028637 0.000000
0.576865 -0.023666 0.000000
0.577048 -0.018694 0.000000
0.577187 -0.013720 0.000000
0.577284 -0.008745 0.000000
0.577338 -0.003769 0.000000
0.577349 0.001207 0.000000
0.577317 0.006183 0.000000
0.577242 0.011158 0.000000
0.577125 0.016133 0.000000
0.576964 0.021106 0.000000
0.576761 0.026078 0.000000
0.576515 0.031047 0.000000
0.576226 0.036015 0.000000
0.575894 0.040980 0.000000
0.575519 0.045942 0.000000
0.575102 0.050900 0.000000
0.574642 0.055855 0.000000
0.574139 0.060805 0.000000
0.573594 0.065751 0.000000
0.573006 0.070692 0.000000
0.572376 0.075628 0.000000
0.571702 0.080558 0.000000
0.570987 0.085482 0.000000
0.570229 0.090400 0.000000
0.569429 0.095311 0.000000
0.568586 0.100215 0.000000
0.567701 0.105112 0.000000
0.566774 0.110001 0.000000
0.565805 0.114881 0.000000
0.564794 0.119753 0.000000
0.563741 0.124617 0.000000
0.562646 0.129471 0.000000
0.561509 0.134315 0.000000
0.560331 0.139149 0.000000
0.559111 0.143973 0.000000
0.557849 0.148787 0.000000
0.556546 0.153589 0.000000
0.555202 0.158380 0.000000
0.553816 0.163159 0.000000
0.552390 0.167926 0.000000
0.550922 0.172680 0.000000
0.549413 0.177422 0.000000
0.547864 0.182150 0.000000
0.546273 0.186865 0.000000
0.544643 0.191566 0.000000
0.542971 0.196253 0.000000
0.541260 0.200926 0.000000
0.539508 0.205583 0.000000
0.537716 0.210225 0.000000
0.535884 0.214852 0.000000
0.534013 0.219462 0.000000
0.532102 0.224056 0.000000
0.530151 0.228634 0.000000
0.528161 0.233194 0.000000
0.526131 0.237738 0.000000
0.524063 0.242263 0.000000
0.521955 0.246771 0.000000
0.519809 0.251260 0.000000
0.517624 0.255731 0.000000
0.515401 0.260182 0.000000
0.513140 0.264615 0.000000
0.510840 0.269027 0.000000
0.508503 0.273420 0.000000
0.506127 0.277792 0.000000
0.503714 0.282144 0.000000
0.501264 0.286475 0.000000
0.498776 0.290784 0.000000
0.496252 0.295072 0.000000
0.493690 0.299338 0.000000
0.491092 0.303582 0.000000
0.488457 0.307803 0.000000
0.485786 0.312001 0.000000
0.483079 0.316177 0.000000
0.480337 0.320328 0.000000
0.477527 0.324500 -0.000076
0.474618 0.328734 -0.000304
0.471605 0.333027 -0.000684
0.468484 0.337374 -0.001215
0.465251 0.341772 -0.001898
0.461903 0.346217 -0.002733
0.458435 0.350704 -0.003718
0.454843 0.355228 -0.004853
0.451126 0.359787 -0.006138
0.447278 0.364374 -0.007573
0.443298 0.368984 -0.009156
0.439183 0.373614 -0.010887
0.434929 0.378258 -0.012765
0.430534 0.382911 -0.014790
0.425997 0.387567 -0.016960
0.421314 0.392221 -0.019274
0.416483 0.396868 -0.021732
0.411504 0.401502 -0.024333
0.406374 0.406118 -0.027074
0.401093 0.410710 -0.029956
0.395658 0.415273 -0.032976
0.390069 0.419800 -0.036133
0.384325 0.424286 -0.039427
0.378427 0.428725 -0.042855
0.372373 0.433111 -0.046415
0.366163 0.437439 -0.050108
0.359798 0.441703 -0.053930
0.353277 0.445896 -0.057880
0.346603 0.450013 -0.061956
0.339774 0.454049 -0.066157
0.332793 0.457998 -0.070480
0.325661 0.461853 -0.074924
0.318379 0.465610 -0.079487
0.310949 0.469262 -0.084167
0.303372 0.472805 -0.088961
0.295651 0.476233 -0.093867
0.287789 0.479541 -0.098884
0.279787 0.482724 -0.104009
0.271649 0.485776 -0.109240
0.263377 0.488693 -0.114574
0.254975 0.491469 -0.120009
0.246446 0.494101 -0.125543
0.237793 0.496584 -0.131173
0.229020 0.498914 -0.136896
0.220132 0.501086 -0.142711
0.211132 0.503097 -0.148615
0.202024 0.504942 -0.154604
0.192813 0.506618 -0.160677
0.183503 0.508123 -0.166830
0.174100 0.509452 -0.173061
0.164607 0.510603 -0.179368
0.155030 0.511572 -0.185746
0.145373 0.512359 -0.192194
0.135643 0.512959 -0.198708
0.125844 0.513372 -0.205287
0.115982 0.513595 -0.211925
0.106061 0.513628 -0.218622
0.096089 0.513468 -0.225374
0.086069 0.513114 -0.232177
0.076009 0.512566 -0.239029
0.065913 0.511824 -0.245927
0.055787 0.510887 -0.252868
0.045637 0.509754 -0.259848
0.035469 0.508427 -0.266865
0.025289 0.506905 -0.273915
0.015102 0.505190 -0.280995
0.004915 0.503282 -0.288103
-0.005268 0.501183 -0.295234
-0.015439 0.498894 -0.302386
-0.025595 0.496416 -0.309556
-0.035728 0.493753 -0.316740
-0.045833 0.490906 -0.323935
-0.055905 0.487877 -0.331139
-0.065938 0.484669 -0.338347
-0.075928 0.481285 -0.345556
-0.085867 0.477729 -0.352765
-0.095752 0.474003 -0.359968
-0.105577 0.470111 -0.367163
-0.115337 0.466056 -0.374347
-0.125027 0.461844 -0.381517
-0.134642 0.457477 -0.388669
-0.144178 0.452960 -0.395801
-0.153630 0.448297 -0.402908
-0.162994 0.443494 -0.409988
-0.172265 0.438555 -0.417039
-0.181439 0.433484 -0.424055
-0.190512 0.428287 -0.431035
-0.199481 0.422969 -0.437976
-0.208341 0.417535 -0.444874
-0.217089 0.411990 -0.451726
-0.225721 0.406341 -0.458529
-0.234234 0.400591 -0.465281
-0.242626 0.394748 -0.471978
-0.250893 0.388817 -0.478617
-0.259031 0.382804 -0.485195
-0.267040 0.376713 -0.491709
-0.274915 0.370552 -0.498157
-0.282656 0.364325 -0.504536
-0.290258 0.358040 -0.510842
-0.297721 0.351701 -0.517073
-0.305043 0.345314 -0.523226
-0.312221 0.338886 -0.529299
-0.319255 0.332422 -0.535288
-0.326142 0.325927 -0.541192
-0.332881 0.319409 -0.547007
-0.339472 0.312871 -0.552730
-0.345912 0.306321 -0.558361
-0.352201 0.299763 -0.563894
-0.358339 0.293203 -0.569330
-0.364324 0.286647 -0.574664
-0.370156 0.280099 -0.579894
-0.375834 0.273566 -0.585019
-0.381359 0.267051 -0.590036
-0.386729 0.260560 -0.594942
-0.391945 0.254099 -0.599737
-0.397006 0.247671 -0.604416
-0.401913 0.241282 -0.608979
-0.406665 0.234936 -0.613423
-0.411264 0.228638 -0.617746
-0.415708 0.222391 -0.621947
-0.419999 0.216199 -0.626023
-0.424137 0.210068 -0.629973
-0.428123 0.204000 -0.633795
-0.431956 0.197999 -0.637488
-0.435638 0.192069 -0.641049
-0.439168 0.186213 -0.644477
-0.442549 0.180434 -0.647770
-0.445781 0.174735 -0.650928
-0.448863 0.169120 -0.653948
-0.451798 0.163590 -0.656829
-0.454586 0.158149 -0.659571
-0.457228 0.152798 -0.662171
-0.459725 0.147540 -0.664629
-0.462078 0.142377 -0.666943
-0.464288 0.137311 -0.669113
-0.466355 0.132343 -0.671138
-0.468282 0.127475 -0.673016
-0.470068 0.122708 -0.674747
-0.471716 0.118044 -0.676331
-0.473225 0.113483 -0.677765
-0.474598 0.109027 -0.679050
-0.475834 0.104676 -0.680186
-0.476936 0.100430 -0.681171
-0.477905 0.096291 -0.682005
-0.478741 0.092258 -0.682688
-0.479446 0.088332 -0.683219
-0.480020 0.084513 -0.683599
-0.480466 0.080800 -0.683827
-0.480783 0.077193 -0.683903
-0.481027 0.073694 -0.683903
-0.481193 0.070302 -0.683817
-0.481219 0.067013 -0.683559
-0.481108 0.063827 -0.683129
-0.480860 0.060743 -0.682526
-0.480477 0.057760 -0.681752
-0.479959 0.054878 -0.680806
-0.479308 0.052095 -0.679689
-0.478524 0.049411 -0.678401
-0.477608 0.046823 -0.676942
-0.476562 0.044331 -0.675313
-0.475387 0.041934 -0.673513
-0.474083 0.039630 -0.671544
-0.472652 0.037416 -0.669406
-0.471094 0.035293 -0.667100
-0.469411 0.033257 -0.664625
-0.467603 0.031307 -0.661983
-0.465671 0.029441 -0.659175
-0.463617 0.027658 -0.656200
-0.461441 0.025955 -0.653061
-0.459144 0.024331 -0.649757
-0.456728 0.022783 -0.646289
-0.454193 0.021309 -0.642659
-0.451540 0.019907 -0.638867
-0.448770 0.018576 -0.634914
-0.445885 0.017313 -0.630801
-0.442884 0.016115 -0.626530
-0.439770 0.014982 -0.622100
-0.436543 0.013910 -0.617514
-0.433205 0.012897 -0.612773
-0.429755 0.011942 -0.607877
-0.426196 0.011042 -0.602829
-0.422528 0.010195 -0.597628
-0.418753 0.009399 -0.592278
-0.414871 0.008652 -0.586778
-0.410884 0.007952 -0.581130
-0.406793 0.007297 -0.575336
-0.402598 0.006685 -0.569397
-0.398301 0.006114 -0.563315
-0.393904 0.005582 -0.557091
-0.389407 0.005087 -0.550727
-0.384811 0.004627 -0.544224
-0.380118 0.004201 -0.537584
-0.375329 0.003806 -0.530809
-0.370446 0.003441 -0.523900
-0.365469 0.003105 -0.516860
-0.360399 0.002796 -0.509689
-0.355239 0.002511 -0.502390
-0.349989 0.002250 -0.494964
-0.344651 0.002012 -0.487414
-0.339226 0.001794 -0.479741
-0.333715 0.001595 -0.471947
-0.328121 0.001415 -0.464035
-0.322443 0.001251 -0.456005
-0.316685 0.001103 -0.447861
-0.310847 0.000970 -0.439605
-0.304930 0.000850 -0.431237
-0.298937 0.000742 -0.422761
-0.292868 0.000646 -0.414178
-0.286726 0.000560 -0.405492
-0.280511 0.000484 -0.396703
-0.274226 0.000416 -0.387814
-0.267872 0.000356 -0.378828
-0.261450 0.000304 -0.369746
-0.254962 0.000258 -0.360571
-0.248411 0.000218 -0.351306
-0.241796 0.000183 -0.341952
-0.235121 0.000153 -0.332512
-0.228387 0.000127 -0.322988
-0.221595 0.000104 -0.313383
-0.214747 0.000086 -0.303699
-0.207846 0.000070 -0.293938
-0.200892 0.000056 -0.284104
-0.193887 0.000045 -0.274198
-0.186834 0.000036 -0.264223
-0.179733 0.000028 -0.254181
-0.172588 0.000022 -0.244076
-0.165398 0.000017 -0.233909
-0.158168 0.000013 -0.223683
-0.150897 0.000010 -0.213401
-0.143589 0.000007 -0.203065
-0.136244 0.000005 -0.192678
-0.128865 0.000004 -0.182242
-0.121453 0.000003 -0.171761
-0.114011 0.000002 -0.161236
-0.106541 0.000001 -0.150671
-0.099043 0.000001 -0.140068
-0.091521 0.000001 -0.129430
-0.083975 0.000000 -0.118759
-0.076408 0.000000 -0.108058
-0.068822 0.000000 -0.097330
-0.061219 0.000000 -0.086577
-0.053601 0.000000 -0.075803
-0.045968 0.000000 -0.065009
-0.038325 0.000000 -0.054199
-0.030671 0.000000 -0.043376
-0.023010 0.000000 -0.032541
-0.015343 0.000000 -0.021699
-0.007673 0.000000 -0.010851
0.000000 0.000000 0.000000
##END
