##TITLE= Waveform for axisymmetric diffusion encoding. b_delta = -0.0621
##JCAMP-DX= 5.00 Bruker JCAMP library
##DATA TYPE= Shape Data
##ORIGIN= Bruker Analytik GmbH
##OWNER= <nmrsu>
##DATE= 2020-12-23
##TIME= 10:10:23
##MINX= 0
##MAXX= 1
##MINY= 0
##MAXY= 1
##$SHAPE_EXMODE= Gradient
##$SHAPE_TOTROT= 0
##$SHAPE_BWFAC= 0
##$SHAPE_INTEGFAC= 0
##$SHAPE_MODE= 0
##BFACTOR=1185428182.2149
##DURATION=0.015
##DIRECTIONVEC= 0 0 1
##NPOINTS=500
##XYDATA= (T X Y Z)
0.000000 0.000000 0.000000
0.000000 0.000000 0.026876
0.000000 0.000000 0.053724
0.000000 0.000000 0.080517
0.000000 0.000000 0.107227
0.000000 0.000000 0.133827
0.000000 0.000000 0.160289
0.000000 0.000000 0.186587
0.000000 0.000000 0.212693
0.000000 0.000000 0.238580
0.000000 0.000000 0.264223
0.000000 0.000000 0.289594
0.000000 0.000000 0.314667
0.000000 0.000000 0.339417
0.000000 0.000000 0.363818
0.000000 0.000000 0.387845
0.000000 0.000000 0.411474
0.000000 0.000000 0.434679
0.000000 0.000000 0.457439
0.000000 0.000000 0.479728
0.000000 0.000000 0.501524
0.000000 0.000000 0.522804
0.000000 0.000000 0.543547
0.000000 0.000000 0.563732
0.000000 0.000000 0.583336
0.000000 0.000000 0.602341
0.000000 0.000000 0.620726
0.000000 0.000000 0.638472
0.000000 0.000000 0.655560
0.000000 0.000000 0.671972
0.000000 0.000000 0.687692
0.000000 0.000000 0.702700
0.000000 0.000000 0.716982
0.000000 0.000000 0.730522
0.000000 0.000000 0.743302
0.000000 0.000000 0.755310
0.000000 0.000000 0.766528
0.000000 0.000000 0.776945
0.000000 0.000000 0.786544
0.000000 0.000000 0.795312
0.000000 0.000000 0.803236
0.000000 0.000000 0.810302
0.000000 0.000000 0.816497
0.000000 0.000000 0.821806
0.000000 0.000000 0.826217
0.000000 0.000000 0.829716
0.000000 0.000000 0.832289
0.000000 0.000000 0.833922
0.000000 0.000000 0.834601
0.000000 0.000000 0.834312
0.000000 0.000000 0.833471
0.000000 0.000000 0.832114
0.000000 0.000000 0.829848
0.000000 0.000000 0.826657
0.000000 0.000000 0.822525
0.000000 0.000000 0.817437
0.000000 0.000000 0.811377
0.000000 0.000000 0.804331
0.000000 0.000000 0.796284
0.000000 0.000000 0.787223
0.000000 0.000000 0.777135
0.000000 0.000000 0.766006
0.000000 0.000000 0.753827
0.000000 0.000000 0.740588
0.000000 0.000000 0.726280
0.000000 0.000000 0.710897
0.000000 0.000000 0.694434
0.000000 0.000000 0.676888
0.000000 0.000000 0.658259
0.000000 0.000000 0.638550
0.000000 0.000000 0.617767
0.000000 0.000000 0.595916
0.000000 0.000000 0.573012
0.000000 0.000000 0.549068
0.000000 0.000000 0.524104
0.000000 0.000000 0.498143
0.000000 0.000000 0.471212
0.000000 0.000000 0.443342
0.000000 0.000000 0.414570
0.000000 0.000000 0.384935
0.000000 0.000000 0.354481
0.000000 0.000000 0.323256
0.000000 0.000000 0.291314
0.000000 0.000000 0.258711
0.000000 0.000000 0.225508
0.000000 0.000000 0.191770
0.000000 0.000000 0.157563
0.000000 0.000000 0.122960
0.000000 0.000000 0.088033
0.000000 0.000000 0.052859
0.000000 0.000000 0.017516
-0.000000 0.000000 -0.017916
-0.000000 0.000000 -0.053357
-0.000000 0.000000 -0.088725
-0.000000 0.000000 -0.123939
-0.000000 0.000000 -0.158918
-0.000000 0.000000 -0.193583
-0.000000 0.000000 -0.227855
-0.000000 0.000000 -0.261657
-0.000000 0.000000 -0.294916
-0.000000 0.000000 -0.327562
-0.000000 0.000000 -0.359527
-0.000000 0.000000 -0.390748
-0.000000 0.000000 -0.421167
-0.000000 0.000000 -0.450729
-0.000000 0.000000 -0.479385
-0.000000 0.000000 -0.507092
-0.000000 0.000000 -0.533813
-0.000000 0.000000 -0.559514
-0.000000 0.000000 -0.584171
-0.000000 0.000000 -0.607763
-0.000000 0.000000 -0.630276
-0.000000 0.000000 -0.651705
-0.000000 0.000000 -0.672046
-0.000000 0.000000 -0.691306
-0.000000 0.000000 -0.709495
-0.000000 0.000000 -0.726631
-0.000000 0.000000 -0.742736
-0.000000 0.000000 -0.757839
-0.000000 0.000000 -0.771974
-0.000000 0.000000 -0.785180
-0.000000 0.000000 -0.797500
-0.000000 0.000000 -0.808982
-0.000000 0.000000 -0.819680
-0.000000 0.000000 -0.829649
-0.000000 0.000000 -0.839148
-0.000000 0.000000 -0.848398
-0.000000 0.000000 -0.857395
-0.000000 0.000000 -0.866138
-0.000000 0.000000 -0.874624
-0.000000 0.000000 -0.882849
-0.000000 0.000000 -0.890813
-0.000000 0.000000 -0.898512
-0.000000 0.000000 -0.905943
-0.000000 0.000000 -0.913106
-0.000000 0.000000 -0.919998
-0.000000 0.000000 -0.926616
-0.000000 0.000000 -0.932959
-0.000000 0.000000 -0.939025
-0.000000 0.000000 -0.944811
-0.000000 0.000000 -0.950318
-0.000000 0.000000 -0.955541
-0.000000 0.000000 -0.960481
-0.000000 0.000000 -0.965136
-0.000000 0.000000 -0.969504
-0.000000 0.000000 -0.973584
-0.000000 0.000000 -0.977374
-0.000000 0.000000 -0.980875
-0.000000 0.000000 -0.984084
-0.000000 0.000000 -0.987000
-0.000000 0.000000 -0.989624
-0.000000 0.000000 -0.991953
-0.000000 0.000000 -0.993988
-0.000000 0.000000 -0.995727
-0.000000 0.000000 -0.997171
-0.000000 0.000000 -0.998318
-0.000000 0.000000 -0.999169
-0.000000 0.000000 -0.999723
-0.000000 0.000000 -0.999980
0.000000 -0.000000 -0.999940
0.000000 -0.000000 -0.999603
0.000000 -0.000000 -0.998969
0.000000 -0.000000 -0.998038
0.000000 -0.000000 -0.996811
0.000000 -0.000000 -0.995287
0.000000 -0.000000 -0.993468
0.000000 -0.000000 -0.991354
0.000000 -0.000000 -0.988945
0.000000 -0.000000 -0.986243
0.000000 -0.000000 -0.983247
0.000000 -0.000000 -0.979959
0.000000 -0.000000 -0.976381
0.000000 -0.000000 -0.972512
0.000000 -0.000000 -0.968354
0.000000 -0.000000 -0.963909
0.000000 -0.000000 -0.959177
0.000000 -0.000000 -0.954161
0.000000 -0.000000 -0.948860
0.000000 -0.000000 -0.943278
0.000000 -0.000000 -0.937416
0.000000 -0.000000 -0.931276
0.000000 -0.000000 -0.924858
0.000000 -0.000000 -0.918166
0.000000 -0.000000 -0.911201
0.000000 -0.000000 -0.903966
0.000000 -0.000000 -0.896462
0.000000 -0.000000 -0.888691
0.000000 -0.000000 -0.880657
0.000000 -0.000000 -0.872361
0.000000 -0.000000 -0.863806
0.000000 -0.000000 -0.854994
0.000000 -0.000000 -0.845928
0.000000 -0.000000 -0.836611
0.000000 -0.000000 -0.827046
0.000000 -0.000000 -0.817234
0.000000 -0.000000 -0.807180
0.000000 -0.000000 -0.796886
0.000000 -0.000000 -0.786356
0.000000 -0.000000 -0.775592
0.000000 -0.000000 -0.764597
0.000000 -0.000000 -0.753375
0.000000 -0.000000 -0.741930
0.000000 -0.000000 -0.730264
0.000000 -0.000000 -0.718381
0.000000 -0.000000 -0.706285
0.000000 -0.000000 -0.693978
0.000000 -0.000000 -0.681466
0.000000 -0.000000 -0.668751
0.000000 -0.000000 -0.655838
0.000000 -0.000000 -0.642730
0.000000 -0.000000 -0.629431
0.000000 -0.000000 -0.615944
0.000000 -0.000000 -0.602275
0.000000 -0.000000 -0.588427
0.000000 -0.000000 -0.574404
0.000000 -0.000000 -0.560211
0.000000 -0.000000 -0.545851
0.000000 -0.000000 -0.531329
0.000000 -0.000000 -0.516649
0.000000 -0.000000 -0.501816
0.000000 -0.000000 -0.486833
0.000000 -0.000000 -0.471706
0.000000 -0.000000 -0.456439
0.000000 -0.000000 -0.441036
0.000000 -0.000000 -0.425502
0.000000 -0.000000 -0.409842
0.000000 -0.000000 -0.394060
0.000000 -0.000000 -0.378161
0.000000 -0.000000 -0.362150
0.000000 -0.000000 -0.346031
0.000000 -0.000000 -0.329809
0.000000 -0.000000 -0.313489
0.000000 -0.000000 -0.297076
0.000000 -0.000000 -0.280575
0.000000 -0.000000 -0.263991
0.000000 -0.000000 -0.247328
0.000000 -0.000000 -0.230591
0.000000 -0.000000 -0.213787
0.000000 -0.000000 -0.196918
0.000000 -0.000000 -0.179991
0.000000 -0.000000 -0.163011
0.000000 -0.000000 -0.145982
0.000000 -0.000000 -0.128910
0.000000 -0.000000 -0.111799
0.000000 -0.000000 -0.094656
0.000000 -0.000000 -0.077484
0.000000 -0.000000 -0.060289
0.000000 -0.000000 -0.043077
0.000000 -0.000000 -0.025851
0.000000 -0.000000 -0.008618
0.000000 0.000000 0.008618
0.000000 0.000000 0.025851
0.000000 0.000000 0.043077
0.000000 0.000000 0.060289
0.000000 0.000000 0.077484
0.000000 0.000000 0.094656
0.000000 0.000000 0.111799
0.000000 0.000000 0.128910
0.000000 0.000000 0.145982
0.000000 0.000000 0.163011
0.000000 0.000000 0.179991
0.000000 0.000000 0.196918
0.000000 0.000000 0.213787
0.000000 0.000000 0.230591
0.000000 0.000000 0.247328
0.000000 0.000000 0.263991
0.000000 0.000000 0.280575
0.000000 0.000000 0.297076
0.000000 0.000000 0.313489
0.000000 0.000000 0.329809
0.000000 0.000000 0.346031
0.000000 0.000000 0.362150
0.000000 0.000000 0.378161
0.000000 0.000000 0.394060
0.000000 0.000000 0.409842
0.000000 0.000000 0.425502
0.000000 0.000000 0.441036
0.000000 0.000000 0.456439
0.000000 0.000000 0.471706
0.000000 0.000000 0.486833
0.000000 0.000000 0.501816
0.000000 0.000000 0.516649
0.000000 0.000000 0.531329
0.000000 0.000000 0.545851
0.000000 0.000000 0.560211
0.000000 0.000000 0.574404
0.000000 0.000000 0.588427
0.000000 0.000000 0.602275
0.000000 0.000000 0.615944
0.000000 0.000000 0.629431
0.000000 0.000000 0.642730
0.000000 0.000000 0.655838
0.000000 0.000000 0.668751
0.000000 0.000000 0.681466
0.000000 0.000000 0.693978
0.000000 0.000000 0.706285
0.000000 0.000000 0.718381
0.000000 0.000000 0.730264
0.000000 0.000000 0.741930
0.000000 0.000000 0.753375
0.000000 0.000000 0.764597
0.000000 0.000000 0.775592
0.000000 0.000000 0.786356
0.000000 0.000000 0.796886
0.000000 0.000000 0.807180
0.000000 0.000000 0.817234
0.000000 0.000000 0.827046
0.000000 0.000000 0.836611
0.000000 0.000000 0.845928
0.000000 0.000000 0.854994
0.000000 0.000000 0.863806
0.000000 0.000000 0.872361
0.000000 0.000000 0.880657
0.000000 0.000000 0.888691
0.000000 0.000000 0.896462
0.000000 0.000000 0.903966
0.000000 0.000000 0.911201
0.000000 0.000000 0.918166
0.000000 0.000000 0.924858
0.000000 0.000000 0.931276
0.000000 0.000000 0.937416
0.000000 0.000000 0.943278
0.000000 0.000000 0.948860
0.000000 0.000000 0.954161
0.000000 0.000000 0.959177
0.000000 0.000000 0.963909
0.000000 0.000000 0.968354
0.000000 0.000000 0.972512
0.000000 0.000000 0.976381
0.000000 0.000000 0.979959
0.000000 0.000000 0.983247
0.000000 0.000000 0.986243
0.000000 0.000000 0.988945
0.000000 0.000000 0.991354
0.000000 0.000000 0.993468
0.000000 0.000000 0.995287
0.000000 0.000000 0.996811
0.000000 0.000000 0.998038
0.000000 0.000000 0.998969
0.000000 0.000000 0.999603
0.000000 0.000000 0.999940
0.000000 0.000000 0.999980
0.000000 0.000000 0.999723
0.000000 0.000000 0.999169
0.000000 0.000000 0.998318
0.000000 0.000000 0.997171
0.000000 0.000000 0.995727
0.000000 0.000000 0.993988
0.000000 0.000000 0.991953
0.000000 0.000000 0.989624
0.000000 0.000000 0.987000
0.000000 0.000000 0.984084
0.000000 0.000000 0.980875
0.000000 0.000000 0.977374
0.000000 0.000000 0.973584
0.000000 0.000000 0.969504
0.000000 0.000000 0.965136
0.000000 0.000000 0.960481
0.000000 0.000000 0.955541
0.000000 0.000000 0.950318
0.000000 0.000000 0.944811
0.000000 0.000000 0.939025
0.000000 0.000000 0.932959
0.000000 0.000000 0.926616
0.000000 0.000000 0.919998
0.000000 0.000000 0.913106
0.000000 0.000000 0.905943
0.000000 0.000000 0.898512
0.000000 0.000000 0.890813
0.000000 0.000000 0.882849
0.000000 0.000000 0.874624
0.000000 0.000000 0.866138
0.000000 0.000000 0.857395
0.000000 0.000000 0.848398
0.000000 0.000000 0.839148
0.000000 0.000000 0.829649
0.000000 0.000000 0.819680
0.000000 0.000000 0.808982
0.000000 0.000000 0.797500
0.000000 0.000000 0.785180
0.000000 0.000000 0.771974
0.000000 0.000000 0.757839
0.000000 0.000000 0.742736
0.000000 0.000000 0.726631
0.000000 0.000000 0.709495
0.000000 0.000000 0.691306
0.000000 0.000000 0.672046
0.000000 0.000000 0.651705
0.000000 0.000000 0.630276
0.000000 0.000000 0.607763
0.000000 0.000000 0.584171
0.000000 0.000000 0.559514
0.000000 0.000000 0.533813
0.000000 0.000000 0.507092
0.000000 0.000000 0.479385
0.000000 0.000000 0.450729
0.000000 0.000000 0.421167
0.000000 0.000000 0.390748
0.000000 0.000000 0.359527
0.000000 0.000000 0.327562
0.000000 0.000000 0.294916
0.000000 0.000000 0.261657
0.000000 0.000000 0.227855
0.000000 0.000000 0.193583
0.000000 0.000000 0.158918
0.000000 0.000000 0.123939
0.000000 0.000000 0.088725
0.000000 0.000000 0.053357
0.000000 0.000000 0.017916
-0.000000 0.000000 -0.017516
-0.000000 0.000000 -0.052859
-0.000000 0.000000 -0.088033
-0.000000 0.000000 -0.122960
-0.000000 0.000000 -0.157563
-0.000000 0.000000 -0.191770
-0.000000 0.000000 -0.225508
-0.000000 0.000000 -0.258711
-0.000000 0.000000 -0.291314
-0.000000 0.000000 -0.323256
-0.000000 0.000000 -0.354481
-0.000000 0.000000 -0.384935
-0.000000 0.000000 -0.414570
-0.000000 0.000000 -0.443342
-0.000000 0.000000 -0.471212
-0.000000 0.000000 -0.498143
-0.000000 0.000000 -0.524104
-0.000000 0.000000 -0.549068
-0.000000 0.000000 -0.573012
-0.000000 0.000000 -0.595916
-0.000000 0.000000 -0.617767
-0.000000 0.000000 -0.638550
-0.000000 0.000000 -0.658259
-0.000000 0.000000 -0.676888
-0.000000 0.000000 -0.694434
-0.000000 0.000000 -0.710897
-0.000000 0.000000 -0.726280
-0.000000 0.000000 -0.740588
-0.000000 0.000000 -0.753827
-0.000000 0.000000 -0.766006
-0.000000 0.000000 -0.777135
-0.000000 0.000000 -0.787223
-0.000000 0.000000 -0.796284
-0.000000 0.000000 -0.804331
-0.000000 0.000000 -0.811377
-0.000000 0.000000 -0.817437
-0.000000 0.000000 -0.822525
-0.000000 0.000000 -0.826657
-0.000000 0.000000 -0.829848
-0.000000 0.000000 -0.832114
-0.000000 0.000000 -0.833471
-0.000000 0.000000 -0.834312
-0.000000 0.000000 -0.834601
-0.000000 0.000000 -0.833922
-0.000000 0.000000 -0.832289
-0.000000 0.000000 -0.829716
-0.000000 0.000000 -0.826217
-0.000000 0.000000 -0.821806
-0.000000 0.000000 -0.816497
-0.000000 0.000000 -0.810302
-0.000000 0.000000 -0.803236
-0.000000 0.000000 -0.795312
-0.000000 0.000000 -0.786544
-0.000000 0.000000 -0.776945
-0.000000 0.000000 -0.766528
-0.000000 0.000000 -0.755310
-0.000000 0.000000 -0.743302
-0.000000 0.000000 -0.730522
-0.000000 0.000000 -0.716982
-0.000000 0.000000 -0.702700
-0.000000 0.000000 -0.687692
-0.000000 0.000000 -0.671972
-0.000000 0.000000 -0.655560
-0.000000 0.000000 -0.638472
-0.000000 0.000000 -0.620726
-0.000000 0.000000 -0.602341
-0.000000 0.000000 -0.583336
-0.000000 0.000000 -0.563732
-0.000000 0.000000 -0.543547
-0.000000 0.000000 -0.522804
-0.000000 0.000000 -0.501524
-0.000000 0.000000 -0.479728
-0.000000 0.000000 -0.457439
-0.000000 0.000000 -0.434679
-0.000000 0.000000 -0.411474
-0.000000 0.000000 -0.387845
-0.000000 0.000000 -0.363818
-0.000000 0.000000 -0.339417
-0.000000 0.000000 -0.314667
-0.000000 0.000000 -0.289594
-0.000000 0.000000 -0.264223
-0.000000 0.000000 -0.238580
-0.000000 0.000000 -0.212693
-0.000000 0.000000 -0.186587
-0.000000 0.000000 -0.160289
-0.000000 0.000000 -0.133827
-0.000000 0.000000 -0.107227
-0.000000 0.000000 -0.080517
-0.000000 0.000000 -0.053724
-0.000000 0.000000 -0.026876
0.000000 0.000000 0.000000
##END
