##TITLE= Waveform for axisymmetric diffusion encoding. b_delta = 1
##JCAMP-DX= 5.00 Bruker JCAMP library
##DATA TYPE= Shape Data
##ORIGIN= Bruker Analytik GmbH
##OWNER= <nmrsu>
##DATE= 2020-12-23
##TIME= 10:10:08
##MINX= 0
##MAXX= 1
##MINY= 0
##MAXY= 1
##$SHAPE_EXMODE= Gradient
##$SHAPE_TOTROT= 0
##$SHAPE_BWFAC= 0
##$SHAPE_INTEGFAC= 0
##$SHAPE_MODE= 0
##BFACTOR=2370779617.1042
##DURATION=0.015
##DIRECTIONVEC= 0 0 1
##NPOINTS=500
##XYDATA= (T X Y Z)
0.000000 0.000000 0.000000
0.000000 0.000000 0.026876
0.000000 0.000000 0.053724
0.000000 0.000000 0.080517
0.000000 0.000000 0.107227
0.000000 0.000000 0.133827
0.000000 0.000000 0.160289
0.000000 0.000000 0.186587
0.000000 0.000000 0.212693
0.000000 0.000000 0.238580
0.000000 0.000000 0.264223
0.000000 0.000000 0.289594
0.000000 0.000000 0.314667
0.000000 0.000000 0.339417
0.000000 0.000000 0.363818
0.000000 0.000000 0.387845
0.000000 0.000000 0.411474
0.000000 0.000000 0.434680
0.000000 0.000000 0.457439
0.000000 0.000000 0.479728
0.000000 0.000000 0.501524
0.000000 0.000000 0.522805
0.000000 0.000000 0.543549
0.000000 0.000000 0.563734
0.000000 0.000000 0.583340
0.000000 0.000000 0.602346
0.000000 0.000000 0.620734
0.000000 0.000000 0.638483
0.000000 0.000000 0.655577
0.000000 0.000000 0.671997
0.000000 0.000000 0.687726
0.000000 0.000000 0.702749
0.000000 0.000000 0.717049
0.000000 0.000000 0.730613
0.000000 0.000000 0.743426
0.000000 0.000000 0.755475
0.000000 0.000000 0.766748
0.000000 0.000000 0.777233
0.000000 0.000000 0.786919
0.000000 0.000000 0.795797
0.000000 0.000000 0.803857
0.000000 0.000000 0.811091
0.000000 0.000000 0.817491
0.000000 0.000000 0.823051
0.000000 0.000000 0.827766
0.000000 0.000000 0.831630
0.000000 0.000000 0.834640
0.000000 0.000000 0.836791
0.000000 0.000000 0.838083
0.000000 0.000000 0.838514
0.000000 0.000000 0.838514
0.000000 0.000000 0.838136
0.000000 0.000000 0.837004
0.000000 0.000000 0.835118
0.000000 0.000000 0.832484
0.000000 0.000000 0.829104
0.000000 0.000000 0.824986
0.000000 0.000000 0.820137
0.000000 0.000000 0.814565
0.000000 0.000000 0.808281
0.000000 0.000000 0.801296
0.000000 0.000000 0.793623
0.000000 0.000000 0.785274
0.000000 0.000000 0.776267
0.000000 0.000000 0.766616
0.000000 0.000000 0.756339
0.000000 0.000000 0.745454
0.000000 0.000000 0.733982
0.000000 0.000000 0.721942
0.000000 0.000000 0.709357
0.000000 0.000000 0.696250
0.000000 0.000000 0.682643
0.000000 0.000000 0.668561
0.000000 0.000000 0.654031
0.000000 0.000000 0.639077
0.000000 0.000000 0.623727
0.000000 0.000000 0.608008
0.000000 0.000000 0.591950
0.000000 0.000000 0.575580
0.000000 0.000000 0.558928
0.000000 0.000000 0.542025
0.000000 0.000000 0.524901
0.000000 0.000000 0.507586
0.000000 0.000000 0.490112
0.000000 0.000000 0.472510
0.000000 0.000000 0.454813
0.000000 0.000000 0.437051
0.000000 0.000000 0.419257
0.000000 0.000000 0.401463
0.000000 0.000000 0.383702
0.000000 0.000000 0.366004
0.000000 0.000000 0.348402
0.000000 0.000000 0.330928
0.000000 0.000000 0.313614
0.000000 0.000000 0.296489
0.000000 0.000000 0.279586
0.000000 0.000000 0.262934
0.000000 0.000000 0.246565
0.000000 0.000000 0.230506
0.000000 0.000000 0.214788
0.000000 0.000000 0.199438
0.000000 0.000000 0.184484
0.000000 0.000000 0.169953
0.000000 0.000000 0.155871
0.000000 0.000000 0.142265
0.000000 0.000000 0.129157
0.000000 0.000000 0.116572
0.000000 0.000000 0.104532
0.000000 0.000000 0.093060
0.000000 0.000000 0.082176
0.000000 0.000000 0.071899
0.000000 0.000000 0.062247
0.000000 0.000000 0.053240
0.000000 0.000000 0.044892
0.000000 0.000000 0.037218
0.000000 0.000000 0.030233
0.000000 0.000000 0.023949
0.000000 0.000000 0.018377
0.000000 0.000000 0.013528
0.000000 0.000000 0.009410
0.000000 0.000000 0.006031
0.000000 0.000000 0.003396
0.000000 0.000000 0.001510
0.000000 0.000000 0.000378
0.000000 0.000000 0.000000
0.000000 0.000000 0.000000
0.000000 0.000000 0.000000
0.000000 0.000000 0.000000
0.000000 0.000000 0.000000
0.000000 0.000000 0.000000
0.000000 0.000000 0.000000
0.000000 0.000000 0.000000
0.000000 0.000000 0.000000
0.000000 0.000000 0.000000
0.000000 0.000000 0.000000
0.000000 0.000000 0.000000
0.000000 0.000000 0.000000
0.000000 0.000000 0.000000
0.000000 0.000000 0.000000
0.000000 0.000000 0.000000
0.000000 0.000000 0.000000
0.000000 0.000000 0.000000
0.000000 0.000000 0.000000
0.000000 0.000000 0.000000
0.000000 0.000000 0.000000
0.000000 0.000000 0.000000
0.000000 0.000000 0.000000
0.000000 0.000000 0.000000
0.000000 0.000000 0.000000
0.000000 0.000000 0.000000
0.000000 0.000000 0.000000
0.000000 0.000000 0.000000
0.000000 0.000000 0.000000
0.000000 0.000000 0.000000
0.000000 0.000000 0.000000
0.000000 0.000000 0.000000
0.000000 0.000000 0.000000
0.000000 0.000000 0.000000
0.000000 0.000000 0.000000
0.000000 0.000000 0.000000
0.000000 0.000000 0.000000
0.000000 0.000000 0.000000
0.000000 0.000000 0.000000
0.000000 0.000000 0.000000
0.000000 0.000000 0.000000
0.000000 0.000000 0.000000
0.000000 0.000000 0.000000
0.000000 0.000000 0.000000
0.000000 0.000000 0.000000
0.000000 0.000000 0.000000
0.000000 0.000000 0.000000
0.000000 0.000000 0.000000
0.000000 0.000000 0.000000
0.000000 0.000000 0.000000
0.000000 0.000000 0.000000
0.000000 0.000000 0.000000
0.000000 0.000000 0.000000
0.000000 0.000000 0.000000
0.000000 0.000000 0.000000
0.000000 0.000000 0.000000
0.000000 0.000000 0.000000
0.000000 0.000000 0.000000
0.000000 0.000000 0.000000
0.000000 0.000000 0.000000
0.000000 0.000000 0.000000
0.000000 0.000000 0.000000
0.000000 0.000000 0.000000
0.000000 0.000000 0.000000
0.000000 0.000000 0.000000
0.000000 0.000000 0.000000
0.000000 0.000000 0.000000
0.000000 0.000000 0.000000
0.000000 0.000000 0.000000
0.000000 0.000000 0.000000
0.000000 0.000000 0.000000
0.000000 0.000000 0.000000
0.000000 0.000000 0.000000
0.000000 0.000000 0.000000
0.000000 0.000000 0.000000
0.000000 0.000000 0.000000
0.000000 0.000000 0.000000
0.000000 0.000000 0.000000
0.000000 0.000000 0.000000
0.000000 0.000000 0.000000
0.000000 0.000000 0.000000
0.000000 0.000000 0.000000
0.000000 0.000000 0.000000
0.000000 0.000000 0.000000
0.000000 0.000000 0.000000
0.000000 0.000000 0.000000
0.000000 0.000000 0.000000
0.000000 0.000000 0.000000
0.000000 0.000000 0.000000
0.000000 0.000000 0.000000
0.000000 0.000000 0.000000
0.000000 0.000000 0.000000
0.000000 0.000000 0.000000
0.000000 0.000000 0.000000
0.000000 0.000000 0.000000
0.000000 0.000000 0.000000
0.000000 0.000000 0.000000
0.000000 0.000000 0.000000
0.000000 0.000000 0.000000
0.000000 0.000000 0.000000
0.000000 0.000000 0.000000
0.000000 0.000000 0.000000
0.000000 0.000000 0.000000
0.000000 0.000000 0.000000
0.000000 0.000000 0.000000
0.000000 0.000000 0.000000
0.000000 0.000000 0.000000
0.000000 0.000000 0.000000
0.000000 0.000000 0.000000
0.000000 0.000000 0.000000
0.000000 0.000000 0.000000
0.000000 0.000000 0.000000
0.000000 0.000000 0.000000
0.000000 0.000000 0.000000
0.000000 0.000000 0.000000
0.000000 0.000000 0.000000
0.000000 0.000000 0.000000
0.000000 0.000000 0.000000
0.000000 0.000000 0.000000
0.000000 0.000000 0.000000
0.000000 0.000000 0.000000
0.000000 0.000000 0.000000
0.000000 0.000000 0.000000
0.000000 0.000000 0.000000
0.000000 0.000000 0.000000
0.000000 0.000000 0.000000
0.000000 0.000000 0.000000
0.000000 0.000000 0.000000
0.000000 0.000000 0.000000
0.000000 0.000000 0.000000
0.000000 0.000000 0.000000
0.000000 0.000000 0.000000
0.000000 0.000000 0.000000
0.000000 0.000000 0.000000
0.000000 0.000000 0.000000
0.000000 0.000000 0.000000
0.000000 0.000000 0.000000
0.000000 0.000000 0.000000
0.000000 0.000000 0.000000
0.000000 0.000000 0.000000
0.000000 0.000000 0.000000
0.000000 0.000000 0.000000
0.000000 0.000000 0.000000
0.000000 0.000000 0.000000
0.000000 0.000000 0.000000
0.000000 0.000000 0.000000
0.000000 0.000000 0.000000
0.000000 0.000000 0.000000
0.000000 0.000000 0.000000
0.000000 0.000000 0.000000
0.000000 0.000000 0.000000
0.000000 0.000000 0.000000
0.000000 0.000000 0.000000
0.000000 0.000000 0.000000
0.000000 0.000000 0.000000
0.000000 0.000000 0.000000
0.000000 0.000000 0.000000
0.000000 0.000000 0.000000
0.000000 0.000000 0.000000
0.000000 0.000000 0.000000
0.000000 0.000000 0.000000
0.000000 0.000000 0.000000
0.000000 0.000000 0.000000
0.000000 0.000000 0.000000
0.000000 0.000000 0.000000
0.000000 0.000000 0.000000
0.000000 0.000000 0.000000
0.000000 0.000000 0.000000
0.000000 0.000000 0.000000
0.000000 0.000000 0.000000
0.000000 0.000000 0.000000
0.000000 0.000000 0.000000
0.000000 0.000000 0.000000
0.000000 0.000000 0.000000
0.000000 0.000000 0.000000
0.000000 0.000000 0.000000
0.000000 0.000000 0.000000
0.000000 0.000000 0.000000
0.000000 0.000000 0.000000
0.000000 0.000000 0.000000
0.000000 0.000000 0.000000
0.000000 0.000000 0.000000
0.000000 0.000000 0.000000
0.000000 0.000000 0.000000
0.000000 0.000000 0.000000
0.000000 0.000000 0.000000
0.000000 0.000000 0.000000
0.000000 0.000000 0.000000
0.000000 0.000000 0.000000
0.000000 0.000000 0.000000
0.000000 0.000000 0.000000
0.000000 0.000000 0.000000
0.000000 0.000000 0.000000
0.000000 0.000000 0.000000
0.000000 0.000000 0.000000
0.000000 0.000000 0.000000
0.000000 0.000000 0.000000
0.000000 0.000000 0.000000
0.000000 0.000000 0.000000
0.000000 0.000000 0.000000
0.000000 0.000000 0.000000
0.000000 0.000000 0.000000
0.000000 0.000000 0.000000
0.000000 0.000000 0.000000
0.000000 0.000000 0.000000
0.000000 0.000000 0.000000
0.000000 0.000000 0.000000
0.000000 0.000000 0.000000
0.000000 0.000000 0.000000
0.000000 0.000000 0.000000
0.000000 0.000000 0.000000
0.000000 0.000000 0.000000
0.000000 0.000000 0.000000
0.000000 0.000000 0.000000
0.000000 0.000000 0.000000
0.000000 0.000000 0.000000
0.000000 0.000000 0.000000
0.000000 0.000000 0.000000
0.000000 0.000000 0.000000
0.000000 0.000000 0.000000
0.000000 0.000000 0.000000
0.000000 0.000000 0.000000
0.000000 0.000000 0.000000
0.000000 0.000000 0.000000
0.000000 0.000000 0.000000
0.000000 0.000000 0.000000
0.000000 0.000000 0.000000
0.000000 0.000000 0.000000
0.000000 0.000000 0.000000
0.000000 0.000000 0.000000
0.000000 0.000000 0.000000
0.000000 0.000000 0.000000
0.000000 0.000000 0.000000
0.000000 0.000000 0.000000
0.000000 0.000000 0.000000
0.000000 0.000000 0.000000
0.000000 0.000000 0.000000
0.000000 0.000000 0.000000
0.000000 0.000000 0.000000
0.000000 0.000000 0.000000
0.000000 0.000000 0.000000
0.000000 0.000000 0.000000
0.000000 0.000000 0.000000
0.000000 0.000000 0.000000
0.000000 0.000000 0.000000
0.000000 0.000000 0.000000
0.000000 0.000000 0.000000
0.000000 0.000000 0.000000
0.000000 0.000000 0.000000
0.000000 0.000000 0.000000
0.000000 0.000000 0.000000
0.000000 0.000000 0.000000
0.000000 0.000000 -0.000378
0.000000 0.000000 -0.001510
0.000000 0.000000 -0.003396
0.000000 0.000000 -0.006031
0.000000 0.000000 -0.009410
0.000000 0.000000 -0.013528
0.000000 0.000000 -0.018377
0.000000 0.000000 -0.023949
0.000000 0.000000 -0.030233
0.000000 0.000000 -0.037218
0.000000 0.000000 -0.044892
0.000000 0.000000 -0.053240
0.000000 0.000000 -0.062247
0.000000 0.000000 -0.071899
0.000000 0.000000 -0.082176
0.000000 0.000000 -0.093060
0.000000 0.000000 -0.104532
0.000000 0.000000 -0.116572
0.000000 0.000000 -0.129157
0.000000 0.000000 -0.142265
0.000000 0.000000 -0.155871
0.000000 0.000000 -0.169953
0.000000 0.000000 -0.184484
0.000000 0.000000 -0.199438
0.000000 0.000000 -0.214788
0.000000 0.000000 -0.230506
0.000000 0.000000 -0.246565
0.000000 0.000000 -0.262934
0.000000 0.000000 -0.279586
0.000000 0.000000 -0.296489
0.000000 0.000000 -0.313614
0.000000 0.000000 -0.330928
0.000000 0.000000 -0.348402
-0.000000 0.000000 -0.366004
-0.000000 0.000000 -0.383702
-0.000000 0.000000 -0.401463
-0.000000 0.000000 -0.419257
-0.000000 0.000000 -0.437051
-0.000000 0.000000 -0.454813
-0.000000 0.000000 -0.472510
-0.000000 0.000000 -0.490112
-0.000000 0.000000 -0.507586
-0.000000 0.000000 -0.524901
-0.000000 0.000000 -0.542025
-0.000000 0.000000 -0.558928
-0.000000 0.000000 -0.575580
-0.000000 0.000000 -0.591950
-0.000000 0.000000 -0.608008
-0.000000 0.000000 -0.623727
-0.000000 0.000000 -0.639077
-0.000000 0.000000 -0.654031
-0.000000 0.000000 -0.668561
-0.000000 0.000000 -0.682643
-0.000000 0.000000 -0.696250
-0.000000 0.000000 -0.709357
-0.000000 0.000000 -0.721942
-0.000000 0.000000 -0.733982
-0.000000 0.000000 -0.745454
-0.000000 0.000000 -0.756339
-0.000000 0.000000 -0.766616
-0.000000 0.000000 -0.776267
-0.000000 0.000000 -0.785274
-0.000000 0.000000 -0.793623
-0.000000 0.000000 -0.801296
-0.000000 0.000000 -0.808281
-0.000000 0.000000 -0.814565
-0.000000 0.000000 -0.820137
-0.000000 0.000000 -0.824986
-0.000000 0.000000 -0.829104
-0.000000 0.000000 -0.832484
-0.000000 0.000000 -0.835118
-0.000000 0.000000 -0.837004
-0.000000 0.000000 -0.838136
-0.000000 0.000000 -0.838514
-0.000000 0.000000 -0.838514
-0.000000 0.000000 -0.838083
-0.000000 0.000000 -0.836791
-0.000000 0.000000 -0.834640
-0.000000 0.000000 -0.831630
-0.000000 0.000000 -0.827766
-0.000000 0.000000 -0.823051
-0.000000 0.000000 -0.817491
-0.000000 0.000000 -0.811091
-0.000000 0.000000 -0.803857
-0.000000 0.000000 -0.795797
-0.000000 0.000000 -0.786919
-0.000000 0.000000 -0.777233
-0.000000 0.000000 -0.766748
-0.000000 0.000000 -0.755475
-0.000000 0.000000 -0.743426
-0.000000 0.000000 -0.730613
-0.000000 0.000000 -0.717049
-0.000000 0.000000 -0.702749
-0.000000 0.000000 -0.687726
-0.000000 0.000000 -0.671997
-0.000000 0.000000 -0.655577
-0.000000 0.000000 -0.638483
-0.000000 0.000000 -0.620734
-0.000000 0.000000 -0.602346
-0.000000 0.000000 -0.583340
-0.000000 0.000000 -0.563734
-0.000000 0.000000 -0.543549
-0.000000 0.000000 -0.522805
-0.000000 0.000000 -0.501524
-0.000000 0.000000 -0.479728
-0.000000 0.000000 -0.457439
-0.000000 0.000000 -0.434680
-0.000000 0.000000 -0.411474
-0.000000 0.000000 -0.387845
-0.000000 0.000000 -0.363818
-0.000000 0.000000 -0.339417
-0.000000 0.000000 -0.314667
-0.000000 0.000000 -0.289594
-0.000000 0.000000 -0.264223
-0.000000 0.000000 -0.238580
-0.000000 0.000000 -0.212693
-0.000000 0.000000 -0.186587
-0.000000 0.000000 -0.160289
-0.000000 0.000000 -0.133827
-0.000000 0.000000 -0.107227
-0.000000 0.000000 -0.080517
-0.000000 0.000000 -0.053724
-0.000000 0.000000 -0.026876
0.000000 0.000000 0.000000
##END
