##TITLE= Waveform for axisymmetric diffusion encoding. b_delta = -0.0621
##JCAMP-DX= 5.00 Bruker JCAMP library
##DATA TYPE= Shape Data
##ORIGIN= Bruker Analytik GmbH
##OWNER= <nmrsu>
##DATE= 2020-12-22
##TIME= 21:18:49
##MINX= 0
##MAXX= 1
##MINY= 0
##MAXY= 1
##$SHAPE_EXMODE= Gradient
##$SHAPE_TOTROT= 0
##$SHAPE_BWFAC= 0
##$SHAPE_INTEGFAC= 0
##$SHAPE_MODE= 0
##BFACTOR=1185148240.5277
##DURATION=0.015
##DIRECTIONVEC= 0 0 1
##NPOINTS=1000
##XYDATA= (T X Y Z)
0.000000 0.000000 0.000000
0.000000 0.000000 0.013289
0.000000 0.000000 0.026576
0.000000 0.000000 0.039855
0.000000 0.000000 0.053124
0.000000 0.000000 0.066380
0.000000 0.000000 0.079620
0.000000 0.000000 0.092839
0.000000 0.000000 0.106035
0.000000 0.000000 0.119204
0.000000 0.000000 0.132343
0.000000 0.000000 0.145449
0.000000 0.000000 0.158518
0.000000 0.000000 0.171547
0.000000 0.000000 0.184534
0.000000 0.000000 0.197473
0.000000 0.000000 0.210363
0.000000 0.000000 0.223200
0.000000 0.000000 0.235981
0.000000 0.000000 0.248703
0.000000 0.000000 0.261361
0.000000 0.000000 0.273954
0.000000 0.000000 0.286478
0.000000 0.000000 0.298930
0.000000 0.000000 0.311307
0.000000 0.000000 0.323605
0.000000 0.000000 0.335822
0.000000 0.000000 0.347955
0.000000 0.000000 0.359999
0.000000 0.000000 0.371953
0.000000 0.000000 0.383814
0.000000 0.000000 0.395578
0.000000 0.000000 0.407242
0.000000 0.000000 0.418803
0.000000 0.000000 0.430260
0.000000 0.000000 0.441608
0.000000 0.000000 0.452844
0.000000 0.000000 0.463967
0.000000 0.000000 0.474973
0.000000 0.000000 0.485859
0.000000 0.000000 0.496623
0.000000 0.000000 0.507262
0.000000 0.000000 0.517774
0.000000 0.000000 0.528154
0.000000 0.000000 0.538402
0.000000 0.000000 0.548514
0.000000 0.000000 0.558488
0.000000 0.000000 0.568322
0.000000 0.000000 0.578012
0.000000 0.000000 0.587556
0.000000 0.000000 0.596953
0.000000 0.000000 0.606199
0.000000 0.000000 0.615292
0.000000 0.000000 0.624230
0.000000 0.000000 0.633010
0.000000 0.000000 0.641631
0.000000 0.000000 0.650090
0.000000 0.000000 0.658384
0.000000 0.000000 0.666513
0.000000 0.000000 0.674472
0.000000 0.000000 0.682262
0.000000 0.000000 0.689878
0.000000 0.000000 0.697320
0.000000 0.000000 0.704586
0.000000 0.000000 0.711672
0.000000 0.000000 0.718578
0.000000 0.000000 0.725302
0.000000 0.000000 0.731841
0.000000 0.000000 0.738194
0.000000 0.000000 0.744358
0.000000 0.000000 0.750333
0.000000 0.000000 0.756115
0.000000 0.000000 0.761705
0.000000 0.000000 0.767098
0.000000 0.000000 0.772295
0.000000 0.000000 0.777293
0.000000 0.000000 0.782090
0.000000 0.000000 0.786685
0.000000 0.000000 0.791076
0.000000 0.000000 0.795261
0.000000 0.000000 0.799239
0.000000 0.000000 0.803008
0.000000 0.000000 0.806566
0.000000 0.000000 0.809911
0.000000 0.000000 0.813043
0.000000 0.000000 0.815959
0.000000 0.000000 0.818657
0.000000 0.000000 0.821136
0.000000 0.000000 0.823395
0.000000 0.000000 0.825430
0.000000 0.000000 0.827242
0.000000 0.000000 0.828828
0.000000 0.000000 0.830185
0.000000 0.000000 0.831314
0.000000 0.000000 0.832211
0.000000 0.000000 0.832875
0.000000 0.000000 0.833304
0.000000 0.000000 0.833496
0.000000 0.000000 0.833450
0.000000 0.000000 0.833164
0.000000 0.000000 0.832741
0.000000 0.000000 0.832191
0.000000 0.000000 0.831419
0.000000 0.000000 0.830424
0.000000 0.000000 0.829204
0.000000 0.000000 0.827756
0.000000 0.000000 0.826078
0.000000 0.000000 0.824169
0.000000 0.000000 0.822027
0.000000 0.000000 0.819650
0.000000 0.000000 0.817036
0.000000 0.000000 0.814182
0.000000 0.000000 0.811088
0.000000 0.000000 0.807751
0.000000 0.000000 0.804170
0.000000 0.000000 0.800343
0.000000 0.000000 0.796268
0.000000 0.000000 0.791943
0.000000 0.000000 0.787367
0.000000 0.000000 0.782537
0.000000 0.000000 0.777454
0.000000 0.000000 0.772114
0.000000 0.000000 0.766518
0.000000 0.000000 0.760662
0.000000 0.000000 0.754546
0.000000 0.000000 0.748169
0.000000 0.000000 0.741530
0.000000 0.000000 0.734627
0.000000 0.000000 0.727460
0.000000 0.000000 0.720028
0.000000 0.000000 0.712330
0.000000 0.000000 0.704365
0.000000 0.000000 0.696133
0.000000 0.000000 0.687634
0.000000 0.000000 0.678868
0.000000 0.000000 0.669834
0.000000 0.000000 0.660532
0.000000 0.000000 0.650964
0.000000 0.000000 0.641129
0.000000 0.000000 0.631027
0.000000 0.000000 0.620661
0.000000 0.000000 0.610030
0.000000 0.000000 0.599137
0.000000 0.000000 0.587982
0.000000 0.000000 0.576567
0.000000 0.000000 0.564894
0.000000 0.000000 0.552965
0.000000 0.000000 0.540783
0.000000 0.000000 0.528350
0.000000 0.000000 0.515669
0.000000 0.000000 0.502742
0.000000 0.000000 0.489574
0.000000 0.000000 0.476167
0.000000 0.000000 0.462527
0.000000 0.000000 0.448656
0.000000 0.000000 0.434559
0.000000 0.000000 0.420241
0.000000 0.000000 0.405706
0.000000 0.000000 0.390960
0.000000 0.000000 0.376009
0.000000 0.000000 0.360857
0.000000 0.000000 0.345511
0.000000 0.000000 0.329977
0.000000 0.000000 0.314262
0.000000 0.000000 0.298372
0.000000 0.000000 0.282314
0.000000 0.000000 0.266096
0.000000 0.000000 0.249724
0.000000 0.000000 0.233207
0.000000 0.000000 0.216553
0.000000 0.000000 0.199769
0.000000 0.000000 0.182865
0.000000 0.000000 0.165847
0.000000 0.000000 0.148726
0.000000 0.000000 0.131510
0.000000 0.000000 0.114209
0.000000 0.000000 0.096831
0.000000 0.000000 0.079385
0.000000 0.000000 0.061882
0.000000 0.000000 0.044331
0.000000 0.000000 0.026742
0.000000 0.000000 0.009124
-0.000000 0.000000 -0.008513
-0.000000 0.000000 -0.026158
-0.000000 0.000000 -0.043802
-0.000000 0.000000 -0.061435
-0.000000 0.000000 -0.079046
-0.000000 0.000000 -0.096626
-0.000000 0.000000 -0.114164
-0.000000 0.000000 -0.131651
-0.000000 0.000000 -0.149076
-0.000000 0.000000 -0.166431
-0.000000 0.000000 -0.183704
-0.000000 0.000000 -0.200886
-0.000000 0.000000 -0.217968
-0.000000 0.000000 -0.234941
-0.000000 0.000000 -0.251794
-0.000000 0.000000 -0.268519
-0.000000 0.000000 -0.285107
-0.000000 0.000000 -0.301549
-0.000000 0.000000 -0.317837
-0.000000 0.000000 -0.333962
-0.000000 0.000000 -0.349916
-0.000000 0.000000 -0.365691
-0.000000 0.000000 -0.381280
-0.000000 0.000000 -0.396675
-0.000000 0.000000 -0.411869
-0.000000 0.000000 -0.426856
-0.000000 0.000000 -0.441629
-0.000000 0.000000 -0.456182
-0.000000 0.000000 -0.470509
-0.000000 0.000000 -0.484605
-0.000000 0.000000 -0.498465
-0.000000 0.000000 -0.512083
-0.000000 0.000000 -0.525456
-0.000000 0.000000 -0.538579
-0.000000 0.000000 -0.551448
-0.000000 0.000000 -0.564062
-0.000000 0.000000 -0.576415
-0.000000 0.000000 -0.588506
-0.000000 0.000000 -0.600333
-0.000000 0.000000 -0.611894
-0.000000 0.000000 -0.623188
-0.000000 0.000000 -0.634213
-0.000000 0.000000 -0.644968
-0.000000 0.000000 -0.655454
-0.000000 0.000000 -0.665671
-0.000000 0.000000 -0.675619
-0.000000 0.000000 -0.685299
-0.000000 0.000000 -0.694713
-0.000000 0.000000 -0.703861
-0.000000 0.000000 -0.712746
-0.000000 0.000000 -0.721370
-0.000000 0.000000 -0.729737
-0.000000 0.000000 -0.737848
-0.000000 0.000000 -0.745707
-0.000000 0.000000 -0.753319
-0.000000 0.000000 -0.760687
-0.000000 0.000000 -0.767815
-0.000000 0.000000 -0.774709
-0.000000 0.000000 -0.781373
-0.000000 0.000000 -0.787812
-0.000000 0.000000 -0.794032
-0.000000 0.000000 -0.800039
-0.000000 0.000000 -0.805839
-0.000000 0.000000 -0.811439
-0.000000 0.000000 -0.816844
-0.000000 0.000000 -0.822063
-0.000000 0.000000 -0.827101
-0.000000 0.000000 -0.831967
-0.000000 0.000000 -0.836718
-0.000000 0.000000 -0.841407
-0.000000 0.000000 -0.846033
-0.000000 0.000000 -0.850596
-0.000000 0.000000 -0.855096
-0.000000 0.000000 -0.859533
-0.000000 0.000000 -0.863906
-0.000000 0.000000 -0.868215
-0.000000 0.000000 -0.872459
-0.000000 0.000000 -0.876638
-0.000000 0.000000 -0.880752
-0.000000 0.000000 -0.884801
-0.000000 0.000000 -0.888784
-0.000000 0.000000 -0.892701
-0.000000 0.000000 -0.896552
-0.000000 0.000000 -0.900336
-0.000000 0.000000 -0.904053
-0.000000 0.000000 -0.907703
-0.000000 0.000000 -0.911286
-0.000000 0.000000 -0.914801
-0.000000 0.000000 -0.918248
-0.000000 0.000000 -0.921627
-0.000000 0.000000 -0.924937
-0.000000 0.000000 -0.928179
-0.000000 0.000000 -0.931352
-0.000000 0.000000 -0.934455
-0.000000 0.000000 -0.937490
-0.000000 0.000000 -0.940454
-0.000000 0.000000 -0.943349
-0.000000 0.000000 -0.946173
-0.000000 0.000000 -0.948928
-0.000000 0.000000 -0.951611
-0.000000 0.000000 -0.954225
-0.000000 0.000000 -0.956767
-0.000000 0.000000 -0.959238
-0.000000 0.000000 -0.961638
-0.000000 0.000000 -0.963966
-0.000000 0.000000 -0.966223
-0.000000 0.000000 -0.968409
-0.000000 0.000000 -0.970522
-0.000000 0.000000 -0.972563
-0.000000 0.000000 -0.974532
-0.000000 0.000000 -0.976428
-0.000000 0.000000 -0.978252
-0.000000 0.000000 -0.980003
-0.000000 0.000000 -0.981682
-0.000000 0.000000 -0.983288
-0.000000 0.000000 -0.984820
-0.000000 0.000000 -0.986280
-0.000000 0.000000 -0.987666
-0.000000 0.000000 -0.988978
-0.000000 0.000000 -0.990218
-0.000000 0.000000 -0.991383
-0.000000 0.000000 -0.992476
-0.000000 0.000000 -0.993494
-0.000000 0.000000 -0.994439
-0.000000 0.000000 -0.995309
-0.000000 0.000000 -0.996106
-0.000000 0.000000 -0.996829
-0.000000 0.000000 -0.997478
-0.000000 0.000000 -0.998052
-0.000000 0.000000 -0.998553
-0.000000 0.000000 -0.998979
-0.000000 0.000000 -0.999332
-0.000000 0.000000 -0.999609
-0.000000 0.000000 -0.999813
-0.000000 0.000000 -0.999943
-0.000000 0.000000 -0.999998
0.000000 -0.000000 -0.999979
0.000000 -0.000000 -0.999885
0.000000 -0.000000 -0.999718
0.000000 -0.000000 -0.999476
0.000000 -0.000000 -0.999159
0.000000 -0.000000 -0.998769
0.000000 -0.000000 -0.998305
0.000000 -0.000000 -0.997766
0.000000 -0.000000 -0.997153
0.000000 -0.000000 -0.996466
0.000000 -0.000000 -0.995705
0.000000 -0.000000 -0.994870
0.000000 -0.000000 -0.993961
0.000000 -0.000000 -0.992979
0.000000 -0.000000 -0.991922
0.000000 -0.000000 -0.990792
0.000000 -0.000000 -0.989589
0.000000 -0.000000 -0.988312
0.000000 -0.000000 -0.986961
0.000000 -0.000000 -0.985537
0.000000 -0.000000 -0.984040
0.000000 -0.000000 -0.982470
0.000000 -0.000000 -0.980827
0.000000 -0.000000 -0.979111
0.000000 -0.000000 -0.977322
0.000000 -0.000000 -0.975461
0.000000 -0.000000 -0.973527
0.000000 -0.000000 -0.971521
0.000000 -0.000000 -0.969443
0.000000 -0.000000 -0.967292
0.000000 -0.000000 -0.965070
0.000000 -0.000000 -0.962776
0.000000 -0.000000 -0.960411
0.000000 -0.000000 -0.957974
0.000000 -0.000000 -0.955467
0.000000 -0.000000 -0.952888
0.000000 -0.000000 -0.950238
0.000000 -0.000000 -0.947518
0.000000 -0.000000 -0.944728
0.000000 -0.000000 -0.941867
0.000000 -0.000000 -0.938936
0.000000 -0.000000 -0.935936
0.000000 -0.000000 -0.932866
0.000000 -0.000000 -0.929727
0.000000 -0.000000 -0.926518
0.000000 -0.000000 -0.923241
0.000000 -0.000000 -0.919896
0.000000 -0.000000 -0.916482
0.000000 -0.000000 -0.913000
0.000000 -0.000000 -0.909450
0.000000 -0.000000 -0.905832
0.000000 -0.000000 -0.902148
0.000000 -0.000000 -0.898396
0.000000 -0.000000 -0.894577
0.000000 -0.000000 -0.890692
0.000000 -0.000000 -0.886741
0.000000 -0.000000 -0.882724
0.000000 -0.000000 -0.878642
0.000000 -0.000000 -0.874494
0.000000 -0.000000 -0.870281
0.000000 -0.000000 -0.866004
0.000000 -0.000000 -0.861662
0.000000 -0.000000 -0.857256
0.000000 -0.000000 -0.852787
0.000000 -0.000000 -0.848254
0.000000 -0.000000 -0.843659
0.000000 -0.000000 -0.839000
0.000000 -0.000000 -0.834280
0.000000 -0.000000 -0.829497
0.000000 -0.000000 -0.824652
0.000000 -0.000000 -0.819747
0.000000 -0.000000 -0.814780
0.000000 -0.000000 -0.809754
0.000000 -0.000000 -0.804666
0.000000 -0.000000 -0.799519
0.000000 -0.000000 -0.794313
0.000000 -0.000000 -0.789048
0.000000 -0.000000 -0.783724
0.000000 -0.000000 -0.778342
0.000000 -0.000000 -0.772902
0.000000 -0.000000 -0.767405
0.000000 -0.000000 -0.761850
0.000000 -0.000000 -0.756239
0.000000 -0.000000 -0.750572
0.000000 -0.000000 -0.744849
0.000000 -0.000000 -0.739071
0.000000 -0.000000 -0.733238
0.000000 -0.000000 -0.727351
0.000000 -0.000000 -0.721409
0.000000 -0.000000 -0.715414
0.000000 -0.000000 -0.709366
0.000000 -0.000000 -0.703265
0.000000 -0.000000 -0.697112
0.000000 -0.000000 -0.690907
0.000000 -0.000000 -0.684650
0.000000 -0.000000 -0.678343
0.000000 -0.000000 -0.671985
0.000000 -0.000000 -0.665578
0.000000 -0.000000 -0.659121
0.000000 -0.000000 -0.652615
0.000000 -0.000000 -0.646061
0.000000 -0.000000 -0.639459
0.000000 -0.000000 -0.632809
0.000000 -0.000000 -0.626112
0.000000 -0.000000 -0.619369
0.000000 -0.000000 -0.612579
0.000000 -0.000000 -0.605744
0.000000 -0.000000 -0.598864
0.000000 -0.000000 -0.591940
0.000000 -0.000000 -0.584972
0.000000 -0.000000 -0.577960
0.000000 -0.000000 -0.570905
0.000000 -0.000000 -0.563808
0.000000 -0.000000 -0.556669
0.000000 -0.000000 -0.549489
0.000000 -0.000000 -0.542268
0.000000 -0.000000 -0.535007
0.000000 -0.000000 -0.527705
0.000000 -0.000000 -0.520365
0.000000 -0.000000 -0.512986
0.000000 -0.000000 -0.505569
0.000000 -0.000000 -0.498114
0.000000 -0.000000 -0.490623
0.000000 -0.000000 -0.483094
0.000000 -0.000000 -0.475531
0.000000 -0.000000 -0.467931
0.000000 -0.000000 -0.460297
0.000000 -0.000000 -0.452629
0.000000 -0.000000 -0.444927
0.000000 -0.000000 -0.437192
0.000000 -0.000000 -0.429425
0.000000 -0.000000 -0.421625
0.000000 -0.000000 -0.413795
0.000000 -0.000000 -0.405933
0.000000 -0.000000 -0.398042
0.000000 -0.000000 -0.390121
0.000000 -0.000000 -0.382171
0.000000 -0.000000 -0.374192
0.000000 -0.000000 -0.366186
0.000000 -0.000000 -0.358153
0.000000 -0.000000 -0.350093
0.000000 -0.000000 -0.342007
0.000000 -0.000000 -0.333895
0.000000 -0.000000 -0.325759
0.000000 -0.000000 -0.317599
0.000000 -0.000000 -0.309415
0.000000 -0.000000 -0.301208
0.000000 -0.000000 -0.292978
0.000000 -0.000000 -0.284727
0.000000 -0.000000 -0.276455
0.000000 -0.000000 -0.268162
0.000000 -0.000000 -0.259849
0.000000 -0.000000 -0.251517
0.000000 -0.000000 -0.243166
0.000000 -0.000000 -0.234798
0.000000 -0.000000 -0.226411
0.000000 -0.000000 -0.218008
0.000000 -0.000000 -0.209589
0.000000 -0.000000 -0.201154
0.000000 -0.000000 -0.192704
0.000000 -0.000000 -0.184240
0.000000 -0.000000 -0.175763
0.000000 -0.000000 -0.167272
0.000000 -0.000000 -0.158769
0.000000 -0.000000 -0.150254
0.000000 -0.000000 -0.141727
0.000000 -0.000000 -0.133191
0.000000 -0.000000 -0.124644
0.000000 -0.000000 -0.116088
0.000000 -0.000000 -0.107524
0.000000 -0.000000 -0.098951
0.000000 -0.000000 -0.090371
0.000000 -0.000000 -0.081785
0.000000 -0.000000 -0.073192
0.000000 -0.000000 -0.064594
0.000000 -0.000000 -0.055991
0.000000 -0.000000 -0.047384
0.000000 -0.000000 -0.038774
0.000000 -0.000000 -0.030160
0.000000 -0.000000 -0.021545
0.000000 -0.000000 -0.012927
0.000000 -0.000000 -0.004309
0.000000 0.000000 0.004309
0.000000 0.000000 0.012927
0.000000 0.000000 0.021545
0.000000 0.000000 0.030160
0.000000 0.000000 0.038774
0.000000 0.000000 0.047384
0.000000 0.000000 0.055991
0.000000 0.000000 0.064594
0.000000 0.000000 0.073192
0.000000 0.000000 0.081785
0.000000 0.000000 0.090371
0.000000 0.000000 0.098951
0.000000 0.000000 0.107524
0.000000 0.000000 0.116088
0.000000 0.000000 0.124644
0.000000 0.000000 0.133191
0.000000 0.000000 0.141727
0.000000 0.000000 0.150254
0.000000 0.000000 0.158769
0.000000 0.000000 0.167272
0.000000 0.000000 0.175763
0.000000 0.000000 0.184240
0.000000 0.000000 0.192704
0.000000 0.000000 0.201154
0.000000 0.000000 0.209589
0.000000 0.000000 0.218008
0.000000 0.000000 0.226411
0.000000 0.000000 0.234798
0.000000 0.000000 0.243166
0.000000 0.000000 0.251517
0.000000 0.000000 0.259849
0.000000 0.000000 0.268162
0.000000 0.000000 0.276455
0.000000 0.000000 0.284727
0.000000 0.000000 0.292978
0.000000 0.000000 0.301208
0.000000 0.000000 0.309415
0.000000 0.000000 0.317599
0.000000 0.000000 0.325759
0.000000 0.000000 0.333895
0.000000 0.000000 0.342007
0.000000 0.000000 0.350093
0.000000 0.000000 0.358153
0.000000 0.000000 0.366186
0.000000 0.000000 0.374192
0.000000 0.000000 0.382171
0.000000 0.000000 0.390121
0.000000 0.000000 0.398042
0.000000 0.000000 0.405933
0.000000 0.000000 0.413795
0.000000 0.000000 0.421625
0.000000 0.000000 0.429425
0.000000 0.000000 0.437192
0.000000 0.000000 0.444927
0.000000 0.000000 0.452629
0.000000 0.000000 0.460297
0.000000 0.000000 0.467931
0.000000 0.000000 0.475531
0.000000 0.000000 0.483094
0.000000 0.000000 0.490623
0.000000 0.000000 0.498114
0.000000 0.000000 0.505569
0.000000 0.000000 0.512986
0.000000 0.000000 0.520365
0.000000 0.000000 0.527705
0.000000 0.000000 0.535007
0.000000 0.000000 0.542268
0.000000 0.000000 0.549489
0.000000 0.000000 0.556669
0.000000 0.000000 0.563808
0.000000 0.000000 0.570905
0.000000 0.000000 0.577960
0.000000 0.000000 0.584972
0.000000 0.000000 0.591940
0.000000 0.000000 0.598864
0.000000 0.000000 0.605744
0.000000 0.000000 0.612579
0.000000 0.000000 0.619369
0.000000 0.000000 0.626112
0.000000 0.000000 0.632809
0.000000 0.000000 0.639459
0.000000 0.000000 0.646061
0.000000 0.000000 0.652615
0.000000 0.000000 0.659121
0.000000 0.000000 0.665578
0.000000 0.000000 0.671985
0.000000 0.000000 0.678343
0.000000 0.000000 0.684650
0.000000 0.000000 0.690907
0.000000 0.000000 0.697112
0.000000 0.000000 0.703265
0.000000 0.000000 0.709366
0.000000 0.000000 0.715414
0.000000 0.000000 0.721409
0.000000 0.000000 0.727351
0.000000 0.000000 0.733238
0.000000 0.000000 0.739071
0.000000 0.000000 0.744849
0.000000 0.000000 0.750572
0.000000 0.000000 0.756239
0.000000 0.000000 0.761850
0.000000 0.000000 0.767405
0.000000 0.000000 0.772902
0.000000 0.000000 0.778342
0.000000 0.000000 0.783724
0.000000 0.000000 0.789048
0.000000 0.000000 0.794313
0.000000 0.000000 0.799519
0.000000 0.000000 0.804666
0.000000 0.000000 0.809754
0.000000 0.000000 0.814780
0.000000 0.000000 0.819747
0.000000 0.000000 0.824652
0.000000 0.000000 0.829497
0.000000 0.000000 0.834280
0.000000 0.000000 0.839000
0.000000 0.000000 0.843659
0.000000 0.000000 0.848254
0.000000 0.000000 0.852787
0.000000 0.000000 0.857256
0.000000 0.000000 0.861662
0.000000 0.000000 0.866004
0.000000 0.000000 0.870281
0.000000 0.000000 0.874494
0.000000 0.000000 0.878642
0.000000 0.000000 0.882724
0.000000 0.000000 0.886741
0.000000 0.000000 0.890692
0.000000 0.000000 0.894577
0.000000 0.000000 0.898396
0.000000 0.000000 0.902148
0.000000 0.000000 0.905832
0.000000 0.000000 0.909450
0.000000 0.000000 0.913000
0.000000 0.000000 0.916482
0.000000 0.000000 0.919896
0.000000 0.000000 0.923241
0.000000 0.000000 0.926518
0.000000 0.000000 0.929727
0.000000 0.000000 0.932866
0.000000 0.000000 0.935936
0.000000 0.000000 0.938936
0.000000 0.000000 0.941867
0.000000 0.000000 0.944728
0.000000 0.000000 0.947518
0.000000 0.000000 0.950238
0.000000 0.000000 0.952888
0.000000 0.000000 0.955467
0.000000 0.000000 0.957974
0.000000 0.000000 0.960411
0.000000 0.000000 0.962776
0.000000 0.000000 0.965070
0.000000 0.000000 0.967292
0.000000 0.000000 0.969443
0.000000 0.000000 0.971521
0.000000 0.000000 0.973527
0.000000 0.000000 0.975461
0.000000 0.000000 0.977322
0.000000 0.000000 0.979111
0.000000 0.000000 0.980827
0.000000 0.000000 0.982470
0.000000 0.000000 0.984040
0.000000 0.000000 0.985537
0.000000 0.000000 0.986961
0.000000 0.000000 0.988312
0.000000 0.000000 0.989589
0.000000 0.000000 0.990792
0.000000 0.000000 0.991922
0.000000 0.000000 0.992979
0.000000 0.000000 0.993961
0.000000 0.000000 0.994870
0.000000 0.000000 0.995705
0.000000 0.000000 0.996466
0.000000 0.000000 0.997153
0.000000 0.000000 0.997766
0.000000 0.000000 0.998305
0.000000 0.000000 0.998769
0.000000 0.000000 0.999159
0.000000 0.000000 0.999476
0.000000 0.000000 0.999718
0.000000 0.000000 0.999885
0.000000 0.000000 0.999979
0.000000 0.000000 0.999998
0.000000 0.000000 0.999943
0.000000 0.000000 0.999813
0.000000 0.000000 0.999609
0.000000 0.000000 0.999332
0.000000 0.000000 0.998979
0.000000 0.000000 0.998553
0.000000 0.000000 0.998052
0.000000 0.000000 0.997478
0.000000 0.000000 0.996829
0.000000 0.000000 0.996106
0.000000 0.000000 0.995309
0.000000 0.000000 0.994439
0.000000 0.000000 0.993494
0.000000 0.000000 0.992476
0.000000 0.000000 0.991383
0.000000 0.000000 0.990218
0.000000 0.000000 0.988978
0.000000 0.000000 0.987666
0.000000 0.000000 0.986280
0.000000 0.000000 0.984820
0.000000 0.000000 0.983288
0.000000 0.000000 0.981682
0.000000 0.000000 0.980003
0.000000 0.000000 0.978252
0.000000 0.000000 0.976428
0.000000 0.000000 0.974532
0.000000 0.000000 0.972563
0.000000 0.000000 0.970522
0.000000 0.000000 0.968409
0.000000 0.000000 0.966223
0.000000 0.000000 0.963966
0.000000 0.000000 0.961638
0.000000 0.000000 0.959238
0.000000 0.000000 0.956767
0.000000 0.000000 0.954225
0.000000 0.000000 0.951611
0.000000 0.000000 0.948928
0.000000 0.000000 0.946173
0.000000 0.000000 0.943349
0.000000 0.000000 0.940454
0.000000 0.000000 0.937490
0.000000 0.000000 0.934455
0.000000 0.000000 0.931352
0.000000 0.000000 0.928179
0.000000 0.000000 0.924937
0.000000 0.000000 0.921627
0.000000 0.000000 0.918248
0.000000 0.000000 0.914801
0.000000 0.000000 0.911286
0.000000 0.000000 0.907703
0.000000 0.000000 0.904053
0.000000 0.000000 0.900336
0.000000 0.000000 0.896552
0.000000 0.000000 0.892701
0.000000 0.000000 0.888784
0.000000 0.000000 0.884801
0.000000 0.000000 0.880752
0.000000 0.000000 0.876638
0.000000 0.000000 0.872459
0.000000 0.000000 0.868215
0.000000 0.000000 0.863906
0.000000 0.000000 0.859533
0.000000 0.000000 0.855096
0.000000 0.000000 0.850596
0.000000 0.000000 0.846033
0.000000 0.000000 0.841407
0.000000 0.000000 0.836718
0.000000 0.000000 0.831967
0.000000 0.000000 0.827101
0.000000 0.000000 0.822063
0.000000 0.000000 0.816844
0.000000 0.000000 0.811439
0.000000 0.000000 0.805839
0.000000 0.000000 0.800039
0.000000 0.000000 0.794032
0.000000 0.000000 0.787812
0.000000 0.000000 0.781373
0.000000 0.000000 0.774709
0.000000 0.000000 0.767815
0.000000 0.000000 0.760687
0.000000 0.000000 0.753319
0.000000 0.000000 0.745707
0.000000 0.000000 0.737848
0.000000 0.000000 0.729737
0.000000 0.000000 0.721370
0.000000 0.000000 0.712746
0.000000 0.000000 0.703861
0.000000 0.000000 0.694713
0.000000 0.000000 0.685299
0.000000 0.000000 0.675619
0.000000 0.000000 0.665671
0.000000 0.000000 0.655454
0.000000 0.000000 0.644968
0.000000 0.000000 0.634213
0.000000 0.000000 0.623188
0.000000 0.000000 0.611894
0.000000 0.000000 0.600333
0.000000 0.000000 0.588506
0.000000 0.000000 0.576415
0.000000 0.000000 0.564062
0.000000 0.000000 0.551448
0.000000 0.000000 0.538579
0.000000 0.000000 0.525456
0.000000 0.000000 0.512083
0.000000 0.000000 0.498465
0.000000 0.000000 0.484605
0.000000 0.000000 0.470509
0.000000 0.000000 0.456182
0.000000 0.000000 0.441629
0.000000 0.000000 0.426856
0.000000 0.000000 0.411869
0.000000 0.000000 0.396675
0.000000 0.000000 0.381280
0.000000 0.000000 0.365691
0.000000 0.000000 0.349916
0.000000 0.000000 0.333962
0.000000 0.000000 0.317837
0.000000 0.000000 0.301549
0.000000 0.000000 0.285107
0.000000 0.000000 0.268519
0.000000 0.000000 0.251794
0.000000 0.000000 0.234941
0.000000 0.000000 0.217968
0.000000 0.000000 0.200886
0.000000 0.000000 0.183704
0.000000 0.000000 0.166431
0.000000 0.000000 0.149076
0.000000 0.000000 0.131651
0.000000 0.000000 0.114164
0.000000 0.000000 0.096626
0.000000 0.000000 0.079046
0.000000 0.000000 0.061435
0.000000 0.000000 0.043802
0.000000 0.000000 0.026158
0.000000 0.000000 0.008513
-0.000000 0.000000 -0.009124
-0.000000 0.000000 -0.026742
-0.000000 0.000000 -0.044331
-0.000000 0.000000 -0.061882
-0.000000 0.000000 -0.079385
-0.000000 0.000000 -0.096831
-0.000000 0.000000 -0.114209
-0.000000 0.000000 -0.131510
-0.000000 0.000000 -0.148726
-0.000000 0.000000 -0.165847
-0.000000 0.000000 -0.182865
-0.000000 0.000000 -0.199769
-0.000000 0.000000 -0.216553
-0.000000 0.000000 -0.233207
-0.000000 0.000000 -0.249724
-0.000000 0.000000 -0.266096
-0.000000 0.000000 -0.282314
-0.000000 0.000000 -0.298372
-0.000000 0.000000 -0.314262
-0.000000 0.000000 -0.329977
-0.000000 0.000000 -0.345511
-0.000000 0.000000 -0.360857
-0.000000 0.000000 -0.376009
-0.000000 0.000000 -0.390960
-0.000000 0.000000 -0.405706
-0.000000 0.000000 -0.420241
-0.000000 0.000000 -0.434559
-0.000000 0.000000 -0.448656
-0.000000 0.000000 -0.462527
-0.000000 0.000000 -0.476167
-0.000000 0.000000 -0.489574
-0.000000 0.000000 -0.502742
-0.000000 0.000000 -0.515669
-0.000000 0.000000 -0.528350
-0.000000 0.000000 -0.540783
-0.000000 0.000000 -0.552965
-0.000000 0.000000 -0.564894
-0.000000 0.000000 -0.576567
-0.000000 0.000000 -0.587982
-0.000000 0.000000 -0.599137
-0.000000 0.000000 -0.610030
-0.000000 0.000000 -0.620661
-0.000000 0.000000 -0.631027
-0.000000 0.000000 -0.641129
-0.000000 0.000000 -0.650964
-0.000000 0.000000 -0.660532
-0.000000 0.000000 -0.669834
-0.000000 0.000000 -0.678868
-0.000000 0.000000 -0.687634
-0.000000 0.000000 -0.696133
-0.000000 0.000000 -0.704365
-0.000000 0.000000 -0.712330
-0.000000 0.000000 -0.720028
-0.000000 0.000000 -0.727460
-0.000000 0.000000 -0.734627
-0.000000 0.000000 -0.741530
-0.000000 0.000000 -0.748169
-0.000000 0.000000 -0.754546
-0.000000 0.000000 -0.760662
-0.000000 0.000000 -0.766518
-0.000000 0.000000 -0.772114
-0.000000 0.000000 -0.777454
-0.000000 0.000000 -0.782537
-0.000000 0.000000 -0.787367
-0.000000 0.000000 -0.791943
-0.000000 0.000000 -0.796268
-0.000000 0.000000 -0.800343
-0.000000 0.000000 -0.804170
-0.000000 0.000000 -0.807751
-0.000000 0.000000 -0.811088
-0.000000 0.000000 -0.814182
-0.000000 0.000000 -0.817036
-0.000000 0.000000 -0.819650
-0.000000 0.000000 -0.822027
-0.000000 0.000000 -0.824169
-0.000000 0.000000 -0.826078
-0.000000 0.000000 -0.827756
-0.000000 0.000000 -0.829204
-0.000000 0.000000 -0.830424
-0.000000 0.000000 -0.831419
-0.000000 0.000000 -0.832191
-0.000000 0.000000 -0.832741
-0.000000 0.000000 -0.833164
-0.000000 0.000000 -0.833450
-0.000000 0.000000 -0.833496
-0.000000 0.000000 -0.833304
-0.000000 0.000000 -0.832875
-0.000000 0.000000 -0.832211
-0.000000 0.000000 -0.831314
-0.000000 0.000000 -0.830185
-0.000000 0.000000 -0.828828
-0.000000 0.000000 -0.827242
-0.000000 0.000000 -0.825430
-0.000000 0.000000 -0.823395
-0.000000 0.000000 -0.821136
-0.000000 0.000000 -0.818657
-0.000000 0.000000 -0.815959
-0.000000 0.000000 -0.813043
-0.000000 0.000000 -0.809911
-0.000000 0.000000 -0.806566
-0.000000 0.000000 -0.803008
-0.000000 0.000000 -0.799239
-0.000000 0.000000 -0.795261
-0.000000 0.000000 -0.791076
-0.000000 0.000000 -0.786685
-0.000000 0.000000 -0.782090
-0.000000 0.000000 -0.777293
-0.000000 0.000000 -0.772295
-0.000000 0.000000 -0.767098
-0.000000 0.000000 -0.761705
-0.000000 0.000000 -0.756115
-0.000000 0.000000 -0.750333
-0.000000 0.000000 -0.744358
-0.000000 0.000000 -0.738194
-0.000000 0.000000 -0.731841
-0.000000 0.000000 -0.725302
-0.000000 0.000000 -0.718578
-0.000000 0.000000 -0.711672
-0.000000 0.000000 -0.704586
-0.000000 0.000000 -0.697320
-0.000000 0.000000 -0.689878
-0.000000 0.000000 -0.682262
-0.000000 0.000000 -0.674472
-0.000000 0.000000 -0.666513
-0.000000 0.000000 -0.658384
-0.000000 0.000000 -0.650090
-0.000000 0.000000 -0.641631
-0.000000 0.000000 -0.633010
-0.000000 0.000000 -0.624230
-0.000000 0.000000 -0.615292
-0.000000 0.000000 -0.606199
-0.000000 0.000000 -0.596953
-0.000000 0.000000 -0.587556
-0.000000 0.000000 -0.578012
-0.000000 0.000000 -0.568322
-0.000000 0.000000 -0.558488
-0.000000 0.000000 -0.548514
-0.000000 0.000000 -0.538402
-0.000000 0.000000 -0.528154
-0.000000 0.000000 -0.517774
-0.000000 0.000000 -0.507262
-0.000000 0.000000 -0.496623
-0.000000 0.000000 -0.485859
-0.000000 0.000000 -0.474973
-0.000000 0.000000 -0.463967
-0.000000 0.000000 -0.452844
-0.000000 0.000000 -0.441608
-0.000000 0.000000 -0.430260
-0.000000 0.000000 -0.418803
-0.000000 0.000000 -0.407242
-0.000000 0.000000 -0.395578
-0.000000 0.000000 -0.383814
-0.000000 0.000000 -0.371953
-0.000000 0.000000 -0.359999
-0.000000 0.000000 -0.347955
-0.000000 0.000000 -0.335822
-0.000000 0.000000 -0.323605
-0.000000 0.000000 -0.311307
-0.000000 0.000000 -0.298930
-0.000000 0.000000 -0.286478
-0.000000 0.000000 -0.273954
-0.000000 0.000000 -0.261361
-0.000000 0.000000 -0.248703
-0.000000 0.000000 -0.235981
-0.000000 0.000000 -0.223200
-0.000000 0.000000 -0.210363
-0.000000 0.000000 -0.197473
-0.000000 0.000000 -0.184534
-0.000000 0.000000 -0.171547
-0.000000 0.000000 -0.158518
-0.000000 0.000000 -0.145449
-0.000000 0.000000 -0.132343
-0.000000 0.000000 -0.119204
-0.000000 0.000000 -0.106035
-0.000000 0.000000 -0.092839
-0.000000 0.000000 -0.079620
-0.000000 0.000000 -0.066380
-0.000000 0.000000 -0.053124
-0.000000 0.000000 -0.039855
-0.000000 0.000000 -0.026576
-0.000000 0.000000 -0.013289
0.000000 0.000000 0.000000
##END
