##TITLE= Waveform for axisymmetric diffusion encoding. b_delta = -0.5
##JCAMP-DX= 5.00 Bruker JCAMP library
##DATA TYPE= Shape Data
##ORIGIN= Bruker Analytik GmbH
##OWNER= <nmrsu>
##DATE= 2020-12-23
##TIME= 10:10:00
##MINX= 0
##MAXX= 1
##MINY= 0
##MAXY= 1
##$SHAPE_EXMODE= Gradient
##$SHAPE_TOTROT= 0
##$SHAPE_BWFAC= 0
##$SHAPE_INTEGFAC= 0
##$SHAPE_MODE= 0
##BFACTOR=2370833033.1228
##DURATION=0.015
##DIRECTIONVEC= 0 0 1
##NPOINTS=500
##XYDATA= (T X Y Z)
0.000000 0.000000 0.000000
0.026876 0.000000 0.000000
0.053724 0.000000 0.000000
0.080517 0.000000 0.000000
0.107227 0.000000 0.000000
0.133827 0.000001 0.000000
0.160289 0.000001 0.000000
0.186587 0.000002 0.000000
0.212693 0.000005 0.000000
0.238580 0.000009 0.000000
0.264223 0.000017 0.000000
0.289594 0.000030 0.000000
0.314667 0.000051 0.000000
0.339417 0.000081 0.000000
0.363818 0.000125 0.000000
0.387845 0.000187 0.000000
0.411474 0.000273 0.000000
0.434679 0.000390 0.000000
0.457439 0.000544 0.000000
0.479728 0.000744 0.000000
0.501524 0.001002 0.000000
0.522804 0.001327 0.000000
0.543547 0.001734 0.000000
0.563732 0.002236 0.000000
0.583336 0.002850 0.000000
0.602341 0.003593 0.000000
0.620726 0.004483 0.000000
0.638472 0.005541 0.000000
0.655560 0.006789 0.000000
0.671972 0.008251 0.000000
0.687692 0.009950 0.000000
0.702700 0.011912 0.000000
0.716982 0.014165 0.000000
0.730522 0.016735 0.000000
0.743302 0.019652 0.000000
0.755310 0.022945 0.000000
0.766528 0.026642 0.000000
0.776945 0.030774 0.000000
0.786544 0.035371 0.000000
0.795312 0.040461 0.000000
0.803236 0.046073 0.000000
0.810302 0.052236 0.000000
0.816497 0.058976 0.000000
0.821806 0.066318 0.000000
0.826217 0.074287 0.000000
0.829716 0.082903 0.000000
0.832289 0.092186 0.000000
0.833922 0.102152 0.000000
0.834601 0.112815 0.000000
0.834312 0.124186 0.000000
0.833471 0.136291 0.000000
0.832114 0.149147 0.000000
0.829848 0.162746 0.000000
0.826657 0.177087 0.000000
0.822525 0.192167 0.000000
0.817437 0.207979 0.000000
0.811377 0.224510 0.000000
0.804331 0.241743 0.000000
0.796284 0.259658 0.000000
0.787223 0.278230 0.000000
0.777135 0.297427 0.000000
0.766006 0.317214 0.000000
0.753827 0.337553 0.000000
0.740588 0.358399 0.000000
0.726280 0.379703 0.000000
0.710897 0.401412 0.000000
0.694434 0.423469 0.000000
0.676888 0.445811 0.000000
0.658259 0.468375 0.000000
0.638550 0.491092 0.000000
0.617767 0.513889 0.000000
0.595916 0.536692 0.000000
0.573012 0.559425 0.000000
0.549068 0.582009 0.000000
0.524104 0.604362 0.000000
0.498143 0.626405 0.000000
0.471212 0.648054 0.000000
0.443342 0.669229 0.000000
0.414570 0.689847 0.000000
0.384935 0.709828 0.000000
0.354481 0.729095 0.000000
0.323256 0.747570 0.000000
0.291314 0.765181 0.000000
0.258711 0.781856 0.000000
0.225508 0.797530 0.000000
0.191770 0.812140 0.000000
0.157563 0.825630 0.000000
0.122960 0.837947 0.000000
0.088033 0.849045 0.000000
0.052859 0.858885 0.000000
0.017516 0.867432 0.000000
-0.017916 0.874658 0.000000
-0.053357 0.880545 0.000000
-0.088725 0.885078 0.000000
-0.123939 0.888251 0.000000
-0.158918 0.890066 0.000000
-0.193583 0.890530 0.000000
-0.227855 0.889660 0.000000
-0.261657 0.887476 0.000000
-0.294916 0.884009 0.000000
-0.327562 0.879294 0.000000
-0.359527 0.873372 0.000000
-0.390748 0.866293 0.000000
-0.421167 0.858108 0.000000
-0.450729 0.848876 0.000000
-0.479385 0.838662 0.000000
-0.507092 0.827531 0.000000
-0.533813 0.815555 0.000000
-0.559514 0.802808 0.000000
-0.584171 0.789368 0.000000
-0.607763 0.775311 0.000000
-0.630276 0.760720 0.000000
-0.651705 0.745675 0.000000
-0.672046 0.730258 0.000000
-0.691306 0.714549 0.000000
-0.709495 0.698631 0.000000
-0.726631 0.682582 0.000000
-0.742736 0.666481 0.000000
-0.757839 0.650402 0.000000
-0.771974 0.634420 0.000000
-0.785180 0.618604 0.000000
-0.797500 0.603022 0.000000
-0.808982 0.587736 0.000000
-0.819680 0.572805 0.000000
-0.829649 0.558285 0.000000
-0.839148 0.543903 0.000000
-0.848398 0.529359 0.000000
-0.857395 0.514658 0.000000
-0.866138 0.499805 0.000000
-0.874624 0.484802 0.000000
-0.882849 0.469656 0.000000
-0.890813 0.454370 0.000000
-0.898512 0.438950 0.000000
-0.905943 0.423398 0.000000
-0.913106 0.407722 0.000000
-0.919998 0.391924 0.000000
-0.926616 0.376009 0.000000
-0.932959 0.359983 0.000000
-0.939025 0.343850 0.000000
-0.944811 0.327614 0.000000
-0.950318 0.311282 0.000000
-0.955541 0.294857 0.000000
-0.960481 0.278344 0.000000
-0.965136 0.261749 0.000000
-0.969504 0.245076 0.000000
-0.973584 0.228330 0.000000
-0.977374 0.211516 0.000000
-0.980875 0.194640 0.000000
-0.984084 0.177705 0.000000
-0.987000 0.160718 0.000000
-0.989624 0.143683 0.000000
-0.991953 0.126605 0.000000
-0.993988 0.109490 0.000000
-0.995727 0.092342 0.000000
-0.997171 0.075167 0.000000
-0.998318 0.057970 0.000000
-0.999169 0.040755 0.000000
-0.999723 0.023528 0.000000
-0.999980 0.006294 0.000000
-0.999940 -0.010941 0.000000
-0.999603 -0.028174 0.000000
-0.998969 -0.045398 0.000000
-0.998038 -0.062608 0.000000
-0.996811 -0.079800 0.000000
-0.995287 -0.096969 0.000000
-0.993468 -0.114108 0.000000
-0.991354 -0.131214 0.000000
-0.988945 -0.148280 0.000000
-0.986243 -0.165303 0.000000
-0.983247 -0.182276 0.000000
-0.979959 -0.199196 0.000000
-0.976381 -0.216056 0.000000
-0.972512 -0.232852 0.000000
-0.968354 -0.249578 0.000000
-0.963909 -0.266231 0.000000
-0.959177 -0.282805 0.000000
-0.954161 -0.299294 0.000000
-0.948860 -0.315695 0.000000
-0.943278 -0.332002 0.000000
-0.937416 -0.348210 0.000000
-0.931276 -0.364314 0.000000
-0.924858 -0.380311 0.000000
-0.918166 -0.396195 0.000000
-0.911201 -0.411960 0.000000
-0.903966 -0.427604 0.000000
-0.896462 -0.443120 0.000000
-0.888691 -0.458505 0.000000
-0.880657 -0.473754 0.000000
-0.872361 -0.488862 0.000000
-0.863806 -0.503824 0.000000
-0.854994 -0.518637 0.000000
-0.845928 -0.533296 0.000000
-0.836611 -0.547796 0.000000
-0.827046 -0.562134 0.000000
-0.817234 -0.576305 0.000000
-0.807180 -0.590304 0.000000
-0.796886 -0.604129 0.000000
-0.786356 -0.617773 0.000000
-0.775592 -0.631234 0.000000
-0.764597 -0.644508 0.000000
-0.753375 -0.657590 0.000000
-0.741930 -0.670477 0.000000
-0.730264 -0.683165 0.000000
-0.718381 -0.695649 0.000000
-0.706285 -0.707927 0.000000
-0.693978 -0.719995 0.000000
-0.681466 -0.731849 0.000000
-0.668751 -0.743485 0.000000
-0.655838 -0.754901 0.000000
-0.642730 -0.766092 0.000000
-0.629431 -0.777056 0.000000
-0.615944 -0.787789 0.000000
-0.602275 -0.798288 0.000000
-0.588427 -0.808549 0.000000
-0.574404 -0.818571 0.000000
-0.560211 -0.828349 0.000000
-0.545851 -0.837882 0.000000
-0.531329 -0.847165 0.000000
-0.516649 -0.856197 0.000000
-0.501816 -0.864974 0.000000
-0.486833 -0.873494 0.000000
-0.471706 -0.881755 0.000000
-0.456439 -0.889754 0.000000
-0.441036 -0.897489 0.000000
-0.425502 -0.904957 0.000000
-0.409842 -0.912156 0.000000
-0.394060 -0.919084 0.000000
-0.378161 -0.925739 0.000000
-0.362150 -0.932119 0.000000
-0.346031 -0.938223 0.000000
-0.329809 -0.944047 0.000000
-0.313489 -0.949591 0.000000
-0.297076 -0.954853 0.000000
-0.280575 -0.959831 0.000000
-0.263991 -0.964525 0.000000
-0.247328 -0.968931 0.000000
-0.230591 -0.973050 0.000000
-0.213787 -0.976880 0.000000
-0.196918 -0.980419 0.000000
-0.179991 -0.983668 0.000000
-0.163011 -0.986624 0.000000
-0.145982 -0.989287 0.000000
-0.128910 -0.991656 0.000000
-0.111799 -0.993730 0.000000
-0.094656 -0.995509 0.000000
-0.077484 -0.996993 0.000000
-0.060289 -0.998180 0.000000
-0.043077 -0.999071 0.000000
-0.025851 -0.999665 0.000000
-0.008618 -0.999962 0.000000
0.008618 -0.999962 0.000000
0.025851 -0.999665 0.000000
0.043077 -0.999071 0.000000
0.060289 -0.998180 0.000000
0.077484 -0.996993 0.000000
0.094656 -0.995509 0.000000
0.111799 -0.993730 0.000000
0.128910 -0.991656 0.000000
0.145982 -0.989287 0.000000
0.163011 -0.986624 0.000000
0.179991 -0.983668 0.000000
0.196918 -0.980419 0.000000
0.213787 -0.976880 0.000000
0.230591 -0.973050 0.000000
0.247328 -0.968931 0.000000
0.263991 -0.964525 0.000000
0.280575 -0.959831 0.000000
0.297076 -0.954853 0.000000
0.313489 -0.949591 0.000000
0.329809 -0.944047 0.000000
0.346031 -0.938223 0.000000
0.362150 -0.932119 0.000000
0.378161 -0.925739 0.000000
0.394060 -0.919084 0.000000
0.409842 -0.912156 0.000000
0.425502 -0.904957 0.000000
0.441036 -0.897489 0.000000
0.456439 -0.889754 0.000000
0.471706 -0.881755 0.000000
0.486833 -0.873494 0.000000
0.501816 -0.864974 0.000000
0.516649 -0.856197 0.000000
0.531329 -0.847165 0.000000
0.545851 -0.837882 0.000000
0.560211 -0.828349 0.000000
0.574404 -0.818571 0.000000
0.588427 -0.808549 0.000000
0.602275 -0.798288 0.000000
0.615944 -0.787789 0.000000
0.629431 -0.777056 0.000000
0.642730 -0.766092 0.000000
0.655838 -0.754901 0.000000
0.668751 -0.743485 0.000000
0.681466 -0.731849 0.000000
0.693978 -0.719995 0.000000
0.706285 -0.707927 0.000000
0.718381 -0.695649 0.000000
0.730264 -0.683165 0.000000
0.741930 -0.670477 0.000000
0.753375 -0.657590 0.000000
0.764597 -0.644508 0.000000
0.775592 -0.631234 0.000000
0.786356 -0.617773 0.000000
0.796886 -0.604129 0.000000
0.807180 -0.590304 0.000000
0.817234 -0.576305 0.000000
0.827046 -0.562134 0.000000
0.836611 -0.547796 0.000000
0.845928 -0.533296 0.000000
0.854994 -0.518637 0.000000
0.863806 -0.503824 0.000000
0.872361 -0.488862 0.000000
0.880657 -0.473754 0.000000
0.888691 -0.458505 0.000000
0.896462 -0.443120 0.000000
0.903966 -0.427604 0.000000
0.911201 -0.411960 0.000000
0.918166 -0.396195 0.000000
0.924858 -0.380311 0.000000
0.931276 -0.364314 0.000000
0.937416 -0.348210 0.000000
0.943278 -0.332002 0.000000
0.948860 -0.315695 0.000000
0.954161 -0.299294 0.000000
0.959177 -0.282805 0.000000
0.963909 -0.266231 0.000000
0.968354 -0.249578 0.000000
0.972512 -0.232852 0.000000
0.976381 -0.216056 0.000000
0.979959 -0.199196 0.000000
0.983247 -0.182276 0.000000
0.986243 -0.165303 0.000000
0.988945 -0.148280 0.000000
0.991354 -0.131214 0.000000
0.993468 -0.114108 0.000000
0.995287 -0.096969 0.000000
0.996811 -0.079800 0.000000
0.998038 -0.062608 0.000000
0.998969 -0.045398 0.000000
0.999603 -0.028174 0.000000
0.999940 -0.010941 0.000000
0.999980 0.006294 0.000000
0.999723 0.023528 0.000000
0.999169 0.040755 0.000000
0.998318 0.057970 0.000000
0.997171 0.075167 0.000000
0.995727 0.092342 0.000000
0.993988 0.109490 0.000000
0.991953 0.126605 0.000000
0.989624 0.143683 0.000000
0.987000 0.160718 0.000000
0.984084 0.177705 0.000000
0.980875 0.194640 0.000000
0.977374 0.211516 0.000000
0.973584 0.228330 0.000000
0.969504 0.245076 0.000000
0.965136 0.261749 0.000000
0.960481 0.278344 0.000000
0.955541 0.294857 0.000000
0.950318 0.311282 0.000000
0.944811 0.327614 0.000000
0.939025 0.343850 0.000000
0.932959 0.359983 0.000000
0.926616 0.376009 0.000000
0.919998 0.391924 0.000000
0.913106 0.407722 0.000000
0.905943 0.423398 0.000000
0.898512 0.438950 0.000000
0.890813 0.454370 0.000000
0.882849 0.469656 0.000000
0.874624 0.484802 0.000000
0.866138 0.499805 0.000000
0.857395 0.514658 0.000000
0.848398 0.529359 0.000000
0.839148 0.543903 0.000000
0.829649 0.558285 0.000000
0.819680 0.572805 -0.000000
0.808982 0.587736 -0.000000
0.797500 0.603022 -0.000000
0.785180 0.618604 -0.000000
0.771974 0.634420 -0.000000
0.757839 0.650402 -0.000000
0.742736 0.666481 -0.000000
0.726631 0.682582 -0.000000
0.709495 0.698631 -0.000000
0.691306 0.714549 -0.000000
0.672046 0.730258 -0.000000
0.651705 0.745675 -0.000000
0.630276 0.760720 -0.000000
0.607763 0.775311 -0.000000
0.584171 0.789368 -0.000000
0.559514 0.802808 -0.000000
0.533813 0.815555 -0.000000
0.507092 0.827531 -0.000000
0.479385 0.838662 -0.000000
0.450729 0.848876 -0.000000
0.421167 0.858108 -0.000000
0.390748 0.866293 -0.000000
0.359527 0.873372 -0.000000
0.327562 0.879294 -0.000000
0.294916 0.884009 -0.000000
0.261657 0.887476 -0.000000
0.227855 0.889660 -0.000000
0.193583 0.890530 -0.000000
0.158918 0.890066 -0.000000
0.123939 0.888251 -0.000000
0.088725 0.885078 -0.000000
0.053357 0.880545 -0.000000
0.017916 0.874658 -0.000000
-0.017516 0.867432 -0.000000
-0.052859 0.858885 -0.000000
-0.088033 0.849045 -0.000000
-0.122960 0.837947 -0.000000
-0.157563 0.825630 -0.000000
-0.191770 0.812140 -0.000000
-0.225508 0.797530 -0.000000
-0.258711 0.781856 -0.000000
-0.291314 0.765181 -0.000000
-0.323256 0.747570 -0.000000
-0.354481 0.729095 -0.000000
-0.384935 0.709828 -0.000000
-0.414570 0.689847 -0.000000
-0.443342 0.669229 -0.000000
-0.471212 0.648054 -0.000000
-0.498143 0.626405 -0.000000
-0.524104 0.604362 -0.000000
-0.549068 0.582009 -0.000000
-0.573012 0.559425 -0.000000
-0.595916 0.536692 -0.000000
-0.617767 0.513889 -0.000000
-0.638550 0.491092 -0.000000
-0.658259 0.468375 -0.000000
-0.676888 0.445811 -0.000000
-0.694434 0.423469 -0.000000
-0.710897 0.401412 -0.000000
-0.726280 0.379703 -0.000000
-0.740588 0.358399 -0.000000
-0.753827 0.337553 -0.000000
-0.766006 0.317214 -0.000000
-0.777135 0.297427 -0.000000
-0.787223 0.278230 -0.000000
-0.796284 0.259658 -0.000000
-0.804331 0.241743 -0.000000
-0.811377 0.224510 -0.000000
-0.817437 0.207979 -0.000000
-0.822525 0.192167 -0.000000
-0.826657 0.177087 -0.000000
-0.829848 0.162746 -0.000000
-0.832114 0.149147 -0.000000
-0.833471 0.136291 -0.000000
-0.834312 0.124186 -0.000000
-0.834601 0.112815 -0.000000
-0.833922 0.102152 -0.000000
-0.832289 0.092186 -0.000000
-0.829716 0.082903 -0.000000
-0.826217 0.074287 -0.000000
-0.821806 0.066318 -0.000000
-0.816497 0.058976 -0.000000
-0.810302 0.052236 -0.000000
-0.803236 0.046073 -0.000000
-0.795312 0.040461 -0.000000
-0.786544 0.035371 -0.000000
-0.776945 0.030774 -0.000000
-0.766528 0.026642 -0.000000
-0.755310 0.022945 -0.000000
-0.743302 0.019652 -0.000000
-0.730522 0.016735 -0.000000
-0.716982 0.014165 -0.000000
-0.702700 0.011912 -0.000000
-0.687692 0.009950 -0.000000
-0.671972 0.008251 -0.000000
-0.655560 0.006789 -0.000000
-0.638472 0.005541 -0.000000
-0.620726 0.004483 -0.000000
-0.602341 0.003593 -0.000000
-0.583336 0.002850 -0.000000
-0.563732 0.002236 -0.000000
-0.543547 0.001734 -0.000000
-0.522804 0.001327 -0.000000
-0.501524 0.001002 -0.000000
-0.479728 0.000744 -0.000000
-0.457439 0.000544 -0.000000
-0.434679 0.000390 -0.000000
-0.411474 0.000273 -0.000000
-0.387845 0.000187 -0.000000
-0.363818 0.000125 -0.000000
-0.339417 0.000081 -0.000000
-0.314667 0.000051 -0.000000
-0.289594 0.000030 -0.000000
-0.264223 0.000017 -0.000000
-0.238580 0.000009 -0.000000
-0.212693 0.000005 -0.000000
-0.186587 0.000002 -0.000000
-0.160289 0.000001 -0.000000
-0.133827 0.000001 -0.000000
-0.107227 0.000000 -0.000000
-0.080517 0.000000 -0.000000
-0.053724 0.000000 -0.000000
-0.026876 0.000000 -0.000000
0.000000 0.000000 0.000000
##END
