##TITLE= dor_1
##JCAMP-DX= 5.00 Bruker JCAMP library
##DATA TYPE= Shape Data
##ORIGIN= Bruker Analytik GmbH
##OWNER= <nmrsu>
##DATE= 2023-02-28
##TIME= 12:03:13
##MINX= 0
##MAXX= 1
##MINY= 0
##MAXY= 1
##$SHAPE_EXMODE= Gradient
##$SHAPE_TOTROT= 0
##$SHAPE_BWFAC= 0
##$SHAPE_INTEGFAC= 0
##$SHAPE_MODE= 0
##EFFIFACTOR=0.0026642
##DURATION=0.01
##DIRECTIONVEC= 0 0 1
##NPOINTS=500
##XYDATA= (X Y Z)
0.000000 0.000000 0.000000
0.055809 0.000000 0.111636
0.110916 0.000001 0.221869
0.164629 0.000004 0.329311
0.216271 0.000017 0.432612
0.265193 0.000057 0.530473
0.310781 0.000152 0.621662
0.352460 0.000353 0.705034
0.389706 0.000728 0.779540
0.422052 0.001367 0.844242
0.449089 0.002380 0.898327
0.470476 0.003887 0.941115
0.485943 0.006009 0.972066
0.495291 0.008859 0.990790
0.499185 0.012531 0.998622
0.499837 0.017117 1.000000
0.499321 0.022714 0.999087
0.498144 0.029411 0.996922
0.496206 0.037290 0.993328
0.493489 0.046417 0.988305
0.489976 0.056853 0.981860
0.485643 0.068642 0.973999
0.480466 0.081815 0.964729
0.474416 0.096389 0.954062
0.467458 0.112364 0.942008
0.459555 0.129724 0.928582
0.450668 0.148436 0.913798
0.440751 0.168448 0.897672
0.429760 0.189693 0.880223
0.417646 0.212083 0.861472
0.404362 0.235515 0.841441
0.389860 0.259869 0.820156
0.374094 0.285009 0.797643
0.357024 0.310782 0.773936
0.338612 0.337025 0.749069
0.318829 0.363559 0.723080
0.297654 0.390198 0.696015
0.275075 0.416744 0.667922
0.251092 0.442997 0.638854
0.225720 0.468748 0.608871
0.198984 0.493791 0.578039
0.170927 0.517918 0.546428
0.141607 0.540928 0.514117
0.111097 0.562624 0.481187
0.079486 0.582819 0.447727
0.046879 0.601338 0.413833
0.013395 0.618021 0.379603
-0.020833 0.632724 0.345141
-0.055660 0.645324 0.310555
-0.090929 0.655715 0.275956
-0.126477 0.663817 0.241457
-0.162134 0.669572 0.207173
-0.197725 0.672947 0.173219
-0.233077 0.673931 0.139711
-0.268014 0.672542 0.106761
-0.302368 0.668820 0.074481
-0.335977 0.662826 0.042977
-0.368687 0.654649 0.012353
-0.400357 0.644393 -0.017294
-0.430858 0.632184 -0.045874
-0.460080 0.618164 -0.073303
-0.487927 0.602489 -0.099506
-0.514323 0.585326 -0.124415
-0.539211 0.566853 -0.147973
-0.562553 0.547251 -0.170133
-0.584334 0.526709 -0.190855
-0.604556 0.505413 -0.210112
-0.623244 0.483549 -0.227888
-0.640439 0.461299 -0.244174
-0.656202 0.438837 -0.258974
-0.670612 0.416330 -0.272302
-0.683761 0.393932 -0.284183
-0.695758 0.371788 -0.294648
-0.706725 0.350026 -0.303742
-0.716804 0.328646 -0.311664
-0.726145 0.307398 -0.318901
-0.734839 0.285993 -0.325917
-0.742902 0.264343 -0.332864
-0.750327 0.242465 -0.339739
-0.757109 0.220380 -0.346541
-0.763240 0.198105 -0.353269
-0.768716 0.175660 -0.359921
-0.773532 0.153065 -0.366496
-0.777684 0.130338 -0.372992
-0.781169 0.107499 -0.379408
-0.783983 0.084568 -0.385743
-0.786124 0.061564 -0.391995
-0.787590 0.038508 -0.398162
-0.788380 0.015418 -0.404245
-0.788493 -0.007685 -0.410240
-0.787930 -0.030781 -0.416148
-0.786690 -0.053851 -0.421966
-0.784774 -0.076874 -0.427693
-0.782186 -0.099832 -0.433329
-0.778925 -0.122704 -0.438872
-0.774996 -0.145470 -0.444321
-0.770402 -0.168112 -0.449674
-0.765146 -0.190609 -0.454931
-0.759234 -0.212943 -0.460090
-0.752670 -0.235094 -0.465150
-0.745459 -0.257043 -0.470111
-0.737609 -0.278771 -0.474970
-0.729126 -0.300261 -0.479728
-0.720016 -0.321492 -0.484383
-0.710289 -0.342447 -0.488934
-0.699952 -0.363109 -0.493380
-0.689014 -0.383459 -0.497720
-0.677484 -0.403479 -0.501953
-0.665373 -0.423154 -0.506078
-0.652691 -0.442465 -0.510095
-0.639449 -0.461396 -0.514002
-0.625657 -0.479931 -0.517799
-0.611329 -0.498054 -0.521485
-0.596476 -0.515750 -0.525059
-0.581110 -0.533002 -0.528521
-0.565246 -0.549798 -0.531868
-0.548897 -0.566121 -0.535102
-0.532076 -0.581958 -0.538221
-0.514799 -0.597296 -0.541224
-0.497080 -0.612121 -0.544112
-0.478934 -0.626421 -0.546882
-0.460377 -0.640183 -0.549535
-0.441424 -0.653395 -0.552070
-0.422093 -0.666046 -0.554487
-0.402400 -0.678126 -0.556784
-0.382361 -0.689624 -0.558963
-0.361994 -0.700529 -0.561021
-0.341316 -0.710833 -0.562959
-0.320345 -0.720527 -0.564775
-0.299099 -0.729603 -0.566471
-0.277596 -0.738052 -0.568045
-0.255855 -0.745868 -0.569498
-0.233895 -0.753043 -0.570828
-0.211733 -0.759572 -0.572035
-0.189390 -0.765449 -0.573120
-0.166885 -0.770669 -0.574082
-0.144236 -0.775227 -0.574920
-0.121463 -0.779120 -0.575635
-0.098586 -0.782344 -0.576227
-0.075624 -0.784896 -0.576695
-0.052598 -0.786774 -0.577039
-0.029526 -0.787978 -0.577259
-0.006429 -0.788504 -0.577356
0.016674 -0.788354 -0.577328
0.039762 -0.787527 -0.577177
0.062816 -0.786025 -0.576902
0.085817 -0.783847 -0.576503
0.108743 -0.780996 -0.575980
0.131576 -0.777476 -0.575333
0.154297 -0.773287 -0.574564
0.176884 -0.768435 -0.573670
0.199320 -0.762923 -0.572654
0.221585 -0.756757 -0.571515
0.243660 -0.749940 -0.570253
0.265525 -0.742480 -0.568869
0.287163 -0.734383 -0.567362
0.308554 -0.725655 -0.565734
0.329680 -0.716304 -0.563985
0.350523 -0.706338 -0.562114
0.371066 -0.695766 -0.560123
0.391289 -0.684597 -0.558011
0.411177 -0.672840 -0.555780
0.430712 -0.660506 -0.553430
0.449877 -0.647604 -0.550960
0.468656 -0.634147 -0.548373
0.487033 -0.620145 -0.545668
0.504991 -0.605611 -0.542846
0.522517 -0.590557 -0.539907
0.539593 -0.574996 -0.536852
0.556206 -0.558941 -0.533682
0.572342 -0.542407 -0.530398
0.587987 -0.525407 -0.526999
0.603127 -0.507956 -0.523488
0.617749 -0.490068 -0.519864
0.631841 -0.471761 -0.516129
0.645390 -0.453048 -0.512283
0.658385 -0.433946 -0.508327
0.670815 -0.414472 -0.504262
0.682670 -0.394642 -0.500089
0.693938 -0.374473 -0.495808
0.704611 -0.353983 -0.491421
0.714679 -0.333189 -0.486928
0.724133 -0.312109 -0.482331
0.732966 -0.290761 -0.477631
0.741169 -0.269164 -0.472828
0.748736 -0.247335 -0.467923
0.755661 -0.225294 -0.462918
0.761937 -0.203060 -0.457814
0.767558 -0.180651 -0.452611
0.772521 -0.158087 -0.447312
0.776821 -0.135388 -0.441916
0.780454 -0.112572 -0.436425
0.783417 -0.089660 -0.430841
0.785707 -0.066670 -0.425165
0.787323 -0.043624 -0.419397
0.788263 -0.020540 -0.413539
0.788526 0.002562 -0.407592
0.788113 0.025661 -0.401558
0.787023 0.048738 -0.395437
0.785257 0.071774 -0.389232
0.782818 0.094748 -0.382943
0.779706 0.117640 -0.376573
0.775925 0.140432 -0.370121
0.771478 0.163103 -0.363590
0.766368 0.185634 -0.356980
0.760601 0.208006 -0.350295
0.754181 0.230199 -0.343533
0.747114 0.252194 -0.336699
0.739405 0.273973 -0.329792
0.731061 0.295517 -0.322814
0.722090 0.316807 -0.315767
0.712499 0.337825 -0.308652
0.702296 0.358554 -0.301471
0.691491 0.378974 -0.294225
0.680091 0.399069 -0.286916
0.668109 0.418822 -0.279546
0.655552 0.438215 -0.272115
0.642433 0.457231 -0.264626
0.628762 0.475856 -0.257081
0.614552 0.494072 -0.249480
0.599814 0.511863 -0.241825
0.584561 0.529216 -0.234119
0.568806 0.546114 -0.226362
0.552563 0.562543 -0.218557
0.535846 0.578489 -0.210705
0.518669 0.593939 -0.202808
0.501046 0.608879 -0.194867
0.482994 0.623296 -0.186885
0.464526 0.637178 -0.178862
0.445660 0.650513 -0.170801
0.426412 0.663290 -0.162703
0.406797 0.675497 -0.154570
0.386833 0.687125 -0.146404
0.366537 0.698163 -0.138207
0.345927 0.708601 -0.129980
0.325019 0.718431 -0.121725
0.303833 0.727644 -0.113444
0.282386 0.736233 -0.105139
0.260696 0.744190 -0.096811
0.238782 0.751508 -0.088463
0.216664 0.758180 -0.080095
0.194359 0.764202 -0.071710
0.171888 0.769568 -0.063310
0.149269 0.774273 -0.054896
0.126522 0.778314 -0.046470
0.103667 0.781687 -0.038035
0.080722 0.784388 -0.029591
0.057708 0.786416 -0.021141
0.034645 0.787769 -0.012686
0.011552 0.788446 -0.004229
-0.011552 0.788446 0.004229
-0.034645 0.787769 0.012686
-0.057708 0.786416 0.021141
-0.080722 0.784388 0.029591
-0.103667 0.781687 0.038035
-0.126522 0.778314 0.046470
-0.149269 0.774273 0.054896
-0.171888 0.769568 0.063310
-0.194359 0.764202 0.071710
-0.216664 0.758180 0.080095
-0.238782 0.751508 0.088463
-0.260696 0.744190 0.096811
-0.282386 0.736233 0.105139
-0.303833 0.727644 0.113444
-0.325019 0.718431 0.121725
-0.345927 0.708601 0.129980
-0.366537 0.698163 0.138207
-0.386833 0.687125 0.146404
-0.406797 0.675497 0.154570
-0.426412 0.663290 0.162703
-0.445660 0.650513 0.170801
-0.464526 0.637178 0.178862
-0.482994 0.623296 0.186885
-0.501046 0.608879 0.194867
-0.518669 0.593939 0.202808
-0.535846 0.578489 0.210705
-0.552563 0.562543 0.218557
-0.568806 0.546114 0.226362
-0.584561 0.529216 0.234119
-0.599814 0.511863 0.241825
-0.614552 0.494072 0.249480
-0.628762 0.475856 0.257081
-0.642433 0.457231 0.264626
-0.655552 0.438215 0.272115
-0.668109 0.418822 0.279546
-0.680091 0.399069 0.286916
-0.691491 0.378974 0.294225
-0.702296 0.358554 0.301471
-0.712499 0.337825 0.308652
-0.722090 0.316807 0.315767
-0.731061 0.295517 0.322814
-0.739405 0.273973 0.329792
-0.747114 0.252194 0.336699
-0.754181 0.230199 0.343533
-0.760601 0.208006 0.350295
-0.766368 0.185634 0.356980
-0.771478 0.163103 0.363590
-0.775925 0.140432 0.370121
-0.779706 0.117640 0.376573
-0.782818 0.094748 0.382943
-0.785257 0.071774 0.389232
-0.787023 0.048738 0.395437
-0.788113 0.025661 0.401558
-0.788526 0.002562 0.407592
-0.788263 -0.020540 0.413539
-0.787323 -0.043624 0.419397
-0.785707 -0.066670 0.425165
-0.783417 -0.089660 0.430841
-0.780454 -0.112572 0.436425
-0.776821 -0.135388 0.441916
-0.772521 -0.158087 0.447312
-0.767558 -0.180651 0.452611
-0.761937 -0.203060 0.457814
-0.755661 -0.225294 0.462918
-0.748736 -0.247335 0.467923
-0.741169 -0.269164 0.472828
-0.732966 -0.290761 0.477631
-0.724133 -0.312109 0.482331
-0.714679 -0.333189 0.486928
-0.704611 -0.353983 0.491421
-0.693938 -0.374473 0.495808
-0.682670 -0.394642 0.500089
-0.670815 -0.414472 0.504262
-0.658385 -0.433946 0.508327
-0.645390 -0.453048 0.512283
-0.631841 -0.471761 0.516129
-0.617749 -0.490068 0.519864
-0.603127 -0.507956 0.523488
-0.587987 -0.525407 0.526999
-0.572342 -0.542407 0.530398
-0.556206 -0.558941 0.533682
-0.539593 -0.574996 0.536852
-0.522517 -0.590557 0.539907
-0.504991 -0.605611 0.542846
-0.487033 -0.620145 0.545668
-0.468656 -0.634147 0.548373
-0.449877 -0.647604 0.550960
-0.430712 -0.660506 0.553430
-0.411177 -0.672840 0.555780
-0.391289 -0.684597 0.558011
-0.371066 -0.695766 0.560123
-0.350523 -0.706338 0.562114
-0.329680 -0.716304 0.563985
-0.308554 -0.725655 0.565734
-0.287163 -0.734383 0.567362
-0.265525 -0.742480 0.568869
-0.243660 -0.749940 0.570253
-0.221585 -0.756757 0.571515
-0.199320 -0.762923 0.572654
-0.176884 -0.768435 0.573670
-0.154297 -0.773287 0.574564
-0.131576 -0.777476 0.575333
-0.108743 -0.780996 0.575980
-0.085817 -0.783847 0.576503
-0.062816 -0.786025 0.576902
-0.039762 -0.787527 0.577177
-0.016674 -0.788354 0.577328
0.006429 -0.788504 0.577356
0.029526 -0.787978 0.577259
0.052598 -0.786774 0.577039
0.075624 -0.784896 0.576695
0.098586 -0.782344 0.576227
0.121463 -0.779120 0.575635
0.144236 -0.775227 0.574920
0.166885 -0.770669 0.574082
0.189390 -0.765449 0.573120
0.211733 -0.759572 0.572035
0.233895 -0.753043 0.570828
0.255855 -0.745868 0.569498
0.277596 -0.738052 0.568045
0.299099 -0.729603 0.566471
0.320345 -0.720527 0.564775
0.341316 -0.710833 0.562959
0.361994 -0.700529 0.561021
0.382361 -0.689624 0.558963
0.402400 -0.678126 0.556784
0.422093 -0.666046 0.554487
0.441424 -0.653395 0.552070
0.460377 -0.640183 0.549535
0.478934 -0.626421 0.546882
0.497080 -0.612121 0.544112
0.514799 -0.597296 0.541224
0.532076 -0.581958 0.538221
0.548897 -0.566121 0.535102
0.565246 -0.549798 0.531868
0.581110 -0.533002 0.528521
0.596476 -0.515750 0.525059
0.611329 -0.498054 0.521485
0.625657 -0.479931 0.517799
0.639449 -0.461396 0.514002
0.652691 -0.442465 0.510095
0.665373 -0.423154 0.506078
0.677484 -0.403479 0.501953
0.689014 -0.383459 0.497720
0.699952 -0.363109 0.493380
0.710289 -0.342447 0.488934
0.720016 -0.321492 0.484383
0.729126 -0.300261 0.479728
0.737609 -0.278771 0.474970
0.745459 -0.257043 0.470111
0.752670 -0.235094 0.465150
0.759234 -0.212943 0.460090
0.765146 -0.190609 0.454931
0.770402 -0.168112 0.449674
0.774996 -0.145470 0.444321
0.778925 -0.122704 0.438872
0.782186 -0.099832 0.433329
0.784774 -0.076874 0.427693
0.786690 -0.053851 0.421966
0.787930 -0.030781 0.416148
0.788493 -0.007685 0.410240
0.788380 0.015418 0.404245
0.787590 0.038508 0.398162
0.786124 0.061564 0.391995
0.783983 0.084568 0.385743
0.781169 0.107499 0.379408
0.777684 0.130338 0.372992
0.773532 0.153065 0.366496
0.768716 0.175660 0.359921
0.763240 0.198105 0.353269
0.757109 0.220380 0.346541
0.750327 0.242465 0.339739
0.742902 0.264343 0.332864
0.734839 0.285993 0.325917
0.726145 0.307398 0.318901
0.716804 0.328646 0.311664
0.706725 0.350026 0.303742
0.695758 0.371788 0.294648
0.683761 0.393932 0.284183
0.670612 0.416330 0.272302
0.656202 0.438837 0.258974
0.640439 0.461299 0.244174
0.623244 0.483549 0.227888
0.604556 0.505413 0.210112
0.584334 0.526709 0.190855
0.562553 0.547251 0.170133
0.539211 0.566853 0.147973
0.514323 0.585326 0.124415
0.487927 0.602489 0.099506
0.460080 0.618164 0.073303
0.430858 0.632184 0.045874
0.400357 0.644393 0.017294
0.368687 0.654649 -0.012353
0.335977 0.662826 -0.042977
0.302368 0.668820 -0.074481
0.268014 0.672542 -0.106761
0.233077 0.673931 -0.139711
0.197725 0.672947 -0.173219
0.162134 0.669572 -0.207173
0.126477 0.663817 -0.241457
0.090929 0.655715 -0.275956
0.055660 0.645324 -0.310555
0.020833 0.632724 -0.345141
-0.013395 0.618021 -0.379603
-0.046879 0.601338 -0.413833
-0.079486 0.582819 -0.447727
-0.111097 0.562624 -0.481187
-0.141607 0.540928 -0.514117
-0.170927 0.517918 -0.546428
-0.198984 0.493791 -0.578039
-0.225720 0.468748 -0.608871
-0.251092 0.442997 -0.638854
-0.275075 0.416744 -0.667922
-0.297654 0.390198 -0.696015
-0.318829 0.363559 -0.723080
-0.338612 0.337025 -0.749069
-0.357024 0.310782 -0.773936
-0.374094 0.285009 -0.797643
-0.389860 0.259869 -0.820156
-0.404362 0.235515 -0.841441
-0.417646 0.212083 -0.861472
-0.429760 0.189693 -0.880223
-0.440751 0.168448 -0.897672
-0.450668 0.148436 -0.913798
-0.459555 0.129724 -0.928582
-0.467458 0.112364 -0.942008
-0.474416 0.096389 -0.954062
-0.480466 0.081815 -0.964729
-0.485643 0.068642 -0.973999
-0.489976 0.056853 -0.981860
-0.493489 0.046417 -0.988305
-0.496206 0.037290 -0.993328
-0.498144 0.029411 -0.996922
-0.499321 0.022714 -0.999087
-0.499837 0.017117 -1.000000
-0.499185 0.012531 -0.998622
-0.495291 0.008859 -0.990790
-0.485943 0.006009 -0.972066
-0.470476 0.003887 -0.941115
-0.449089 0.002380 -0.898327
-0.422052 0.001367 -0.844242
-0.389706 0.000728 -0.779540
-0.352460 0.000353 -0.705034
-0.310781 0.000152 -0.621662
-0.265193 0.000057 -0.530473
-0.216271 0.000017 -0.432612
-0.164629 0.000004 -0.329311
-0.110916 0.000001 -0.221869
-0.055809 0.000000 -0.111636
0.000000 0.000000 0.000000
##END
