##TITLE= dor_0
##JCAMP-DX= 5.00 Bruker JCAMP library
##DATA TYPE= Shape Data
##ORIGIN= Bruker Analytik GmbH
##OWNER= <nmrsu>
##DATE= 2023-02-28
##TIME= 12:03:10
##MINX= 0
##MAXX= 1
##MINY= 0
##MAXY= 1
##$SHAPE_EXMODE= Gradient
##$SHAPE_TOTROT= 0
##$SHAPE_BWFAC= 0
##$SHAPE_INTEGFAC= 0
##$SHAPE_MODE= 0
##EFFIFACTOR=0.0053189
##DURATION=0.01
##DIRECTIONVEC= 0 0 1
##NPOINTS=500
##XYDATA= (X Y Z)
0.000000 0.000000 0.000000
0.111628 0.000000 0.111609
0.221851 0.000000 0.221815
0.329285 0.000003 0.329232
0.432578 0.000013 0.432508
0.530431 0.000041 0.530345
0.621614 0.000112 0.621513
0.704979 0.000258 0.704864
0.779479 0.000533 0.779352
0.844176 0.001001 0.844039
0.898257 0.001742 0.898112
0.941041 0.002845 0.940890
0.971989 0.004399 0.971836
0.990712 0.006485 0.990561
0.998543 0.009173 0.998401
0.999921 0.012531 0.999795
0.999009 0.016628 0.998910
0.996844 0.021532 0.996788
0.993250 0.027300 0.993257
0.988228 0.033984 0.988328
0.981783 0.041626 0.982015
0.973922 0.050261 0.974336
0.964653 0.059912 0.965312
0.953987 0.070593 0.954969
0.941934 0.082306 0.943336
0.928509 0.095041 0.930446
0.913726 0.108779 0.916337
0.897601 0.123486 0.901047
0.880154 0.139116 0.884620
0.861405 0.155615 0.867103
0.841375 0.172915 0.848545
0.820091 0.190937 0.829000
0.797581 0.209594 0.808521
0.773875 0.228788 0.787169
0.749010 0.248415 0.765002
0.723024 0.268363 0.742083
0.695961 0.288512 0.718479
0.667869 0.308742 0.694255
0.638804 0.328927 0.669481
0.608823 0.348939 0.644226
0.577994 0.368652 0.618562
0.546385 0.387941 0.592563
0.514076 0.406681 0.566300
0.481149 0.424756 0.539850
0.447692 0.442053 0.513287
0.413800 0.458467 0.486686
0.379573 0.473900 0.460123
0.345114 0.488268 0.433672
0.310531 0.501492 0.407410
0.275934 0.513510 0.381410
0.241438 0.524268 0.355747
0.207157 0.533730 0.330492
0.173206 0.541868 0.305717
0.139700 0.548671 0.281494
0.106753 0.554143 0.257889
0.074475 0.558297 0.234971
0.042974 0.561165 0.212804
0.012352 0.562787 0.191451
-0.017293 0.563219 0.170973
-0.045870 0.562526 0.151427
-0.073297 0.560787 0.132870
-0.099498 0.558087 0.115353
-0.124405 0.554522 0.098926
-0.147962 0.550196 0.083636
-0.170119 0.545218 0.069526
-0.190840 0.539703 0.056637
-0.210096 0.533772 0.045004
-0.227870 0.527545 0.034661
-0.244155 0.521148 0.025637
-0.258954 0.514704 0.017957
-0.272281 0.508338 0.011644
-0.284160 0.502174 0.006715
-0.294625 0.496330 0.003185
-0.303718 0.490925 0.001062
-0.311639 0.485971 0.000177
-0.318876 0.481260 0.000000
-0.325892 0.476537 0.000000
-0.332838 0.471712 0.000000
-0.339712 0.466785 0.000000
-0.346514 0.461759 0.000000
-0.353241 0.456633 0.000000
-0.359893 0.451409 0.000000
-0.366467 0.446088 0.000000
-0.372963 0.440672 0.000000
-0.379378 0.435161 0.000000
-0.385712 0.429557 0.000000
-0.391964 0.423860 0.000000
-0.398131 0.418073 0.000000
-0.404213 0.412195 0.000000
-0.410208 0.406230 0.000000
-0.416115 0.400177 0.000000
-0.421933 0.394038 0.000000
-0.427660 0.387814 0.000000
-0.433295 0.381508 0.000000
-0.438838 0.375119 0.000000
-0.444286 0.368650 0.000000
-0.449639 0.362102 0.000000
-0.454895 0.355476 0.000000
-0.460054 0.348774 0.000000
-0.465114 0.341997 0.000000
-0.470074 0.335147 0.000000
-0.474933 0.328225 0.000000
-0.479690 0.321232 0.000000
-0.484345 0.314170 0.000000
-0.488895 0.307041 0.000000
-0.493341 0.299846 0.000000
-0.497680 0.292587 0.000000
-0.501913 0.285265 0.000000
-0.506038 0.277881 0.000000
-0.510055 0.270438 0.000000
-0.513962 0.262937 0.000000
-0.517759 0.255380 0.000000
-0.521444 0.247768 0.000000
-0.525018 0.240102 0.000000
-0.528479 0.232385 0.000000
-0.531827 0.224618 0.000000
-0.535060 0.216803 0.000000
-0.538179 0.208942 0.000000
-0.541182 0.201035 0.000000
-0.544069 0.193086 0.000000
-0.546839 0.185094 0.000000
-0.549492 0.177064 0.000000
-0.552027 0.168995 0.000000
-0.554443 0.160890 0.000000
-0.556741 0.152750 0.000000
-0.558919 0.144578 0.000000
-0.560977 0.136375 0.000000
-0.562914 0.128142 0.000000
-0.564731 0.119882 0.000000
-0.566427 0.111596 0.000000
-0.568001 0.103286 0.000000
-0.569453 0.094954 0.000000
-0.570783 0.086602 0.000000
-0.571990 0.078231 0.000000
-0.573075 0.069843 0.000000
-0.574037 0.061440 0.000000
-0.574875 0.053025 0.000000
-0.575590 0.044597 0.000000
-0.576182 0.036160 0.000000
-0.576650 0.027716 0.000000
-0.576994 0.019265 0.000000
-0.577214 0.010810 0.000000
-0.577310 0.002353 0.000000
-0.577283 -0.006104 0.000000
-0.577132 -0.014560 0.000000
-0.576856 -0.023013 0.000000
-0.576457 -0.031462 0.000000
-0.575935 -0.039903 0.000000
-0.575288 -0.048336 0.000000
-0.574518 -0.056758 0.000000
-0.573625 -0.065169 0.000000
-0.572609 -0.073565 0.000000
-0.571470 -0.081945 0.000000
-0.570208 -0.090308 0.000000
-0.568824 -0.098652 0.000000
-0.567318 -0.106974 0.000000
-0.565690 -0.115274 0.000000
-0.563940 -0.123548 0.000000
-0.562070 -0.131797 0.000000
-0.560079 -0.140016 0.000000
-0.557968 -0.148206 0.000000
-0.555737 -0.156364 0.000000
-0.553386 -0.164489 0.000000
-0.550917 -0.172578 0.000000
-0.548330 -0.180630 0.000000
-0.545625 -0.188643 0.000000
-0.542803 -0.196616 0.000000
-0.539864 -0.204547 0.000000
-0.536810 -0.212434 0.000000
-0.533640 -0.220275 0.000000
-0.530356 -0.228069 0.000000
-0.526958 -0.235814 0.000000
-0.523447 -0.243508 0.000000
-0.519824 -0.251150 0.000000
-0.516089 -0.258738 0.000000
-0.512243 -0.266271 0.000000
-0.508287 -0.273746 0.000000
-0.504222 -0.281163 0.000000
-0.500049 -0.288520 0.000000
-0.495769 -0.295814 0.000000
-0.491382 -0.303045 0.000000
-0.486890 -0.310211 0.000000
-0.482293 -0.317310 0.000000
-0.477593 -0.324342 0.000000
-0.472791 -0.331303 0.000000
-0.467886 -0.338194 0.000000
-0.462882 -0.345012 0.000000
-0.457778 -0.351756 0.000000
-0.452576 -0.358424 0.000000
-0.447277 -0.365016 0.000000
-0.441881 -0.371529 0.000000
-0.436391 -0.377963 0.000000
-0.430807 -0.384315 0.000000
-0.425131 -0.390585 0.000000
-0.419364 -0.396771 0.000000
-0.413506 -0.402872 0.000000
-0.407560 -0.408886 0.000000
-0.401526 -0.414813 0.000000
-0.395406 -0.420650 0.000000
-0.389202 -0.426398 0.000000
-0.382913 -0.432054 0.000000
-0.376543 -0.437617 0.000000
-0.370092 -0.443086 0.000000
-0.363561 -0.448460 0.000000
-0.356952 -0.453738 0.000000
-0.350267 -0.458918 0.000000
-0.343507 -0.464000 0.000000
-0.336672 -0.468983 0.000000
-0.329766 -0.473864 0.000000
-0.322789 -0.478644 0.000000
-0.315742 -0.483322 0.000000
-0.308628 -0.487895 0.000000
-0.301447 -0.492364 0.000000
-0.294202 -0.496727 0.000000
-0.286894 -0.500984 0.000000
-0.279524 -0.505133 0.000000
-0.272094 -0.509174 0.000000
-0.264606 -0.513105 0.000000
-0.257060 -0.516926 0.000000
-0.249460 -0.520637 0.000000
-0.241806 -0.524235 0.000000
-0.234101 -0.527721 0.000000
-0.226345 -0.531094 0.000000
-0.218540 -0.534353 0.000000
-0.210689 -0.537497 0.000000
-0.202792 -0.540526 0.000000
-0.194852 -0.543439 0.000000
-0.186870 -0.546235 0.000000
-0.178848 -0.548914 0.000000
-0.170787 -0.551475 0.000000
-0.162690 -0.553918 0.000000
-0.154558 -0.556242 0.000000
-0.146393 -0.558446 0.000000
-0.138196 -0.560531 0.000000
-0.129970 -0.562495 0.000000
-0.121716 -0.564339 0.000000
-0.113435 -0.566061 0.000000
-0.105131 -0.567662 0.000000
-0.096804 -0.569141 0.000000
-0.088456 -0.570499 0.000000
-0.080089 -0.571733 0.000000
-0.071704 -0.572845 0.000000
-0.063305 -0.573834 0.000000
-0.054892 -0.574700 0.000000
-0.046467 -0.575442 0.000000
-0.038032 -0.576061 0.000000
-0.029589 -0.576557 0.000000
-0.021139 -0.576928 0.000000
-0.012685 -0.577176 0.000000
-0.004229 -0.577300 0.000000
0.004229 -0.577300 0.000000
0.012685 -0.577176 0.000000
0.021139 -0.576928 0.000000
0.029589 -0.576557 0.000000
0.038032 -0.576061 0.000000
0.046467 -0.575442 0.000000
0.054892 -0.574700 0.000000
0.063305 -0.573834 0.000000
0.071704 -0.572845 0.000000
0.080089 -0.571733 0.000000
0.088456 -0.570499 0.000000
0.096804 -0.569141 0.000000
0.105131 -0.567662 0.000000
0.113435 -0.566061 0.000000
0.121716 -0.564339 0.000000
0.129970 -0.562495 0.000000
0.138196 -0.560531 0.000000
0.146393 -0.558446 0.000000
0.154558 -0.556242 0.000000
0.162690 -0.553918 0.000000
0.170787 -0.551475 0.000000
0.178848 -0.548914 0.000000
0.186870 -0.546235 0.000000
0.194852 -0.543439 0.000000
0.202792 -0.540526 0.000000
0.210689 -0.537497 0.000000
0.218540 -0.534353 0.000000
0.226345 -0.531094 0.000000
0.234101 -0.527721 0.000000
0.241806 -0.524235 0.000000
0.249460 -0.520637 0.000000
0.257060 -0.516926 0.000000
0.264606 -0.513105 0.000000
0.272094 -0.509174 0.000000
0.279524 -0.505133 0.000000
0.286894 -0.500984 0.000000
0.294202 -0.496727 0.000000
0.301447 -0.492364 0.000000
0.308628 -0.487895 0.000000
0.315742 -0.483322 0.000000
0.322789 -0.478644 0.000000
0.329766 -0.473864 0.000000
0.336672 -0.468983 0.000000
0.343507 -0.464000 0.000000
0.350267 -0.458918 0.000000
0.356952 -0.453738 0.000000
0.363561 -0.448460 0.000000
0.370092 -0.443086 0.000000
0.376543 -0.437617 0.000000
0.382913 -0.432054 0.000000
0.389202 -0.426398 0.000000
0.395406 -0.420650 0.000000
0.401526 -0.414813 0.000000
0.407560 -0.408886 0.000000
0.413506 -0.402872 0.000000
0.419364 -0.396771 0.000000
0.425131 -0.390585 0.000000
0.430807 -0.384315 0.000000
0.436391 -0.377963 0.000000
0.441881 -0.371529 0.000000
0.447277 -0.365016 0.000000
0.452576 -0.358424 0.000000
0.457778 -0.351756 0.000000
0.462882 -0.345012 0.000000
0.467886 -0.338194 0.000000
0.472791 -0.331303 0.000000
0.477593 -0.324342 0.000000
0.482293 -0.317310 0.000000
0.486890 -0.310211 0.000000
0.491382 -0.303045 0.000000
0.495769 -0.295814 0.000000
0.500049 -0.288520 0.000000
0.504222 -0.281163 0.000000
0.508287 -0.273746 0.000000
0.512243 -0.266271 0.000000
0.516089 -0.258738 0.000000
0.519824 -0.251150 0.000000
0.523447 -0.243508 0.000000
0.526958 -0.235814 0.000000
0.530356 -0.228069 0.000000
0.533640 -0.220275 0.000000
0.536810 -0.212434 0.000000
0.539864 -0.204547 0.000000
0.542803 -0.196616 0.000000
0.545625 -0.188643 0.000000
0.548330 -0.180630 0.000000
0.550917 -0.172578 0.000000
0.553386 -0.164489 0.000000
0.555737 -0.156364 0.000000
0.557968 -0.148206 0.000000
0.560079 -0.140016 0.000000
0.562070 -0.131797 0.000000
0.563940 -0.123548 0.000000
0.565690 -0.115274 0.000000
0.567318 -0.106974 0.000000
0.568824 -0.098652 0.000000
0.570208 -0.090308 0.000000
0.571470 -0.081945 0.000000
0.572609 -0.073565 0.000000
0.573625 -0.065169 0.000000
0.574518 -0.056758 0.000000
0.575288 -0.048336 0.000000
0.575935 -0.039903 0.000000
0.576457 -0.031462 0.000000
0.576856 -0.023013 0.000000
0.577132 -0.014560 0.000000
0.577283 -0.006104 0.000000
0.577310 0.002353 0.000000
0.577214 0.010810 0.000000
0.576994 0.019265 0.000000
0.576650 0.027716 0.000000
0.576182 0.036160 0.000000
0.575590 0.044597 0.000000
0.574875 0.053025 0.000000
0.574037 0.061440 0.000000
0.573075 0.069843 0.000000
0.571990 0.078231 0.000000
0.570783 0.086602 0.000000
0.569453 0.094954 0.000000
0.568001 0.103286 0.000000
0.566427 0.111596 0.000000
0.564731 0.119882 0.000000
0.562914 0.128142 0.000000
0.560977 0.136375 0.000000
0.558919 0.144578 0.000000
0.556741 0.152750 0.000000
0.554443 0.160890 0.000000
0.552027 0.168995 0.000000
0.549492 0.177064 0.000000
0.546839 0.185094 0.000000
0.544069 0.193086 0.000000
0.541182 0.201035 0.000000
0.538179 0.208942 0.000000
0.535060 0.216803 0.000000
0.531827 0.224618 0.000000
0.528479 0.232385 0.000000
0.525018 0.240102 0.000000
0.521444 0.247768 0.000000
0.517759 0.255380 0.000000
0.513962 0.262937 0.000000
0.510055 0.270438 0.000000
0.506038 0.277881 0.000000
0.501913 0.285265 0.000000
0.497680 0.292587 0.000000
0.493341 0.299846 0.000000
0.488895 0.307041 0.000000
0.484345 0.314170 0.000000
0.479690 0.321232 0.000000
0.474933 0.328225 0.000000
0.470074 0.335147 0.000000
0.465114 0.341997 0.000000
0.460054 0.348774 0.000000
0.454895 0.355476 0.000000
0.449639 0.362102 0.000000
0.444286 0.368650 0.000000
0.438838 0.375119 0.000000
0.433295 0.381508 0.000000
0.427660 0.387814 0.000000
0.421933 0.394038 0.000000
0.416115 0.400177 0.000000
0.410208 0.406230 0.000000
0.404213 0.412195 0.000000
0.398131 0.418073 0.000000
0.391964 0.423860 0.000000
0.385712 0.429557 0.000000
0.379378 0.435161 0.000000
0.372963 0.440672 0.000000
0.366467 0.446088 0.000000
0.359893 0.451409 0.000000
0.353241 0.456633 0.000000
0.346514 0.461759 0.000000
0.339712 0.466785 0.000000
0.332838 0.471712 0.000000
0.325892 0.476537 0.000000
0.318876 0.481260 0.000000
0.311639 0.485971 -0.000177
0.303718 0.490925 -0.001062
0.294625 0.496330 -0.003185
0.284160 0.502174 -0.006715
0.272281 0.508338 -0.011644
0.258954 0.514704 -0.017957
0.244155 0.521148 -0.025637
0.227870 0.527545 -0.034661
0.210096 0.533772 -0.045004
0.190840 0.539703 -0.056637
0.170119 0.545218 -0.069526
0.147962 0.550196 -0.083636
0.124405 0.554522 -0.098926
0.099498 0.558087 -0.115353
0.073297 0.560787 -0.132870
0.045870 0.562526 -0.151427
0.017293 0.563219 -0.170973
-0.012352 0.562787 -0.191451
-0.042974 0.561165 -0.212804
-0.074475 0.558297 -0.234971
-0.106753 0.554143 -0.257889
-0.139700 0.548671 -0.281494
-0.173206 0.541868 -0.305717
-0.207157 0.533730 -0.330492
-0.241438 0.524268 -0.355747
-0.275934 0.513510 -0.381410
-0.310531 0.501492 -0.407410
-0.345114 0.488268 -0.433672
-0.379573 0.473900 -0.460123
-0.413800 0.458467 -0.486686
-0.447692 0.442053 -0.513287
-0.481149 0.424756 -0.539850
-0.514076 0.406681 -0.566300
-0.546385 0.387941 -0.592563
-0.577994 0.368652 -0.618562
-0.608823 0.348939 -0.644226
-0.638804 0.328927 -0.669481
-0.667869 0.308742 -0.694255
-0.695961 0.288512 -0.718479
-0.723024 0.268363 -0.742083
-0.749010 0.248415 -0.765002
-0.773875 0.228788 -0.787169
-0.797581 0.209594 -0.808521
-0.820091 0.190937 -0.829000
-0.841375 0.172915 -0.848545
-0.861405 0.155615 -0.867103
-0.880154 0.139116 -0.884620
-0.897601 0.123486 -0.901047
-0.913726 0.108779 -0.916337
-0.928509 0.095041 -0.930446
-0.941934 0.082306 -0.943336
-0.953987 0.070593 -0.954969
-0.964653 0.059912 -0.965312
-0.973922 0.050261 -0.974336
-0.981783 0.041626 -0.982015
-0.988228 0.033984 -0.988328
-0.993250 0.027300 -0.993257
-0.996844 0.021532 -0.996788
-0.999009 0.016628 -0.998910
-0.999921 0.012531 -0.999795
-0.998543 0.009173 -0.998401
-0.990712 0.006485 -0.990561
-0.971989 0.004399 -0.971836
-0.941041 0.002845 -0.940890
-0.898257 0.001742 -0.898112
-0.844176 0.001001 -0.844039
-0.779479 0.000533 -0.779352
-0.704979 0.000258 -0.704864
-0.621614 0.000112 -0.621513
-0.530431 0.000041 -0.530345
-0.432578 0.000013 -0.432508
-0.329285 0.000003 -0.329232
-0.221851 0.000000 -0.221815
-0.111628 0.000000 -0.111609
0.000000 0.000000 0.000000
##END
