##TITLE= dor_3
##JCAMP-DX= 5.00 Bruker JCAMP library
##DATA TYPE= Shape Data
##ORIGIN= Bruker Analytik GmbH
##OWNER= <nmrsu>
##DATE= 2023-02-28
##TIME= 12:03:19
##MINX= 0
##MAXX= 1
##MINY= 0
##MAXY= 1
##$SHAPE_EXMODE= Gradient
##$SHAPE_TOTROT= 0
##$SHAPE_BWFAC= 0
##$SHAPE_INTEGFAC= 0
##$SHAPE_MODE= 0
##EFFIFACTOR=0.00083328
##DURATION=0.01
##DIRECTIONVEC= 0 0 1
##NPOINTS=500
##XYDATA= (X Y Z)
0.000000 0.000000 0.000000
0.031218 0.000000 0.062447
0.062044 0.000001 0.124108
0.092089 0.000005 0.184208
0.120976 0.000022 0.241992
0.148342 0.000072 0.296733
0.173843 0.000193 0.347742
0.197157 0.000448 0.394378
0.217992 0.000923 0.436055
0.236084 0.001735 0.472247
0.251205 0.003020 0.502498
0.263164 0.004931 0.526426
0.271804 0.007624 0.543727
0.277011 0.011239 0.554177
0.279149 0.015897 0.558515
0.279444 0.021714 0.559211
0.279042 0.028813 0.558580
0.278208 0.037308 0.557180
0.276859 0.047297 0.554886
0.274955 0.058868 0.551664
0.272445 0.072090 0.547474
0.269270 0.087017 0.542271
0.265359 0.103684 0.535997
0.260634 0.122101 0.528591
0.255001 0.142257 0.519981
0.248361 0.164116 0.510086
0.240601 0.187615 0.498819
0.231603 0.212661 0.486086
0.221240 0.239134 0.471787
0.209384 0.266882 0.455820
0.195905 0.295723 0.438082
0.180672 0.325444 0.418468
0.163563 0.355800 0.396880
0.144466 0.386517 0.373227
0.123281 0.417294 0.347428
0.099927 0.447802 0.319415
0.074349 0.477691 0.289139
0.046515 0.506589 0.256571
0.016428 0.534110 0.221704
-0.015875 0.559861 0.184559
-0.050317 0.583441 0.145187
-0.086783 0.604454 0.103668
-0.125112 0.622514 0.060116
-0.165102 0.637251 0.014676
-0.206510 0.648321 -0.032473
-0.249050 0.655410 -0.081121
-0.292399 0.658244 -0.131029
-0.336201 0.656595 -0.181927
-0.380073 0.650286 -0.233526
-0.423607 0.639197 -0.285511
-0.466383 0.623270 -0.337557
-0.507971 0.602506 -0.389326
-0.547944 0.576975 -0.440473
-0.585883 0.546807 -0.490658
-0.621387 0.512197 -0.539545
-0.654079 0.473397 -0.586809
-0.683615 0.430714 -0.632145
-0.709690 0.384502 -0.675270
-0.732044 0.335157 -0.715929
-0.750465 0.283108 -0.753895
-0.764792 0.228808 -0.788979
-0.774919 0.172727 -0.821028
-0.780793 0.115340 -0.849926
-0.782413 0.057122 -0.875599
-0.779830 -0.001464 -0.898009
-0.773140 -0.059974 -0.917159
-0.762484 -0.117988 -0.933087
-0.748038 -0.175120 -0.945866
-0.730012 -0.231017 -0.955603
-0.708637 -0.285371 -0.962429
-0.684166 -0.337914 -0.966502
-0.656862 -0.388427 -0.968001
-0.626993 -0.436734 -0.967120
-0.594825 -0.482705 -0.964066
-0.560560 -0.526317 -0.959030
-0.524257 -0.567692 -0.952128
-0.485920 -0.606926 -0.943392
-0.445632 -0.643967 -0.932835
-0.403527 -0.678695 -0.920475
-0.359747 -0.710999 -0.906339
-0.314440 -0.740778 -0.890451
-0.267759 -0.767937 -0.872844
-0.219862 -0.792391 -0.853551
-0.170912 -0.814067 -0.832610
-0.121075 -0.832897 -0.810061
-0.070520 -0.848827 -0.785947
-0.019421 -0.861810 -0.760316
0.032048 -0.871811 -0.733216
0.083711 -0.878804 -0.704700
0.135391 -0.882774 -0.674823
0.186910 -0.883717 -0.643642
0.238092 -0.881638 -0.611219
0.288760 -0.876552 -0.577615
0.338740 -0.868488 -0.542896
0.387859 -0.857480 -0.507128
0.435947 -0.843576 -0.470381
0.482837 -0.826832 -0.432725
0.528367 -0.807315 -0.394234
0.572379 -0.785100 -0.354981
0.614718 -0.760271 -0.315043
0.655238 -0.732924 -0.274496
0.693797 -0.703159 -0.233419
0.730258 -0.671088 -0.191892
0.764493 -0.636830 -0.149993
0.796382 -0.600509 -0.107806
0.825811 -0.562259 -0.065409
0.852676 -0.522218 -0.022887
0.876879 -0.480533 0.019680
0.898333 -0.437354 0.062208
0.916960 -0.392837 0.104617
0.932691 -0.347142 0.146823
0.945467 -0.300433 0.188746
0.955239 -0.252879 0.230305
0.961967 -0.204648 0.271418
0.965623 -0.155914 0.312008
0.966189 -0.106850 0.351995
0.963655 -0.057632 0.391302
0.958026 -0.008434 0.429853
0.949313 0.040568 0.467574
0.937539 0.089200 0.504392
0.922739 0.137290 0.540236
0.904956 0.184666 0.575037
0.884244 0.231162 0.608727
0.860667 0.276612 0.641242
0.834298 0.320855 0.672518
0.805220 0.363735 0.702495
0.773526 0.405100 0.731116
0.739316 0.444804 0.758324
0.702699 0.482707 0.784068
0.663794 0.518674 0.808298
0.622725 0.552579 0.830966
0.579626 0.584303 0.852030
0.534636 0.613733 0.871449
0.487900 0.640765 0.889184
0.439572 0.665304 0.905202
0.389807 0.687264 0.919472
0.338769 0.706567 0.931966
0.286623 0.723145 0.942660
0.233540 0.736940 0.951534
0.179694 0.747903 0.958570
0.125260 0.755996 0.963754
0.070416 0.761190 0.967078
0.015341 0.763466 0.968533
-0.039783 0.762817 0.968119
-0.094777 0.759246 0.965834
-0.149461 0.752763 0.961684
-0.203657 0.743393 0.955677
-0.257186 0.731169 0.947824
-0.309875 0.716133 0.938141
-0.361550 0.698339 0.926646
-0.412044 0.677848 0.913361
-0.461191 0.654735 0.898312
-0.508833 0.629079 0.881529
-0.554813 0.600971 0.863042
-0.598982 0.570511 0.842890
-0.641197 0.537805 0.821109
-0.681322 0.502970 0.797742
-0.719228 0.466128 0.772835
-0.754791 0.427410 0.746435
-0.787899 0.386952 0.718594
-0.818445 0.344896 0.689365
-0.846332 0.301393 0.658804
-0.871472 0.256595 0.626971
-0.893787 0.210661 0.593927
-0.913208 0.163754 0.559737
-0.929674 0.116040 0.524465
-0.943136 0.067689 0.488180
-0.953556 0.018871 0.450953
-0.960904 -0.030239 0.412854
-0.965161 -0.079467 0.373959
-0.966320 -0.128639 0.334341
-0.964382 -0.177578 0.294077
-0.959361 -0.226110 0.253245
-0.951279 -0.274062 0.211924
-0.940169 -0.321262 0.170194
-0.926076 -0.367542 0.128136
-0.909053 -0.412735 0.085830
-0.889163 -0.456678 0.043358
-0.866479 -0.499213 0.000802
-0.841085 -0.540187 -0.041755
-0.813070 -0.579451 -0.084232
-0.782537 -0.616863 -0.126546
-0.749593 -0.652285 -0.168615
-0.714355 -0.685589 -0.210359
-0.676947 -0.716651 -0.251697
-0.637502 -0.745357 -0.292548
-0.596157 -0.771599 -0.332835
-0.553058 -0.795280 -0.372478
-0.508353 -0.816308 -0.411403
-0.462200 -0.834604 -0.449533
-0.414758 -0.850096 -0.486794
-0.366193 -0.862722 -0.523116
-0.316671 -0.872430 -0.558427
-0.266364 -0.879177 -0.592660
-0.215447 -0.882932 -0.625748
-0.164093 -0.883672 -0.657627
-0.112481 -0.881387 -0.688237
-0.060786 -0.876075 -0.717517
-0.009188 -0.867746 -0.745412
0.042139 -0.856419 -0.771867
0.093018 -0.842124 -0.796831
0.143275 -0.824901 -0.820257
0.192740 -0.804802 -0.842098
0.241243 -0.781885 -0.862313
0.288621 -0.756221 -0.880863
0.334712 -0.727889 -0.897711
0.379360 -0.696979 -0.912826
0.422415 -0.663586 -0.926177
0.463731 -0.627819 -0.937740
0.503170 -0.589790 -0.947492
0.540600 -0.549622 -0.955415
0.575895 -0.507446 -0.961491
0.608938 -0.463397 -0.965711
0.639619 -0.417618 -0.968066
0.667838 -0.370260 -0.968552
0.693502 -0.321477 -0.967166
0.716527 -0.271428 -0.963913
0.736839 -0.220279 -0.958799
0.754373 -0.168197 -0.951832
0.769076 -0.115353 -0.943028
0.780900 -0.061923 -0.932402
0.789813 -0.008083 -0.919975
0.795789 0.045989 -0.905771
0.798813 0.100114 -0.889819
0.798881 0.154112 -0.872148
0.796000 0.207805 -0.852792
0.790187 0.261013 -0.831789
0.781467 0.313561 -0.809180
0.769878 0.365272 -0.785009
0.755467 0.415976 -0.759321
0.738290 0.465502 -0.732167
0.718414 0.513687 -0.703598
0.695915 0.560369 -0.673671
0.670878 0.605392 -0.642443
0.643396 0.648606 -0.609974
0.613572 0.689867 -0.576327
0.581516 0.729038 -0.541567
0.547346 0.765986 -0.505761
0.511188 0.800589 -0.468978
0.473175 0.832730 -0.431290
0.433445 0.862303 -0.392768
0.392144 0.889209 -0.353489
0.349422 0.913356 -0.313526
0.305433 0.934665 -0.272958
0.260338 0.953065 -0.231862
0.214301 0.968493 -0.190319
0.167488 0.980897 -0.148409
0.120069 0.990237 -0.106211
0.072216 0.996482 -0.063809
0.024101 0.999609 -0.021283
-0.024101 0.999609 0.021283
-0.072216 0.996482 0.063809
-0.120069 0.990237 0.106211
-0.167488 0.980897 0.148409
-0.214301 0.968493 0.190319
-0.260338 0.953065 0.231862
-0.305433 0.934665 0.272958
-0.349422 0.913356 0.313526
-0.392144 0.889209 0.353489
-0.433445 0.862303 0.392768
-0.473175 0.832730 0.431290
-0.511188 0.800589 0.468978
-0.547346 0.765986 0.505761
-0.581516 0.729038 0.541567
-0.613572 0.689867 0.576327
-0.643396 0.648606 0.609974
-0.670878 0.605392 0.642443
-0.695915 0.560369 0.673671
-0.718414 0.513687 0.703598
-0.738290 0.465502 0.732167
-0.755467 0.415976 0.759321
-0.769878 0.365272 0.785009
-0.781467 0.313561 0.809180
-0.790187 0.261013 0.831789
-0.796000 0.207805 0.852792
-0.798881 0.154112 0.872148
-0.798813 0.100114 0.889819
-0.795789 0.045989 0.905771
-0.789813 -0.008083 0.919975
-0.780900 -0.061923 0.932402
-0.769076 -0.115353 0.943028
-0.754373 -0.168197 0.951832
-0.736839 -0.220279 0.958799
-0.716527 -0.271428 0.963913
-0.693502 -0.321477 0.967166
-0.667838 -0.370260 0.968552
-0.639619 -0.417618 0.968066
-0.608938 -0.463397 0.965711
-0.575895 -0.507446 0.961491
-0.540600 -0.549622 0.955415
-0.503170 -0.589790 0.947492
-0.463731 -0.627819 0.937740
-0.422415 -0.663586 0.926177
-0.379360 -0.696979 0.912826
-0.334712 -0.727889 0.897711
-0.288621 -0.756221 0.880863
-0.241243 -0.781885 0.862313
-0.192740 -0.804802 0.842098
-0.143275 -0.824901 0.820257
-0.093018 -0.842124 0.796831
-0.042139 -0.856419 0.771867
0.009188 -0.867746 0.745412
0.060786 -0.876075 0.717517
0.112481 -0.881387 0.688237
0.164093 -0.883672 0.657627
0.215447 -0.882932 0.625748
0.266364 -0.879177 0.592660
0.316671 -0.872430 0.558427
0.366193 -0.862722 0.523116
0.414758 -0.850096 0.486794
0.462200 -0.834604 0.449533
0.508353 -0.816308 0.411403
0.553058 -0.795280 0.372478
0.596157 -0.771599 0.332835
0.637502 -0.745357 0.292548
0.676947 -0.716651 0.251697
0.714355 -0.685589 0.210359
0.749593 -0.652285 0.168615
0.782537 -0.616863 0.126546
0.813070 -0.579451 0.084232
0.841085 -0.540187 0.041755
0.866479 -0.499213 -0.000802
0.889163 -0.456678 -0.043358
0.909053 -0.412735 -0.085830
0.926076 -0.367542 -0.128136
0.940169 -0.321262 -0.170194
0.951279 -0.274062 -0.211924
0.959361 -0.226110 -0.253245
0.964382 -0.177578 -0.294077
0.966320 -0.128639 -0.334341
0.965161 -0.079467 -0.373959
0.960904 -0.030239 -0.412854
0.953556 0.018871 -0.450953
0.943136 0.067689 -0.488180
0.929674 0.116040 -0.524465
0.913208 0.163754 -0.559737
0.893787 0.210661 -0.593927
0.871472 0.256595 -0.626971
0.846332 0.301393 -0.658804
0.818445 0.344896 -0.689365
0.787899 0.386952 -0.718594
0.754791 0.427410 -0.746435
0.719228 0.466128 -0.772835
0.681322 0.502970 -0.797742
0.641197 0.537805 -0.821109
0.598982 0.570511 -0.842890
0.554813 0.600971 -0.863042
0.508833 0.629079 -0.881529
0.461191 0.654735 -0.898312
0.412044 0.677848 -0.913361
0.361550 0.698339 -0.926646
0.309875 0.716133 -0.938141
0.257186 0.731169 -0.947824
0.203657 0.743393 -0.955677
0.149461 0.752763 -0.961684
0.094777 0.759246 -0.965834
0.039783 0.762817 -0.968119
-0.015341 0.763466 -0.968533
-0.070416 0.761190 -0.967078
-0.125260 0.755996 -0.963754
-0.179694 0.747903 -0.958570
-0.233540 0.736940 -0.951534
-0.286623 0.723145 -0.942660
-0.338769 0.706567 -0.931966
-0.389807 0.687264 -0.919472
-0.439572 0.665304 -0.905202
-0.487900 0.640765 -0.889184
-0.534636 0.613733 -0.871449
-0.579626 0.584303 -0.852030
-0.622725 0.552579 -0.830966
-0.663794 0.518674 -0.808298
-0.702699 0.482707 -0.784068
-0.739316 0.444804 -0.758324
-0.773526 0.405100 -0.731116
-0.805220 0.363735 -0.702495
-0.834298 0.320855 -0.672518
-0.860667 0.276612 -0.641242
-0.884244 0.231162 -0.608727
-0.904956 0.184666 -0.575037
-0.922739 0.137290 -0.540236
-0.937539 0.089200 -0.504392
-0.949313 0.040568 -0.467574
-0.958026 -0.008434 -0.429853
-0.963655 -0.057632 -0.391302
-0.966189 -0.106850 -0.351995
-0.965623 -0.155914 -0.312008
-0.961967 -0.204648 -0.271418
-0.955239 -0.252879 -0.230305
-0.945467 -0.300433 -0.188746
-0.932691 -0.347142 -0.146823
-0.916960 -0.392837 -0.104617
-0.898333 -0.437354 -0.062208
-0.876879 -0.480533 -0.019680
-0.852676 -0.522218 0.022887
-0.825811 -0.562259 0.065409
-0.796382 -0.600509 0.107806
-0.764493 -0.636830 0.149993
-0.730258 -0.671088 0.191892
-0.693797 -0.703159 0.233419
-0.655238 -0.732924 0.274496
-0.614718 -0.760271 0.315043
-0.572379 -0.785100 0.354981
-0.528367 -0.807315 0.394234
-0.482837 -0.826832 0.432725
-0.435947 -0.843576 0.470381
-0.387859 -0.857480 0.507128
-0.338740 -0.868488 0.542896
-0.288760 -0.876552 0.577615
-0.238092 -0.881638 0.611219
-0.186910 -0.883717 0.643642
-0.135391 -0.882774 0.674823
-0.083711 -0.878804 0.704700
-0.032048 -0.871811 0.733216
0.019421 -0.861810 0.760316
0.070520 -0.848827 0.785947
0.121075 -0.832897 0.810061
0.170912 -0.814067 0.832610
0.219862 -0.792391 0.853551
0.267759 -0.767937 0.872844
0.314440 -0.740778 0.890451
0.359747 -0.710999 0.906339
0.403527 -0.678695 0.920475
0.445632 -0.643967 0.932835
0.485920 -0.606926 0.943392
0.524257 -0.567692 0.952128
0.560560 -0.526317 0.959030
0.594825 -0.482705 0.964066
0.626993 -0.436734 0.967120
0.656862 -0.388427 0.968001
0.684166 -0.337914 0.966502
0.708637 -0.285371 0.962429
0.730012 -0.231017 0.955603
0.748038 -0.175120 0.945866
0.762484 -0.117988 0.933087
0.773140 -0.059974 0.917159
0.779830 -0.001464 0.898009
0.782413 0.057122 0.875599
0.780793 0.115340 0.849926
0.774919 0.172727 0.821028
0.764792 0.228808 0.788979
0.750465 0.283108 0.753895
0.732044 0.335157 0.715929
0.709690 0.384502 0.675270
0.683615 0.430714 0.632145
0.654079 0.473397 0.586809
0.621387 0.512197 0.539545
0.585883 0.546807 0.490658
0.547944 0.576975 0.440473
0.507971 0.602506 0.389326
0.466383 0.623270 0.337557
0.423607 0.639197 0.285511
0.380073 0.650286 0.233526
0.336201 0.656595 0.181927
0.292399 0.658244 0.131029
0.249050 0.655410 0.081121
0.206510 0.648321 0.032473
0.165102 0.637251 -0.014676
0.125112 0.622514 -0.060116
0.086783 0.604454 -0.103668
0.050317 0.583441 -0.145187
0.015875 0.559861 -0.184559
-0.016428 0.534110 -0.221704
-0.046515 0.506589 -0.256571
-0.074349 0.477691 -0.289139
-0.099927 0.447802 -0.319415
-0.123281 0.417294 -0.347428
-0.144466 0.386517 -0.373227
-0.163563 0.355800 -0.396880
-0.180672 0.325444 -0.418468
-0.195905 0.295723 -0.438082
-0.209384 0.266882 -0.455820
-0.221240 0.239134 -0.471787
-0.231603 0.212661 -0.486086
-0.240601 0.187615 -0.498819
-0.248361 0.164116 -0.510086
-0.255001 0.142257 -0.519981
-0.260634 0.122101 -0.528591
-0.265359 0.103684 -0.535997
-0.269270 0.087017 -0.542271
-0.272445 0.072090 -0.547474
-0.274955 0.058868 -0.551664
-0.276859 0.047297 -0.554886
-0.278208 0.037308 -0.557180
-0.279042 0.028813 -0.558580
-0.279444 0.021714 -0.559211
-0.279149 0.015897 -0.558515
-0.277011 0.011239 -0.554177
-0.271804 0.007624 -0.543727
-0.263164 0.004931 -0.526426
-0.251205 0.003020 -0.502498
-0.236084 0.001735 -0.472247
-0.217992 0.000923 -0.436055
-0.197157 0.000448 -0.394378
-0.173843 0.000193 -0.347742
-0.148342 0.000072 -0.296733
-0.120976 0.000022 -0.241992
-0.092089 0.000005 -0.184208
-0.062044 0.000001 -0.124108
-0.031218 0.000000 -0.062447
0.000000 0.000000 0.000000
##END
