##TITLE= dor_5
##JCAMP-DX= 5.00 Bruker JCAMP library
##DATA TYPE= Shape Data
##ORIGIN= Bruker Analytik GmbH
##OWNER= <nmrsu>
##DATE= 2023-02-28
##TIME= 12:03:22
##MINX= 0
##MAXX= 1
##MINY= 0
##MAXY= 1
##$SHAPE_EXMODE= Gradient
##$SHAPE_TOTROT= 0
##$SHAPE_BWFAC= 0
##$SHAPE_INTEGFAC= 0
##$SHAPE_MODE= 0
##EFFIFACTOR=0.00031986
##DURATION=0.01
##DIRECTIONVEC= 0 0 1
##NPOINTS=500
##XYDATA= (X Y Z)
0.000000 0.000000 0.000000
0.019349 0.000000 0.038705
0.038455 0.000001 0.076923
0.057078 0.000005 0.114174
0.074982 0.000021 0.149989
0.091944 0.000069 0.183917
0.107749 0.000187 0.215533
0.122199 0.000433 0.244438
0.135112 0.000892 0.270269
0.146325 0.001676 0.292700
0.155695 0.002918 0.311447
0.163102 0.004765 0.326271
0.168447 0.007367 0.336979
0.171653 0.010860 0.343426
0.172939 0.015361 0.346061
0.173056 0.020981 0.346401
0.172700 0.027839 0.345859
0.172015 0.036043 0.344758
0.170928 0.045687 0.342985
0.169381 0.056851 0.340476
0.167307 0.069600 0.337156
0.164625 0.083977 0.332932
0.161238 0.100005 0.327697
0.157037 0.117681 0.321327
0.151897 0.136973 0.313682
0.145681 0.157820 0.304605
0.138240 0.180125 0.293927
0.129414 0.203754 0.281467
0.119039 0.228536 0.267033
0.106947 0.254253 0.250431
0.092974 0.280647 0.231465
0.076962 0.307412 0.209945
0.058770 0.334198 0.185694
0.038277 0.360610 0.158553
0.015393 0.386211 0.128388
-0.009936 0.410523 0.095101
-0.037721 0.433036 0.058633
-0.067916 0.453214 0.018975
-0.100421 0.470503 -0.023824
-0.135068 0.484339 -0.069655
-0.171619 0.494168 -0.118343
-0.209766 0.499452 -0.169639
-0.249127 0.499687 -0.223224
-0.289249 0.494417 -0.278706
-0.329613 0.483252 -0.335621
-0.369639 0.465882 -0.393441
-0.408697 0.442089 -0.451578
-0.446119 0.411762 -0.509395
-0.481214 0.374906 -0.566212
-0.513281 0.331649 -0.621326
-0.541632 0.282247 -0.674020
-0.565603 0.227084 -0.723579
-0.584580 0.166667 -0.769307
-0.598010 0.101620 -0.810541
-0.605420 0.032673 -0.846668
-0.606433 -0.039353 -0.877136
-0.600777 -0.113564 -0.901470
-0.588292 -0.189013 -0.919280
-0.568940 -0.264721 -0.930268
-0.542801 -0.339698 -0.934236
-0.510076 -0.412969 -0.931090
-0.471077 -0.483590 -0.920835
-0.426219 -0.550673 -0.903574
-0.376010 -0.613403 -0.879506
-0.321035 -0.671048 -0.848912
-0.261943 -0.722978 -0.812153
-0.199426 -0.768668 -0.769651
-0.134207 -0.807705 -0.721883
-0.067020 -0.839788 -0.669364
0.001406 -0.864728 -0.612636
0.070359 -0.882442 -0.552254
0.139157 -0.892944 -0.488775
0.207162 -0.896339 -0.422745
0.273786 -0.892807 -0.354688
0.338525 -0.882584 -0.285039
0.400977 -0.865904 -0.214069
0.460748 -0.842970 -0.142006
0.517386 -0.813991 -0.069182
0.570426 -0.779213 0.004013
0.619430 -0.738928 0.077187
0.663987 -0.693467 0.149947
0.703723 -0.643201 0.221902
0.738298 -0.588534 0.292668
0.767411 -0.529903 0.361863
0.790804 -0.467775 0.429118
0.808260 -0.402640 0.494072
0.819610 -0.335009 0.556376
0.824728 -0.265412 0.615696
0.823540 -0.194391 0.671714
0.816018 -0.122497 0.724129
0.802182 -0.050284 0.772661
0.782104 0.021690 0.817049
0.755901 0.092875 0.857055
0.723739 0.162726 0.892464
0.685831 0.230712 0.923087
0.642435 0.296320 0.948759
0.593850 0.359054 0.969343
0.540419 0.418445 0.984729
0.482520 0.474050 0.994833
0.420568 0.525458 0.999601
0.355012 0.572293 0.999009
0.286327 0.614213 0.993059
0.215016 0.650921 0.981782
0.141602 0.682156 0.965241
0.066627 0.707704 0.943522
-0.009353 0.727397 0.916744
-0.085775 0.741112 0.885048
-0.162069 0.748773 0.848607
-0.237663 0.750354 0.807613
-0.311991 0.745874 0.762289
-0.384493 0.735402 0.712876
-0.454623 0.719054 0.659640
-0.521849 0.696991 0.602867
-0.585661 0.669420 0.542860
-0.645573 0.636589 0.479941
-0.701125 0.598788 0.414449
-0.751892 0.556347 0.346734
-0.797481 0.509629 0.277159
-0.837537 0.459032 0.206098
-0.871749 0.404984 0.133931
-0.899843 0.347937 0.061046
-0.921596 0.288368 -0.012166
-0.936828 0.226773 -0.085313
-0.945410 0.163662 -0.158002
-0.947259 0.099554 -0.229844
-0.942346 0.034979 -0.300454
-0.930689 -0.029533 -0.369452
-0.912358 -0.093454 -0.436468
-0.887473 -0.156261 -0.501144
-0.856201 -0.217440 -0.563132
-0.818760 -0.276493 -0.622100
-0.775410 -0.332938 -0.677731
-0.726459 -0.386317 -0.729728
-0.672254 -0.436196 -0.777811
-0.613184 -0.482168 -0.821722
-0.549671 -0.523863 -0.861227
-0.482175 -0.560940 -0.896112
-0.411181 -0.593100 -0.926192
-0.337203 -0.620082 -0.951304
-0.260778 -0.641667 -0.971315
-0.182459 -0.657682 -0.986116
-0.102815 -0.667995 -0.995628
-0.022423 -0.672525 -0.999801
0.058131 -0.671233 -0.998611
0.138262 -0.664131 -0.992066
0.217390 -0.651276 -0.980200
0.294938 -0.632773 -0.963078
0.370346 -0.608770 -0.940790
0.443065 -0.579462 -0.913456
0.512569 -0.545086 -0.881224
0.578358 -0.505922 -0.844265
0.639955 -0.462287 -0.802779
0.696917 -0.414534 -0.756987
0.748838 -0.363051 -0.707135
0.795346 -0.308257 -0.653491
0.836110 -0.250597 -0.596342
0.870845 -0.190541 -0.535995
0.899308 -0.128578 -0.472773
0.921305 -0.065213 -0.407015
0.936687 -0.000965 -0.339075
0.945359 0.063641 -0.269316
0.947273 0.128074 -0.198113
0.942431 0.191805 -0.125847
0.930887 0.254308 -0.052907
0.912744 0.315066 0.020318
0.888154 0.373576 0.093433
0.857316 0.429351 0.166048
0.820477 0.481923 0.237771
0.777925 0.530851 0.308220
0.729994 0.575719 0.377016
0.677055 0.616145 0.443789
0.619514 0.651780 0.508183
0.557815 0.682312 0.569851
0.492427 0.707469 0.628462
0.423849 0.727020 0.683704
0.352600 0.740779 0.735278
0.279220 0.748605 0.782909
0.204261 0.750403 0.826341
0.128286 0.746125 0.865342
0.051865 0.735773 0.899701
-0.024431 0.719395 0.929235
-0.100035 0.697088 0.953786
-0.174385 0.668994 0.973221
-0.246932 0.635303 0.987437
-0.317142 0.596249 0.996357
-0.384500 0.552109 0.999934
-0.448515 0.503202 0.998147
-0.508722 0.449884 0.991008
-0.564689 0.392548 0.978553
-0.616016 0.331618 0.960850
-0.662340 0.267550 0.937994
-0.703336 0.200825 0.910108
-0.738725 0.131947 0.877340
-0.768267 0.061438 0.839868
-0.791772 -0.010165 0.797891
-0.809094 -0.082313 0.751634
-0.820135 -0.154453 0.701347
-0.824848 -0.226028 0.647298
-0.823233 -0.296485 0.589777
-0.815339 -0.365276 0.529094
-0.801263 -0.431865 0.465573
-0.781151 -0.495729 0.399555
-0.755191 -0.556365 0.331394
-0.723621 -0.613293 0.261455
-0.686718 -0.666061 0.190115
-0.644800 -0.714244 0.117755
-0.598223 -0.757453 0.044763
-0.547377 -0.795334 -0.028468
-0.492685 -0.827574 -0.101547
-0.434599 -0.853900 -0.174082
-0.373593 -0.874085 -0.245683
-0.310165 -0.887945 -0.315966
-0.244828 -0.895348 -0.384554
-0.178110 -0.896205 -0.451080
-0.110546 -0.890480 -0.515187
-0.042676 -0.878186 -0.576531
0.024957 -0.859385 -0.634783
0.091818 -0.834188 -0.689631
0.157376 -0.802755 -0.740780
0.221114 -0.765295 -0.787955
0.282531 -0.722061 -0.830905
0.341147 -0.673350 -0.869399
0.396503 -0.619503 -0.903230
0.448171 -0.560897 -0.932217
0.495749 -0.497949 -0.956204
0.538874 -0.431109 -0.975063
0.577215 -0.360855 -0.988693
0.610483 -0.287694 -0.997020
0.638429 -0.212154 -1.000000
0.660847 -0.134784 -0.997617
0.677577 -0.056147 -0.989883
0.688504 0.023185 -0.976841
0.693559 0.102631 -0.958559
0.692722 0.181611 -0.935137
0.686019 0.259545 -0.906699
0.673523 0.335861 -0.873399
0.655356 0.409999 -0.835414
0.631681 0.481413 -0.792949
0.602709 0.549576 -0.746232
0.568691 0.613987 -0.695512
0.529920 0.674170 -0.641062
0.486725 0.729680 -0.583174
0.439471 0.780109 -0.522158
0.388557 0.825082 -0.458342
0.334409 0.864267 -0.392068
0.277480 0.897375 -0.323690
0.218245 0.924161 -0.253577
0.157197 0.944425 -0.182104
0.094843 0.958019 -0.109655
0.031702 0.964841 -0.036617
-0.031702 0.964841 0.036617
-0.094843 0.958019 0.109655
-0.157197 0.944425 0.182104
-0.218245 0.924161 0.253577
-0.277480 0.897375 0.323690
-0.334409 0.864267 0.392068
-0.388557 0.825082 0.458342
-0.439471 0.780109 0.522158
-0.486725 0.729680 0.583174
-0.529920 0.674170 0.641062
-0.568691 0.613987 0.695512
-0.602709 0.549576 0.746232
-0.631681 0.481413 0.792949
-0.655356 0.409999 0.835414
-0.673523 0.335861 0.873399
-0.686019 0.259545 0.906699
-0.692722 0.181611 0.935137
-0.693559 0.102631 0.958559
-0.688504 0.023185 0.976841
-0.677577 -0.056147 0.989883
-0.660847 -0.134784 0.997617
-0.638429 -0.212154 1.000000
-0.610483 -0.287694 0.997020
-0.577215 -0.360855 0.988693
-0.538874 -0.431109 0.975063
-0.495749 -0.497949 0.956204
-0.448171 -0.560897 0.932217
-0.396503 -0.619503 0.903230
-0.341147 -0.673350 0.869399
-0.282531 -0.722061 0.830905
-0.221114 -0.765295 0.787955
-0.157376 -0.802755 0.740780
-0.091818 -0.834188 0.689631
-0.024957 -0.859385 0.634783
0.042676 -0.878186 0.576531
0.110546 -0.890480 0.515187
0.178110 -0.896205 0.451080
0.244828 -0.895348 0.384554
0.310165 -0.887945 0.315966
0.373593 -0.874085 0.245683
0.434599 -0.853900 0.174082
0.492685 -0.827574 0.101547
0.547377 -0.795334 0.028468
0.598223 -0.757453 -0.044763
0.644800 -0.714244 -0.117755
0.686718 -0.666061 -0.190115
0.723621 -0.613293 -0.261455
0.755191 -0.556365 -0.331394
0.781151 -0.495729 -0.399555
0.801263 -0.431865 -0.465573
0.815339 -0.365276 -0.529094
0.823233 -0.296485 -0.589777
0.824848 -0.226028 -0.647298
0.820135 -0.154453 -0.701347
0.809094 -0.082313 -0.751634
0.791772 -0.010165 -0.797891
0.768267 0.061438 -0.839868
0.738725 0.131947 -0.877340
0.703336 0.200825 -0.910108
0.662340 0.267550 -0.937994
0.616016 0.331618 -0.960850
0.564689 0.392548 -0.978553
0.508722 0.449884 -0.991008
0.448515 0.503202 -0.998147
0.384500 0.552109 -0.999934
0.317142 0.596249 -0.996357
0.246932 0.635303 -0.987437
0.174385 0.668994 -0.973221
0.100035 0.697088 -0.953786
0.024431 0.719395 -0.929235
-0.051865 0.735773 -0.899701
-0.128286 0.746125 -0.865342
-0.204261 0.750403 -0.826341
-0.279220 0.748605 -0.782909
-0.352600 0.740779 -0.735278
-0.423849 0.727020 -0.683704
-0.492427 0.707469 -0.628462
-0.557815 0.682312 -0.569851
-0.619514 0.651780 -0.508183
-0.677055 0.616145 -0.443789
-0.729994 0.575719 -0.377016
-0.777925 0.530851 -0.308220
-0.820477 0.481923 -0.237771
-0.857316 0.429351 -0.166048
-0.888154 0.373576 -0.093433
-0.912744 0.315066 -0.020318
-0.930887 0.254308 0.052907
-0.942431 0.191805 0.125847
-0.947273 0.128074 0.198113
-0.945359 0.063641 0.269316
-0.936687 -0.000965 0.339075
-0.921305 -0.065213 0.407015
-0.899308 -0.128578 0.472773
-0.870845 -0.190541 0.535995
-0.836110 -0.250597 0.596342
-0.795346 -0.308257 0.653491
-0.748838 -0.363051 0.707135
-0.696917 -0.414534 0.756987
-0.639955 -0.462287 0.802779
-0.578358 -0.505922 0.844265
-0.512569 -0.545086 0.881224
-0.443065 -0.579462 0.913456
-0.370346 -0.608770 0.940790
-0.294938 -0.632773 0.963078
-0.217390 -0.651276 0.980200
-0.138262 -0.664131 0.992066
-0.058131 -0.671233 0.998611
0.022423 -0.672525 0.999801
0.102815 -0.667995 0.995628
0.182459 -0.657682 0.986116
0.260778 -0.641667 0.971315
0.337203 -0.620082 0.951304
0.411181 -0.593100 0.926192
0.482175 -0.560940 0.896112
0.549671 -0.523863 0.861227
0.613184 -0.482168 0.821722
0.672254 -0.436196 0.777811
0.726459 -0.386317 0.729728
0.775410 -0.332938 0.677731
0.818760 -0.276493 0.622100
0.856201 -0.217440 0.563132
0.887473 -0.156261 0.501144
0.912358 -0.093454 0.436468
0.930689 -0.029533 0.369452
0.942346 0.034979 0.300454
0.947259 0.099554 0.229844
0.945410 0.163662 0.158002
0.936828 0.226773 0.085313
0.921596 0.288368 0.012166
0.899843 0.347937 -0.061046
0.871749 0.404984 -0.133931
0.837537 0.459032 -0.206098
0.797481 0.509629 -0.277159
0.751892 0.556347 -0.346734
0.701125 0.598788 -0.414449
0.645573 0.636589 -0.479941
0.585661 0.669420 -0.542860
0.521849 0.696991 -0.602867
0.454623 0.719054 -0.659640
0.384493 0.735402 -0.712876
0.311991 0.745874 -0.762289
0.237663 0.750354 -0.807613
0.162069 0.748773 -0.848607
0.085775 0.741112 -0.885048
0.009353 0.727397 -0.916744
-0.066627 0.707704 -0.943522
-0.141602 0.682156 -0.965241
-0.215016 0.650921 -0.981782
-0.286327 0.614213 -0.993059
-0.355012 0.572293 -0.999009
-0.420568 0.525458 -0.999601
-0.482520 0.474050 -0.994833
-0.540419 0.418445 -0.984729
-0.593850 0.359054 -0.969343
-0.642435 0.296320 -0.948759
-0.685831 0.230712 -0.923087
-0.723739 0.162726 -0.892464
-0.755901 0.092875 -0.857055
-0.782104 0.021690 -0.817049
-0.802182 -0.050284 -0.772661
-0.816018 -0.122497 -0.724129
-0.823540 -0.194391 -0.671714
-0.824728 -0.265412 -0.615696
-0.819610 -0.335009 -0.556376
-0.808260 -0.402640 -0.494072
-0.790804 -0.467775 -0.429118
-0.767411 -0.529903 -0.361863
-0.738298 -0.588534 -0.292668
-0.703723 -0.643201 -0.221902
-0.663987 -0.693467 -0.149947
-0.619430 -0.738928 -0.077187
-0.570426 -0.779213 -0.004013
-0.517386 -0.813991 0.069182
-0.460748 -0.842970 0.142006
-0.400977 -0.865904 0.214069
-0.338525 -0.882584 0.285039
-0.273786 -0.892807 0.354688
-0.207162 -0.896339 0.422745
-0.139157 -0.892944 0.488775
-0.070359 -0.882442 0.552254
-0.001406 -0.864728 0.612636
0.067020 -0.839788 0.669364
0.134207 -0.807705 0.721883
0.199426 -0.768668 0.769651
0.261943 -0.722978 0.812153
0.321035 -0.671048 0.848912
0.376010 -0.613403 0.879506
0.426219 -0.550673 0.903574
0.471077 -0.483590 0.920835
0.510076 -0.412969 0.931090
0.542801 -0.339698 0.934236
0.568940 -0.264721 0.930268
0.588292 -0.189013 0.919280
0.600777 -0.113564 0.901470
0.606433 -0.039353 0.877136
0.605420 0.032673 0.846668
0.598010 0.101620 0.810541
0.584580 0.166667 0.769307
0.565603 0.227084 0.723579
0.541632 0.282247 0.674020
0.513281 0.331649 0.621326
0.481214 0.374906 0.566212
0.446119 0.411762 0.509395
0.408697 0.442089 0.451578
0.369639 0.465882 0.393441
0.329613 0.483252 0.335621
0.289249 0.494417 0.278706
0.249127 0.499687 0.223224
0.209766 0.499452 0.169639
0.171619 0.494168 0.118343
0.135068 0.484339 0.069655
0.100421 0.470503 0.023824
0.067916 0.453214 -0.018975
0.037721 0.433036 -0.058633
0.009936 0.410523 -0.095101
-0.015393 0.386211 -0.128388
-0.038277 0.360610 -0.158553
-0.058770 0.334198 -0.185694
-0.076962 0.307412 -0.209945
-0.092974 0.280647 -0.231465
-0.106947 0.254253 -0.250431
-0.119039 0.228536 -0.267033
-0.129414 0.203754 -0.281467
-0.138240 0.180125 -0.293927
-0.145681 0.157820 -0.304605
-0.151897 0.136973 -0.313682
-0.157037 0.117681 -0.321327
-0.161238 0.100005 -0.327697
-0.164625 0.083977 -0.332932
-0.167307 0.069600 -0.337156
-0.169381 0.056851 -0.340476
-0.170928 0.045687 -0.342985
-0.172015 0.036043 -0.344758
-0.172700 0.027839 -0.345859
-0.173056 0.020981 -0.346401
-0.172939 0.015361 -0.346061
-0.171653 0.010860 -0.343426
-0.168447 0.007367 -0.336979
-0.163102 0.004765 -0.326271
-0.155695 0.002918 -0.311447
-0.146325 0.001676 -0.292700
-0.135112 0.000892 -0.270269
-0.122199 0.000433 -0.244438
-0.107749 0.000187 -0.215533
-0.091944 0.000069 -0.183917
-0.074982 0.000021 -0.149989
-0.057078 0.000005 -0.114174
-0.038455 0.000001 -0.076923
-0.019349 0.000000 -0.038705
0.000000 0.000000 0.000000
##END
