##TITLE= dor_4
##JCAMP-DX= 5.00 Bruker JCAMP library
##DATA TYPE= Shape Data
##ORIGIN= Bruker Analytik GmbH
##OWNER= <nmrsu>
##DATE= 2023-02-28
##TIME= 12:03:21
##MINX= 0
##MAXX= 1
##MINY= 0
##MAXY= 1
##$SHAPE_EXMODE= Gradient
##$SHAPE_TOTROT= 0
##$SHAPE_BWFAC= 0
##$SHAPE_INTEGFAC= 0
##$SHAPE_MODE= 0
##EFFIFACTOR=0.00049968
##DURATION=0.01
##DIRECTIONVEC= 0 0 1
##NPOINTS=500
##XYDATA= (X Y Z)
0.000000 0.000000 0.000000
0.024179 0.000000 0.048366
0.048054 0.000001 0.096123
0.071324 0.000005 0.142672
0.093698 0.000022 0.187426
0.114893 0.000071 0.229823
0.134643 0.000192 0.269331
0.152700 0.000444 0.305451
0.168837 0.000915 0.337729
0.182849 0.001719 0.365760
0.194560 0.002993 0.389188
0.203818 0.004887 0.407717
0.210504 0.007555 0.421109
0.214525 0.011137 0.429186
0.216159 0.015754 0.432516
0.216350 0.021518 0.433005
0.215978 0.028553 0.432434
0.215236 0.036969 0.431222
0.214048 0.046864 0.429253
0.212364 0.058323 0.426478
0.210124 0.071414 0.422838
0.207257 0.086186 0.418261
0.203679 0.102667 0.412666
0.199293 0.120863 0.405956
0.193989 0.140753 0.398024
0.187645 0.162290 0.388748
0.180130 0.185393 0.377997
0.171301 0.209952 0.365631
0.161010 0.235820 0.351499
0.149104 0.262816 0.335450
0.135433 0.290721 0.317326
0.119849 0.319277 0.296977
0.102213 0.348190 0.274257
0.082403 0.377126 0.249033
0.060317 0.405720 0.221187
0.035880 0.433569 0.190626
0.009050 0.460246 0.157283
-0.020177 0.485296 0.121125
-0.051760 0.508249 0.082156
-0.085607 0.528625 0.040423
-0.121577 0.545941 -0.003981
-0.159468 0.559722 -0.050915
-0.199024 0.569514 -0.100185
-0.239932 0.574888 -0.151547
-0.281820 0.575458 -0.204708
-0.324268 0.570889 -0.259322
-0.366809 0.560905 -0.315003
-0.408935 0.545304 -0.371320
-0.450109 0.523962 -0.427812
-0.489775 0.496838 -0.483988
-0.527366 0.463986 -0.539341
-0.562322 0.425548 -0.593353
-0.594096 0.381761 -0.645507
-0.622172 0.332951 -0.695297
-0.646073 0.279530 -0.742235
-0.665375 0.221986 -0.785864
-0.679715 0.160877 -0.825764
-0.688801 0.096815 -0.861561
-0.692414 0.030459 -0.892933
-0.690419 -0.037502 -0.919617
-0.682761 -0.106364 -0.941411
-0.669465 -0.175421 -0.958175
-0.650638 -0.243979 -0.969836
-0.626459 -0.311370 -0.976380
-0.597173 -0.376963 -0.977858
-0.563087 -0.440176 -0.974376
-0.524558 -0.500482 -0.966091
-0.481980 -0.557418 -0.953208
-0.435779 -0.610590 -0.935969
-0.386399 -0.659672 -0.914647
-0.334291 -0.704413 -0.889542
-0.279905 -0.744627 -0.860966
-0.223679 -0.780197 -0.829242
-0.166031 -0.811068 -0.794691
-0.107305 -0.837261 -0.757573
-0.047717 -0.858857 -0.717997
0.012544 -0.875898 -0.675999
0.073197 -0.888347 -0.631679
0.133910 -0.896159 -0.585192
0.194354 -0.899312 -0.536695
0.254196 -0.897807 -0.486356
0.313108 -0.891673 -0.434348
0.370765 -0.880962 -0.380848
0.426849 -0.865748 -0.326041
0.481049 -0.846132 -0.270114
0.533063 -0.822236 -0.213261
0.582601 -0.794206 -0.155675
0.629383 -0.762208 -0.097555
0.673147 -0.726430 -0.039099
0.713644 -0.687080 0.019490
0.750642 -0.644383 0.078013
0.783927 -0.598582 0.136267
0.813305 -0.549937 0.194054
0.838602 -0.498720 0.251175
0.859665 -0.445219 0.307433
0.876365 -0.389731 0.362636
0.888594 -0.332566 0.416594
0.896267 -0.274038 0.469122
0.899326 -0.214471 0.520040
0.897734 -0.154192 0.569172
0.891480 -0.093532 0.616350
0.880579 -0.032822 0.661413
0.865069 0.027607 0.704204
0.845013 0.087426 0.744579
0.820498 0.146310 0.782397
0.791634 0.203941 0.817529
0.758557 0.260008 0.849854
0.721423 0.314210 0.879263
0.680410 0.366256 0.905652
0.635718 0.415867 0.928933
0.587565 0.462779 0.949024
0.536190 0.506743 0.965858
0.481847 0.547528 0.979376
0.424808 0.584918 0.989531
0.365359 0.618719 0.996290
0.303798 0.648756 0.999628
0.240437 0.674874 0.999535
0.175596 0.696942 0.996010
0.109604 0.714849 0.989066
0.042797 0.728510 0.978727
-0.024486 0.737862 0.965028
-0.091899 0.742865 0.948015
-0.159100 0.743505 0.927749
-0.225743 0.739791 0.904297
-0.291488 0.731756 0.877741
-0.355996 0.719458 0.848171
-0.418937 0.702976 0.815690
-0.479987 0.682416 0.780409
-0.538832 0.657902 0.742449
-0.595168 0.629583 0.701939
-0.648706 0.597628 0.659020
-0.699168 0.562225 0.613839
-0.746296 0.523584 0.566550
-0.789844 0.481928 0.517317
-0.829590 0.437501 0.466307
-0.865326 0.390560 0.413697
-0.896869 0.341376 0.359666
-0.924056 0.290233 0.304401
-0.946745 0.237425 0.248091
-0.964819 0.183255 0.190929
-0.978186 0.128035 0.133111
-0.986775 0.072081 0.074837
-0.990542 0.015714 0.016305
-0.989468 -0.040742 -0.042282
-0.983559 -0.096966 -0.100724
-0.972844 -0.152634 -0.158820
-0.957380 -0.207427 -0.216372
-0.937246 -0.261030 -0.273180
-0.912546 -0.313137 -0.329050
-0.883409 -0.363447 -0.383791
-0.849985 -0.411671 -0.437215
-0.812446 -0.457530 -0.489137
-0.770988 -0.500758 -0.539380
-0.725823 -0.541106 -0.587772
-0.677185 -0.578338 -0.634146
-0.625326 -0.612237 -0.678342
-0.570512 -0.642601 -0.720210
-0.513027 -0.669252 -0.759606
-0.453166 -0.692030 -0.796394
-0.391238 -0.710796 -0.830448
-0.327562 -0.725434 -0.861651
-0.262464 -0.735850 -0.889895
-0.196279 -0.741974 -0.915085
-0.129346 -0.743760 -0.937134
-0.062008 -0.741184 -0.955965
0.005390 -0.734249 -0.971515
0.072503 -0.722980 -0.983729
0.138991 -0.707427 -0.992566
0.204514 -0.687662 -0.997996
0.268738 -0.663783 -1.000000
0.331340 -0.635910 -0.998571
0.392002 -0.604184 -0.993713
0.450419 -0.568768 -0.985445
0.506296 -0.529847 -0.973793
0.559356 -0.487625 -0.958798
0.609332 -0.442323 -0.940512
0.655979 -0.394183 -0.918997
0.699065 -0.343459 -0.894327
0.738381 -0.290422 -0.866587
0.773737 -0.235356 -0.835872
0.804963 -0.178557 -0.802288
0.831913 -0.120331 -0.765949
0.854464 -0.060993 -0.726981
0.872513 -0.000864 -0.685517
0.885985 0.059731 -0.641699
0.894829 0.120459 -0.595679
0.899015 0.180991 -0.547614
0.898542 0.240995 -0.497669
0.893431 0.300141 -0.446015
0.883728 0.358105 -0.392831
0.869505 0.414565 -0.338297
0.850855 0.469209 -0.282602
0.827897 0.521733 -0.225938
0.800770 0.571844 -0.168497
0.769636 0.619261 -0.110478
0.734680 0.663716 -0.052080
0.696103 0.704958 0.006497
0.654128 0.742751 0.065052
0.608993 0.776877 0.123383
0.560955 0.807137 0.181291
0.510284 0.833353 0.238576
0.457264 0.855367 0.295043
0.402191 0.873045 0.350496
0.345370 0.886273 0.404747
0.287117 0.894962 0.457607
0.227752 0.899048 0.508897
0.167603 0.898489 0.558440
0.106999 0.893269 0.606066
0.046271 0.883396 0.651611
-0.014248 0.868903 0.694919
-0.074231 0.849848 0.735842
-0.133350 0.826313 0.774238
-0.191286 0.798403 0.809977
-0.247726 0.766248 0.842935
-0.302367 0.729999 0.872999
-0.354916 0.689829 0.900066
-0.405090 0.645935 0.924043
-0.452622 0.598529 0.944848
-0.497261 0.547847 0.962409
-0.538770 0.494140 0.976667
-0.576930 0.437674 0.987571
-0.611543 0.378734 0.995086
-0.642428 0.317615 0.999184
-0.669428 0.254626 0.999852
-0.692404 0.190085 0.997087
-0.711242 0.124319 0.990900
-0.725851 0.057664 0.981311
-0.736162 -0.009543 0.968353
-0.742132 -0.076957 0.952071
-0.743740 -0.144235 0.932520
-0.740989 -0.211031 0.909768
-0.733908 -0.277004 0.883893
-0.722549 -0.341816 0.854983
-0.706987 -0.405133 0.823138
-0.687321 -0.466629 0.788468
-0.663671 -0.525990 0.751091
-0.636182 -0.582907 0.711135
-0.605018 -0.637090 0.668738
-0.570363 -0.688257 0.624045
-0.532420 -0.736146 0.577210
-0.491413 -0.780508 0.528393
-0.447579 -0.821116 0.477762
-0.401172 -0.857758 0.425492
-0.352461 -0.890245 0.371760
-0.301727 -0.918411 0.316752
-0.249263 -0.942108 0.260657
-0.195368 -0.961215 0.203667
-0.140354 -0.975632 0.145978
-0.084535 -0.985285 0.087788
-0.028232 -0.990124 0.029296
0.028232 -0.990124 -0.029296
0.084535 -0.985285 -0.087788
0.140354 -0.975632 -0.145978
0.195368 -0.961215 -0.203667
0.249263 -0.942108 -0.260657
0.301727 -0.918411 -0.316752
0.352461 -0.890245 -0.371760
0.401172 -0.857758 -0.425492
0.447579 -0.821116 -0.477762
0.491413 -0.780508 -0.528393
0.532420 -0.736146 -0.577210
0.570363 -0.688257 -0.624045
0.605018 -0.637090 -0.668738
0.636182 -0.582907 -0.711135
0.663671 -0.525990 -0.751091
0.687321 -0.466629 -0.788468
0.706987 -0.405133 -0.823138
0.722549 -0.341816 -0.854983
0.733908 -0.277004 -0.883893
0.740989 -0.211031 -0.909768
0.743740 -0.144235 -0.932520
0.742132 -0.076957 -0.952071
0.736162 -0.009543 -0.968353
0.725851 0.057664 -0.981311
0.711242 0.124319 -0.990900
0.692404 0.190085 -0.997087
0.669428 0.254626 -0.999852
0.642428 0.317615 -0.999184
0.611543 0.378734 -0.995086
0.576930 0.437674 -0.987571
0.538770 0.494140 -0.976667
0.497261 0.547847 -0.962409
0.452622 0.598529 -0.944848
0.405090 0.645935 -0.924043
0.354916 0.689829 -0.900066
0.302367 0.729999 -0.872999
0.247726 0.766248 -0.842935
0.191286 0.798403 -0.809977
0.133350 0.826313 -0.774238
0.074231 0.849848 -0.735842
0.014248 0.868903 -0.694919
-0.046271 0.883396 -0.651611
-0.106999 0.893269 -0.606066
-0.167603 0.898489 -0.558440
-0.227752 0.899048 -0.508897
-0.287117 0.894962 -0.457607
-0.345370 0.886273 -0.404747
-0.402191 0.873045 -0.350496
-0.457264 0.855367 -0.295043
-0.510284 0.833353 -0.238576
-0.560955 0.807137 -0.181291
-0.608993 0.776877 -0.123383
-0.654128 0.742751 -0.065052
-0.696103 0.704958 -0.006497
-0.734680 0.663716 0.052080
-0.769636 0.619261 0.110478
-0.800770 0.571844 0.168497
-0.827897 0.521733 0.225938
-0.850855 0.469209 0.282602
-0.869505 0.414565 0.338297
-0.883728 0.358105 0.392831
-0.893431 0.300141 0.446015
-0.898542 0.240995 0.497669
-0.899015 0.180991 0.547614
-0.894829 0.120459 0.595679
-0.885985 0.059731 0.641699
-0.872513 -0.000864 0.685517
-0.854464 -0.060993 0.726981
-0.831913 -0.120331 0.765949
-0.804963 -0.178557 0.802288
-0.773737 -0.235356 0.835872
-0.738381 -0.290422 0.866587
-0.699065 -0.343459 0.894327
-0.655979 -0.394183 0.918997
-0.609332 -0.442323 0.940512
-0.559356 -0.487625 0.958798
-0.506296 -0.529847 0.973793
-0.450419 -0.568768 0.985445
-0.392002 -0.604184 0.993713
-0.331340 -0.635910 0.998571
-0.268738 -0.663783 1.000000
-0.204514 -0.687662 0.997996
-0.138991 -0.707427 0.992566
-0.072503 -0.722980 0.983729
-0.005390 -0.734249 0.971515
0.062008 -0.741184 0.955965
0.129346 -0.743760 0.937134
0.196279 -0.741974 0.915085
0.262464 -0.735850 0.889895
0.327562 -0.725434 0.861651
0.391238 -0.710796 0.830448
0.453166 -0.692030 0.796394
0.513027 -0.669252 0.759606
0.570512 -0.642601 0.720210
0.625326 -0.612237 0.678342
0.677185 -0.578338 0.634146
0.725823 -0.541106 0.587772
0.770988 -0.500758 0.539380
0.812446 -0.457530 0.489137
0.849985 -0.411671 0.437215
0.883409 -0.363447 0.383791
0.912546 -0.313137 0.329050
0.937246 -0.261030 0.273180
0.957380 -0.207427 0.216372
0.972844 -0.152634 0.158820
0.983559 -0.096966 0.100724
0.989468 -0.040742 0.042282
0.990542 0.015714 -0.016305
0.986775 0.072081 -0.074837
0.978186 0.128035 -0.133111
0.964819 0.183255 -0.190929
0.946745 0.237425 -0.248091
0.924056 0.290233 -0.304401
0.896869 0.341376 -0.359666
0.865326 0.390560 -0.413697
0.829590 0.437501 -0.466307
0.789844 0.481928 -0.517317
0.746296 0.523584 -0.566550
0.699168 0.562225 -0.613839
0.648706 0.597628 -0.659020
0.595168 0.629583 -0.701939
0.538832 0.657902 -0.742449
0.479987 0.682416 -0.780409
0.418937 0.702976 -0.815690
0.355996 0.719458 -0.848171
0.291488 0.731756 -0.877741
0.225743 0.739791 -0.904297
0.159100 0.743505 -0.927749
0.091899 0.742865 -0.948015
0.024486 0.737862 -0.965028
-0.042797 0.728510 -0.978727
-0.109604 0.714849 -0.989066
-0.175596 0.696942 -0.996010
-0.240437 0.674874 -0.999535
-0.303798 0.648756 -0.999628
-0.365359 0.618719 -0.996290
-0.424808 0.584918 -0.989531
-0.481847 0.547528 -0.979376
-0.536190 0.506743 -0.965858
-0.587565 0.462779 -0.949024
-0.635718 0.415867 -0.928933
-0.680410 0.366256 -0.905652
-0.721423 0.314210 -0.879263
-0.758557 0.260008 -0.849854
-0.791634 0.203941 -0.817529
-0.820498 0.146310 -0.782397
-0.845013 0.087426 -0.744579
-0.865069 0.027607 -0.704204
-0.880579 -0.032822 -0.661413
-0.891480 -0.093532 -0.616350
-0.897734 -0.154192 -0.569172
-0.899326 -0.214471 -0.520040
-0.896267 -0.274038 -0.469122
-0.888594 -0.332566 -0.416594
-0.876365 -0.389731 -0.362636
-0.859665 -0.445219 -0.307433
-0.838602 -0.498720 -0.251175
-0.813305 -0.549937 -0.194054
-0.783927 -0.598582 -0.136267
-0.750642 -0.644383 -0.078013
-0.713644 -0.687080 -0.019490
-0.673147 -0.726430 0.039099
-0.629383 -0.762208 0.097555
-0.582601 -0.794206 0.155675
-0.533063 -0.822236 0.213261
-0.481049 -0.846132 0.270114
-0.426849 -0.865748 0.326041
-0.370765 -0.880962 0.380848
-0.313108 -0.891673 0.434348
-0.254196 -0.897807 0.486356
-0.194354 -0.899312 0.536695
-0.133910 -0.896159 0.585192
-0.073197 -0.888347 0.631679
-0.012544 -0.875898 0.675999
0.047717 -0.858857 0.717997
0.107305 -0.837261 0.757573
0.166031 -0.811068 0.794691
0.223679 -0.780197 0.829242
0.279905 -0.744627 0.860966
0.334291 -0.704413 0.889542
0.386399 -0.659672 0.914647
0.435779 -0.610590 0.935969
0.481980 -0.557418 0.953208
0.524558 -0.500482 0.966091
0.563087 -0.440176 0.974376
0.597173 -0.376963 0.977858
0.626459 -0.311370 0.976380
0.650638 -0.243979 0.969836
0.669465 -0.175421 0.958175
0.682761 -0.106364 0.941411
0.690419 -0.037502 0.919617
0.692414 0.030459 0.892933
0.688801 0.096815 0.861561
0.679715 0.160877 0.825764
0.665375 0.221986 0.785864
0.646073 0.279530 0.742235
0.622172 0.332951 0.695297
0.594096 0.381761 0.645507
0.562322 0.425548 0.593353
0.527366 0.463986 0.539341
0.489775 0.496838 0.483988
0.450109 0.523962 0.427812
0.408935 0.545304 0.371320
0.366809 0.560905 0.315003
0.324268 0.570889 0.259322
0.281820 0.575458 0.204708
0.239932 0.574888 0.151547
0.199024 0.569514 0.100185
0.159468 0.559722 0.050915
0.121577 0.545941 0.003981
0.085607 0.528625 -0.040423
0.051760 0.508249 -0.082156
0.020177 0.485296 -0.121125
-0.009050 0.460246 -0.157283
-0.035880 0.433569 -0.190626
-0.060317 0.405720 -0.221187
-0.082403 0.377126 -0.249033
-0.102213 0.348190 -0.274257
-0.119849 0.319277 -0.296977
-0.135433 0.290721 -0.317326
-0.149104 0.262816 -0.335450
-0.161010 0.235820 -0.351499
-0.171301 0.209952 -0.365631
-0.180130 0.185393 -0.377997
-0.187645 0.162290 -0.388748
-0.193989 0.140753 -0.398024
-0.199293 0.120863 -0.405956
-0.203679 0.102667 -0.412666
-0.207257 0.086186 -0.418261
-0.210124 0.071414 -0.422838
-0.212364 0.058323 -0.426478
-0.214048 0.046864 -0.429253
-0.215236 0.036969 -0.431222
-0.215978 0.028553 -0.432434
-0.216350 0.021518 -0.433005
-0.216159 0.015754 -0.432516
-0.214525 0.011137 -0.429186
-0.210504 0.007555 -0.421109
-0.203818 0.004887 -0.407717
-0.194560 0.002993 -0.389188
-0.182849 0.001719 -0.365760
-0.168837 0.000915 -0.337729
-0.152700 0.000444 -0.305451
-0.134643 0.000192 -0.269331
-0.114893 0.000071 -0.229823
-0.093698 0.000022 -0.187426
-0.071324 0.000005 -0.142672
-0.048054 0.000001 -0.096123
-0.024179 0.000000 -0.048366
0.000000 0.000000 0.000000
##END
