##TITLE= dor_2
##JCAMP-DX= 5.00 Bruker JCAMP library
##DATA TYPE= Shape Data
##ORIGIN= Bruker Analytik GmbH
##OWNER= <nmrsu>
##DATE= 2023-02-28
##TIME= 12:03:16
##MINX= 0
##MAXX= 1
##MINY= 0
##MAXY= 1
##$SHAPE_EXMODE= Gradient
##$SHAPE_TOTROT= 0
##$SHAPE_BWFAC= 0
##$SHAPE_INTEGFAC= 0
##$SHAPE_MODE= 0
##EFFIFACTOR=0.0016051
##DURATION=0.01
##DIRECTIONVEC= 0 0 1
##NPOINTS=500
##XYDATA= (X Y Z)
0.000000 0.000000 0.000000
0.043322 0.000000 0.086658
0.086099 0.000001 0.172225
0.127793 0.000005 0.255628
0.167880 0.000022 0.335815
0.205856 0.000072 0.411779
0.241243 0.000193 0.482565
0.273597 0.000448 0.547282
0.302509 0.000923 0.605117
0.327617 0.001734 0.655342
0.348603 0.003019 0.697324
0.365201 0.004930 0.730535
0.377201 0.007622 0.754554
0.384444 0.011236 0.769076
0.387442 0.015893 0.775133
0.387907 0.021710 0.776164
0.387438 0.028809 0.775393
0.386419 0.037303 0.773614
0.384755 0.047293 0.770676
0.382415 0.058867 0.766563
0.379360 0.072097 0.761256
0.375546 0.087038 0.754734
0.370917 0.103727 0.746972
0.365414 0.122183 0.737942
0.358966 0.142400 0.727613
0.351496 0.164352 0.715949
0.342918 0.187987 0.702911
0.333142 0.213230 0.688458
0.322069 0.239980 0.672547
0.309601 0.268109 0.655134
0.295635 0.297466 0.636173
0.280071 0.327872 0.615623
0.262810 0.359126 0.593442
0.243762 0.391001 0.569596
0.222844 0.423250 0.544056
0.199988 0.455604 0.516802
0.175140 0.487778 0.487822
0.148264 0.519472 0.457118
0.119350 0.550374 0.424704
0.088406 0.580166 0.390610
0.055473 0.608525 0.354881
0.020615 0.635129 0.317582
-0.016070 0.659664 0.278791
-0.054456 0.681826 0.238609
-0.094387 0.701325 0.197152
-0.135678 0.717895 0.154555
-0.178113 0.731292 0.110969
-0.221455 0.741306 0.066561
-0.265443 0.747756 0.021512
-0.309796 0.750504 -0.023985
-0.354220 0.749447 -0.069730
-0.398412 0.744527 -0.115513
-0.442062 0.735730 -0.161122
-0.484863 0.723084 -0.206344
-0.526513 0.706663 -0.250966
-0.566721 0.686580 -0.294782
-0.605212 0.662991 -0.337595
-0.641732 0.636087 -0.379217
-0.676053 0.606091 -0.419474
-0.707974 0.573258 -0.458210
-0.737328 0.537865 -0.495286
-0.763978 0.500207 -0.530582
-0.787827 0.460593 -0.564002
-0.808811 0.419341 -0.595471
-0.826901 0.376768 -0.624939
-0.842106 0.333192 -0.652377
-0.854466 0.288918 -0.677783
-0.864052 0.244242 -0.701176
-0.870965 0.199440 -0.722598
-0.875332 0.154768 -0.742112
-0.877299 0.110457 -0.759804
-0.877032 0.066710 -0.775775
-0.874710 0.023704 -0.790146
-0.870523 -0.018419 -0.803053
-0.864625 -0.059651 -0.814693
-0.857056 -0.100223 -0.825347
-0.847780 -0.140377 -0.835229
-0.836787 -0.180144 -0.844393
-0.824097 -0.219448 -0.852833
-0.809732 -0.258215 -0.860541
-0.793719 -0.296370 -0.867510
-0.776087 -0.333841 -0.873734
-0.756869 -0.370557 -0.879208
-0.736099 -0.406449 -0.883927
-0.713817 -0.441449 -0.887888
-0.690064 -0.475490 -0.891086
-0.664884 -0.508507 -0.893520
-0.638324 -0.540440 -0.895186
-0.610434 -0.571226 -0.896084
-0.581267 -0.600809 -0.896213
-0.550877 -0.629132 -0.895572
-0.519321 -0.656143 -0.894163
-0.486660 -0.681791 -0.891986
-0.452955 -0.706027 -0.889044
-0.418269 -0.728806 -0.885338
-0.382668 -0.750087 -0.880872
-0.346220 -0.769829 -0.875650
-0.308994 -0.787995 -0.869676
-0.271060 -0.804554 -0.862956
-0.232490 -0.819473 -0.855495
-0.193358 -0.832726 -0.847300
-0.153737 -0.844290 -0.838377
-0.113704 -0.854142 -0.828735
-0.073334 -0.862267 -0.818381
-0.032705 -0.868650 -0.807325
0.008107 -0.873280 -0.795575
0.049024 -0.876151 -0.783143
0.089967 -0.877258 -0.770039
0.130859 -0.876602 -0.756273
0.171622 -0.874184 -0.741858
0.212177 -0.870013 -0.726807
0.252449 -0.864097 -0.711131
0.292359 -0.856449 -0.694845
0.331831 -0.847088 -0.677963
0.370791 -0.836032 -0.660498
0.409163 -0.823304 -0.642467
0.446876 -0.808932 -0.623884
0.483855 -0.792945 -0.604766
0.520031 -0.775375 -0.585128
0.555335 -0.756258 -0.564988
0.589700 -0.735635 -0.544363
0.623058 -0.713545 -0.523271
0.655348 -0.690034 -0.501730
0.686506 -0.665149 -0.479757
0.716474 -0.638940 -0.457374
0.745194 -0.611460 -0.434597
0.772611 -0.582764 -0.411447
0.798673 -0.552909 -0.387945
0.823329 -0.521955 -0.364109
0.846534 -0.489963 -0.339960
0.868241 -0.456999 -0.315520
0.888410 -0.423126 -0.290809
0.907003 -0.388413 -0.265848
0.923983 -0.352929 -0.240659
0.939318 -0.316744 -0.215264
0.952978 -0.279931 -0.189684
0.964938 -0.242561 -0.163940
0.975175 -0.204711 -0.138056
0.983669 -0.166454 -0.112054
0.990404 -0.127867 -0.085956
0.995366 -0.089026 -0.059783
0.998547 -0.050008 -0.033560
0.999941 -0.010892 -0.007307
0.999544 0.028247 0.018952
0.997357 0.067329 0.045194
0.993385 0.106278 0.071398
0.987635 0.145015 0.097540
0.980118 0.183465 0.123599
0.970849 0.221551 0.149552
0.959846 0.259198 0.175376
0.947128 0.296330 0.201049
0.932722 0.332873 0.226550
0.916653 0.368756 0.251857
0.898954 0.403907 0.276947
0.879658 0.438256 0.301800
0.858802 0.471734 0.326394
0.836425 0.504275 0.350707
0.812571 0.535814 0.374719
0.787285 0.566288 0.398410
0.760616 0.595636 0.421759
0.732615 0.623800 0.444745
0.703334 0.650723 0.467350
0.672831 0.676351 0.489554
0.641164 0.700633 0.511337
0.608392 0.723519 0.532682
0.574580 0.744964 0.553569
0.539791 0.764925 0.573981
0.504091 0.783360 0.593900
0.467550 0.800232 0.613309
0.430237 0.815507 0.632192
0.392223 0.829153 0.650533
0.353581 0.841143 0.668314
0.314385 0.851450 0.685523
0.274709 0.860053 0.702142
0.234629 0.866935 0.718159
0.194222 0.872079 0.733560
0.153565 0.875473 0.748330
0.112735 0.877110 0.762459
0.071811 0.876985 0.775933
0.030870 0.875095 0.788740
-0.010010 0.871444 0.800871
-0.050750 0.866035 0.812314
-0.091274 0.858878 0.823060
-0.131504 0.849985 0.833099
-0.171364 0.839372 0.842424
-0.210777 0.827056 0.851025
-0.249669 0.813061 0.858895
-0.287966 0.797411 0.866028
-0.325595 0.780135 0.872418
-0.362485 0.761266 0.878059
-0.398565 0.740837 0.882946
-0.433769 0.718886 0.887075
-0.468028 0.695455 0.890443
-0.501278 0.670588 0.893046
-0.533456 0.644330 0.894883
-0.564501 0.616730 0.895951
-0.594356 0.587842 0.896251
-0.622963 0.557718 0.895781
-0.650270 0.526416 0.894542
-0.676224 0.493995 0.892535
-0.700777 0.460516 0.889762
-0.723883 0.426042 0.886225
-0.745499 0.390638 0.881928
-0.765586 0.354372 0.876873
-0.784105 0.317312 0.871066
-0.801022 0.279529 0.864510
-0.816308 0.241094 0.857213
-0.829933 0.202080 0.849180
-0.841873 0.162561 0.840418
-0.852106 0.122613 0.830935
-0.860615 0.082311 0.820738
-0.867386 0.041733 0.809837
-0.872405 0.000954 0.798240
-0.875667 -0.039946 0.785958
-0.877165 -0.080890 0.773002
-0.876899 -0.121800 0.759382
-0.874872 -0.162598 0.745110
-0.871089 -0.203206 0.730199
-0.865558 -0.243547 0.714660
-0.858294 -0.283544 0.698508
-0.849311 -0.323120 0.681757
-0.838628 -0.362200 0.664420
-0.826269 -0.400709 0.646513
-0.812259 -0.438574 0.628051
-0.796627 -0.475722 0.609050
-0.779405 -0.512082 0.589526
-0.760629 -0.547586 0.569496
-0.740336 -0.582164 0.548978
-0.718567 -0.615751 0.527987
-0.695367 -0.648283 0.506544
-0.670783 -0.679698 0.484666
-0.644863 -0.709935 0.462372
-0.617660 -0.738936 0.439680
-0.589229 -0.766647 0.416612
-0.559626 -0.793013 0.393186
-0.528910 -0.817986 0.369422
-0.497144 -0.841516 0.345341
-0.464389 -0.863559 0.320964
-0.430712 -0.884073 0.296311
-0.396180 -0.903018 0.271404
-0.360860 -0.920358 0.246263
-0.324825 -0.936061 0.220912
-0.288144 -0.950095 0.195371
-0.250892 -0.962434 0.169662
-0.213141 -0.973055 0.143807
-0.174968 -0.981937 0.117829
-0.136448 -0.989063 0.091750
-0.097656 -0.994419 0.065592
-0.058671 -0.997996 0.039378
-0.019570 -0.999786 0.013130
0.019570 -0.999786 -0.013130
0.058671 -0.997996 -0.039378
0.097656 -0.994419 -0.065592
0.136448 -0.989063 -0.091750
0.174968 -0.981937 -0.117829
0.213141 -0.973055 -0.143807
0.250892 -0.962434 -0.169662
0.288144 -0.950095 -0.195371
0.324825 -0.936061 -0.220912
0.360860 -0.920358 -0.246263
0.396180 -0.903018 -0.271404
0.430712 -0.884073 -0.296311
0.464389 -0.863559 -0.320964
0.497144 -0.841516 -0.345341
0.528910 -0.817986 -0.369422
0.559626 -0.793013 -0.393186
0.589229 -0.766647 -0.416612
0.617660 -0.738936 -0.439680
0.644863 -0.709935 -0.462372
0.670783 -0.679698 -0.484666
0.695367 -0.648283 -0.506544
0.718567 -0.615751 -0.527987
0.740336 -0.582164 -0.548978
0.760629 -0.547586 -0.569496
0.779405 -0.512082 -0.589526
0.796627 -0.475722 -0.609050
0.812259 -0.438574 -0.628051
0.826269 -0.400709 -0.646513
0.838628 -0.362200 -0.664420
0.849311 -0.323120 -0.681757
0.858294 -0.283544 -0.698508
0.865558 -0.243547 -0.714660
0.871089 -0.203206 -0.730199
0.874872 -0.162598 -0.745110
0.876899 -0.121800 -0.759382
0.877165 -0.080890 -0.773002
0.875667 -0.039946 -0.785958
0.872405 0.000954 -0.798240
0.867386 0.041733 -0.809837
0.860615 0.082311 -0.820738
0.852106 0.122613 -0.830935
0.841873 0.162561 -0.840418
0.829933 0.202080 -0.849180
0.816308 0.241094 -0.857213
0.801022 0.279529 -0.864510
0.784105 0.317312 -0.871066
0.765586 0.354372 -0.876873
0.745499 0.390638 -0.881928
0.723883 0.426042 -0.886225
0.700777 0.460516 -0.889762
0.676224 0.493995 -0.892535
0.650270 0.526416 -0.894542
0.622963 0.557718 -0.895781
0.594356 0.587842 -0.896251
0.564501 0.616730 -0.895951
0.533456 0.644330 -0.894883
0.501278 0.670588 -0.893046
0.468028 0.695455 -0.890443
0.433769 0.718886 -0.887075
0.398565 0.740837 -0.882946
0.362485 0.761266 -0.878059
0.325595 0.780135 -0.872418
0.287966 0.797411 -0.866028
0.249669 0.813061 -0.858895
0.210777 0.827056 -0.851025
0.171364 0.839372 -0.842424
0.131504 0.849985 -0.833099
0.091274 0.858878 -0.823060
0.050750 0.866035 -0.812314
0.010010 0.871444 -0.800871
-0.030870 0.875095 -0.788740
-0.071811 0.876985 -0.775933
-0.112735 0.877110 -0.762459
-0.153565 0.875473 -0.748330
-0.194222 0.872079 -0.733560
-0.234629 0.866935 -0.718159
-0.274709 0.860053 -0.702142
-0.314385 0.851450 -0.685523
-0.353581 0.841143 -0.668314
-0.392223 0.829153 -0.650533
-0.430237 0.815507 -0.632192
-0.467550 0.800232 -0.613309
-0.504091 0.783360 -0.593900
-0.539791 0.764925 -0.573981
-0.574580 0.744964 -0.553569
-0.608392 0.723519 -0.532682
-0.641164 0.700633 -0.511337
-0.672831 0.676351 -0.489554
-0.703334 0.650723 -0.467350
-0.732615 0.623800 -0.444745
-0.760616 0.595636 -0.421759
-0.787285 0.566288 -0.398410
-0.812571 0.535814 -0.374719
-0.836425 0.504275 -0.350707
-0.858802 0.471734 -0.326394
-0.879658 0.438256 -0.301800
-0.898954 0.403907 -0.276947
-0.916653 0.368756 -0.251857
-0.932722 0.332873 -0.226550
-0.947128 0.296330 -0.201049
-0.959846 0.259198 -0.175376
-0.970849 0.221551 -0.149552
-0.980118 0.183465 -0.123599
-0.987635 0.145015 -0.097540
-0.993385 0.106278 -0.071398
-0.997357 0.067329 -0.045194
-0.999544 0.028247 -0.018952
-0.999941 -0.010892 0.007307
-0.998547 -0.050008 0.033560
-0.995366 -0.089026 0.059783
-0.990404 -0.127867 0.085956
-0.983669 -0.166454 0.112054
-0.975175 -0.204711 0.138056
-0.964938 -0.242561 0.163940
-0.952978 -0.279931 0.189684
-0.939318 -0.316744 0.215264
-0.923983 -0.352929 0.240659
-0.907003 -0.388413 0.265848
-0.888410 -0.423126 0.290809
-0.868241 -0.456999 0.315520
-0.846534 -0.489963 0.339960
-0.823329 -0.521955 0.364109
-0.798673 -0.552909 0.387945
-0.772611 -0.582764 0.411447
-0.745194 -0.611460 0.434597
-0.716474 -0.638940 0.457374
-0.686506 -0.665149 0.479757
-0.655348 -0.690034 0.501730
-0.623058 -0.713545 0.523271
-0.589700 -0.735635 0.544363
-0.555335 -0.756258 0.564988
-0.520031 -0.775375 0.585128
-0.483855 -0.792945 0.604766
-0.446876 -0.808932 0.623884
-0.409163 -0.823304 0.642467
-0.370791 -0.836032 0.660498
-0.331831 -0.847088 0.677963
-0.292359 -0.856449 0.694845
-0.252449 -0.864097 0.711131
-0.212177 -0.870013 0.726807
-0.171622 -0.874184 0.741858
-0.130859 -0.876602 0.756273
-0.089967 -0.877258 0.770039
-0.049024 -0.876151 0.783143
-0.008107 -0.873280 0.795575
0.032705 -0.868650 0.807325
0.073334 -0.862267 0.818381
0.113704 -0.854142 0.828735
0.153737 -0.844290 0.838377
0.193358 -0.832726 0.847300
0.232490 -0.819473 0.855495
0.271060 -0.804554 0.862956
0.308994 -0.787995 0.869676
0.346220 -0.769829 0.875650
0.382668 -0.750087 0.880872
0.418269 -0.728806 0.885338
0.452955 -0.706027 0.889044
0.486660 -0.681791 0.891986
0.519321 -0.656143 0.894163
0.550877 -0.629132 0.895572
0.581267 -0.600809 0.896213
0.610434 -0.571226 0.896084
0.638324 -0.540440 0.895186
0.664884 -0.508507 0.893520
0.690064 -0.475490 0.891086
0.713817 -0.441449 0.887888
0.736099 -0.406449 0.883927
0.756869 -0.370557 0.879208
0.776087 -0.333841 0.873734
0.793719 -0.296370 0.867510
0.809732 -0.258215 0.860541
0.824097 -0.219448 0.852833
0.836787 -0.180144 0.844393
0.847780 -0.140377 0.835229
0.857056 -0.100223 0.825347
0.864625 -0.059651 0.814693
0.870523 -0.018419 0.803053
0.874710 0.023704 0.790146
0.877032 0.066710 0.775775
0.877299 0.110457 0.759804
0.875332 0.154768 0.742112
0.870965 0.199440 0.722598
0.864052 0.244242 0.701176
0.854466 0.288918 0.677783
0.842106 0.333192 0.652377
0.826901 0.376768 0.624939
0.808811 0.419341 0.595471
0.787827 0.460593 0.564002
0.763978 0.500207 0.530582
0.737328 0.537865 0.495286
0.707974 0.573258 0.458210
0.676053 0.606091 0.419474
0.641732 0.636087 0.379217
0.605212 0.662991 0.337595
0.566721 0.686580 0.294782
0.526513 0.706663 0.250966
0.484863 0.723084 0.206344
0.442062 0.735730 0.161122
0.398412 0.744527 0.115513
0.354220 0.749447 0.069730
0.309796 0.750504 0.023985
0.265443 0.747756 -0.021512
0.221455 0.741306 -0.066561
0.178113 0.731292 -0.110969
0.135678 0.717895 -0.154555
0.094387 0.701325 -0.197152
0.054456 0.681826 -0.238609
0.016070 0.659664 -0.278791
-0.020615 0.635129 -0.317582
-0.055473 0.608525 -0.354881
-0.088406 0.580166 -0.390610
-0.119350 0.550374 -0.424704
-0.148264 0.519472 -0.457118
-0.175140 0.487778 -0.487822
-0.199988 0.455604 -0.516802
-0.222844 0.423250 -0.544056
-0.243762 0.391001 -0.569596
-0.262810 0.359126 -0.593442
-0.280071 0.327872 -0.615623
-0.295635 0.297466 -0.636173
-0.309601 0.268109 -0.655134
-0.322069 0.239980 -0.672547
-0.333142 0.213230 -0.688458
-0.342918 0.187987 -0.702911
-0.351496 0.164352 -0.715949
-0.358966 0.142400 -0.727613
-0.365414 0.122183 -0.737942
-0.370917 0.103727 -0.746972
-0.375546 0.087038 -0.754734
-0.379360 0.072097 -0.761256
-0.382415 0.058867 -0.766563
-0.384755 0.047293 -0.770676
-0.386419 0.037303 -0.773614
-0.387438 0.028809 -0.775393
-0.387907 0.021710 -0.776164
-0.387442 0.015893 -0.775133
-0.384444 0.011236 -0.769076
-0.377201 0.007622 -0.754554
-0.365201 0.004930 -0.730535
-0.348603 0.003019 -0.697324
-0.327617 0.001734 -0.655342
-0.302509 0.000923 -0.605117
-0.273597 0.000448 -0.547282
-0.241243 0.000193 -0.482565
-0.205856 0.000072 -0.411779
-0.167880 0.000022 -0.335815
-0.127793 0.000005 -0.255628
-0.086099 0.000001 -0.172225
-0.043322 0.000000 -0.086658
0.000000 0.000000 0.000000
##END
